00000001B97A,10.9172638436,1477912011
00000001E890,17.2285714286,1477912558
00000001900D,15.661682243,1477912377
00000001B9D1,19.4860465116,1477912216
00000001662A,19.1262569832,1477912458
000000015568,20.6240963855,1477912001
000000015599,20.4365853659,1477912273
000000015590,20.0210526316,1477912281
00000001E87E,17.83125,1477912597
0000000136FF,14.7647577093,1477912183
00000001BA40,17.2762886598,1477912499
00000002A465,12.4398576512,1477912374
00000002A464,14.7137614679,1477912040
00000001E85F,18.4153846154,1477912150
000000013689,19.3127071823,1477912468
00000002BC9C,10.9579937304,1477912125
00000001E8AD,19.5284916201,1477912690
00000001F713,16.5920792079,1477911997
00000001CFFF,16.4294117647,1477912331
