00000002A03C,12.994795539,1477871112
000000014256,19.5284916201,1477870818
0000000142D8,20.9317365269,1477871444
0000000142BB,13.1617021277,1477871459
000000015D5F,21.1333333333,1477870965
0000000124A5,16.380861244,1477871217
00000002BE57,15.6753363229,1477871412
000000018403,19.7491525424,1477871296
00000001EF94,17.6545454545,1477871192
0000000142D6,18.4064516129,1477871427
0000000142D5,19.2065934066,1477871462
000000029AA0,15.85,1477871510
000000014261,19.675862069,1477870869
000000014298,18.4064516129,1477871106
000000012458,18.6065217391,1477871165
000000012480,20.5005988024,1477871052
000000014116,20.5005988024,1477871064
000000019692,13.4923076923,1477871092
00000001844A,19.9046511628,1477871526
