12.5528089888|9|21.851|71.544|000000012632|34
16.3345794393|5|18.356|4.884|0000000126CB|34
17.2762886598|6|18.746|24.789|000000014477|34
19.675862069|5|19.803|0.342|0000000144D4|34
20.5005988024|5|27.052|147.748|0000000144E0|34
19.9046511628|3|21.609|5.812|0000000144EB|34
19.3423728814|4|20.408|6.182|0000000144FA|34
21.7118012422|8|25.865|26.970|000000015EA0|34
19.1262569832|6|19.976|17.745|00000001AD76|34
19.2620689655|7|20.522|3.306|00000001DAE1|34
20.0896551724|6|22.044|31.433|00000001F09F|34
15.4914027149|3|14.326|2.715|00000002A0FC|34
13.5488372093|4|12.309|1.583|00000002A10A|34
13.6243902439|4|13.918|1.069|00000002B1EE|34
16.4596153846|6|17.059|5.005|00000002C32C|34
