000000010646,23.85,1477869707
00000000446A,22.6318471338,1477869913
00000000131D,19.702173913,1477870277
00000001C081,30.9846153846,1477869984
000000000A3E,28.1023255814,1477870382
000000000A3F,23.4219512195,1477870401
000000000A3A,23.0904458599,1477870359
000000001311,19.5230769231,1477870199
000000000A3C,36.2470588235,1477870360
000000003170,17.3454545455,1477870383
000000003172,21.7146496815,1477870323
000000000A24,23.5014084507,1477870068
000000000A23,16.6293577982,1477870084
0000000066AE,23.0904458599,1477870359
000000000A0D,21.7077844311,1477869698
00000000669D,20.9262032086,1477870272
000000017273,21.076744186,1477870404
00000000448B,29.1,1477870007
0000000086FD,28.1023255814,1477869841
000000015CFA,26.4613138686,1477870141
00000000218D,19.702173913,1477869926
00000000CF8B,27.0507042254,1477869966
000000027A44,12.9272727273,1477869967
000000000A1B,21.4953488372,1477869903
0000000261D6,13.5268656716,1477869607
000000003115,27.4636363636,1477869791
000000003114,23.85,1477869732
0000000086F0,23.85,1477869753
000000000A08,21.076744186,1477869608
00000000CFE5,29.1118110236,1477870065
000000006623,22.3471698113,1477869644
000000003123,26.4613138686,1477869605
000000003124,16.5534246575,1477869645
000000000A0B,22.3471698113,1477869649
000000008736,26.6558823529,1477870234
00000000A410,23.85,1477869724
000000001C07,32.3678571429,1477870268
00000000662C,21.9333333333,1477869797
000000000A30,17.9465346535,1477870223
00000000314E,22.5167701863,1477870045
000000003142,26.4613138686,1477869914
0000000012F8,24.6113207547,1477869629
00000000444B,20.9262032086,1477869832
000000014183,29.7147540984,1477869737
0000000123F9,30.3692307692,1477870143
000000006665,26.4613138686,1477869921
000000003158,21.7077844311,1477870137
000000003157,23.2528301887,1477870134
000000003156,26.0366197183,1477870105
00000000443E,29.1245901639,1477869623
000000014197,27.0537313433,1477869808
