000000012B6C,26.0805755396,1477882718
00000002A61A,12.1651006711,1477882098
000000004D04,24.3591240876,1477882137
00000000155A,24.6612244898,1477882336
00000000354D,25.5295774648,1477882315
000000008EAD,25.5295774648,1477882588
000000000C53,28.0090909091,1477882357
000000000C54,17.3454545455,1477882398
000000000C56,30.9774193548,1477882414
00000000353F,22.4896551724,1477881950
00000001B09D,19.8502793296,1477882140
000000000C4B,25.7447368421,1477881958
000000000C4F,31.068907563,1477882137
000000008EB3,26.4613138686,1477882622
000000008E8B,37.3731958763,1477882079
000000000C57,18.302970297,1477882455
000000012B1F,26.4613138686,1477882552
000000010DF6,17.8608695652,1477882367
00000001C678,24.6612244898,1477882055
000000010DB0,29.1118110236,1477882525
000000010D66,24.1714285714,1477881904
000000012B5E,25.7447368421,1477882571
00000000252B,22.5167701863,1477882066
00000001490B,32.3678571429,1477882649
000000004D0B,26.0366197183,1477882296
000000003540,26.5985611511,1477882034
000000001556,28.5230769231,1477881907
000000006E10,27.4636363636,1477882001
000000002533,31.1684210526,1477882189
000000003546,24.6612244898,1477882503
