00000000EE86,31.861682243,1477877130
000000006B27,22.3471698113,1477877412
000000004A2C,27.9779527559,1477877016
0000000014A4,25.9357664234,1477877071
000000006B97,23.0904458599,1477877195
000000019A3B,23.85,1477876900
000000006B9F,21.4953488372,1477877225
000000004A23,27.4636363636,1477876946
000000004A20,24.8846715328,1477876987
0000000014AD,27.4636363636,1477877122
00000000A636,23.0904458599,1477876896
000000004A12,24.3236842105,1477876957
000000010B37,19.7467455621,1477877139
000000003430,27.0537313433,1477877534
000000008C51,20.4813559322,1477877555
000000003415,26.4613138686,1477877260
000000014650,22.0695652174,1477877068
0000000014B6,21.5785714286,1477877282
000000017510,19.3722772277,1477877371
000000010B53,25.5295774648,1477877611
000000004A77,25.0225352113,1477877373
000000014645,20.1036144578,1477876917
000000026E57,10.4074468085,1477877180
00000000340B,18.9,1477877146
0000000128A7,22.7020408163,1477877501
00000000496C,22.8842105263,1477877092
0000000033F4,32.0754098361,1477877354
0000000033F0,25.175,1477876827
000000003402,28.5448818898,1477877081
000000003407,24.9248407643,1477877108
000000004A7F,22.0071428571,1477877459
000000004A7A,26.0805755396,1477877361
000000006B71,16.1839285714,1477877009
000000000BCD,18.88125,1477877470
000000006BD2,30.0272727273,1477877407
000000006BD6,22.3777777778,1477877518
000000004A54,29.235483871,1477877156
000000000BB9,23.5402597403,1477876955
000000010B6E,23.3763157895,1477877381
000000000BBC,15.6528634361,1477877033
000000006BE7,27.1236641221,1477877612
000000008C1D,28.1023255814,1477877192
000000000BC5,11.4359621451,1477877289
000000004A5E,28.5448818898,1477877270
0000000014AC,22.8,1477877123
000000010B7F,25.5295774648,1477877443
