0000000073E2,25.5295774648,1477898488
0000000093D5,25.1510204082,1477898147
000000005347,16.7059907834,1477898427
000000014E25,23.0904458599,1477898243
0000000037D6,20.38125,1477898580
0000000037CF,23.5402597403,1477898524
000000000D4C,20.5411764706,1477898113
00000000534E,27.4636363636,1477898487
00000000378A,22.8805369128,1477898011
00000000534B,28.5448818898,1477898607
000000000D56,21.2482758621,1477898441
00000000532D,24.3302013423,1477898350
0000000037CB,23.5402597403,1477898342
00000001CAB8,22.8222222222,1477897893
000000001694,29.235483871,1477898053
00000000F5B2,27.4636363636,1477897861
00000000742D,26.0366197183,1477898259
00000000531E,22.3777777778,1477898102
000000014DA5,24.4847682119,1477897963
000000000D46,17.1,1477897907
000000000D47,24.0077922078,1477897883
0000000037C0,32.0754098361,1477897921
000000000D48,28.0090909091,1477897902
000000001691,26.4613138686,1477898460
