00000001DDE6,35.5411764706,1477880799
000000006DE0,21.8769230769,1477880877
00000000A6F6,26.4613138686,1477880923
000000001545,21.2766467066,1477880778
000000003523,24.3236842105,1477881461
000000010D81,20.0934782609,1477881287
000000000C44,23.2528301887,1477881314
000000026240,16.0148148148,1477880912
000000000C3F,21.9333333333,1477880788
000000000C3D,27.5577464789,1477880749
000000006DD9,27.5577464789,1477880841
000000027BCD,11.2235294118,1477881049
000000000C42,23.5402597403,1477881169
000000000C40,25.9357664234,1477880788
00000001DDD4,31.725,1477881138
000000008E09,26.0805755396,1477881088
000000003504,24.4666666667,1477881479
000000006DF7,30.9846153846,1477881392
000000012AE9,27.4636363636,1477881253
