000000029171,14.0577946768,1477908581
00000001E5AE,19.7711229947,1477908694
00000000990F,20.38125,1477908330
000000009830,23.0904458599,1477908065
000000005824,23.8469798658,1477908126
00000001F5FC,31.725,1477908031
00000000DF40,19.180952381,1477908301
00000001CE4F,27.4636363636,1477908647
000000001822,29.1118110236,1477908802
000000016DE0,25.7106382979,1477908363
000000017C2C,31.6,1477908026
0000000017F1,20.7789473684,1477908087
0000000017F6,26.5985611511,1477908188
0000000098F6,27.5441860465,1477908249
00000000587B,27.4636363636,1477908377
000000000EF4,22.7020408163,1477908624
0000000152F9,29.7147540984,1477908818
000000003A8A,24.0079470199,1477908134
000000000EF9,23.85,1477908691
000000000EF8,19.3108695652,1477908702
000000000EEC,18.7675126904,1477908569
000000000EEF,27.4636363636,1477908552
000000000EEE,29.1245901639,1477908537
00000000794B,21.076744186,1477908520
000000002A40,24.8134228188,1477908675
000000009923,27.4636363636,1477908743
00000001179A,24.3302013423,1477908600
0000000133C9,25.7798657718,1477908029
000000000EE2,26.0805755396,1477908411
00000001B797,24.6612244898,1477908329
000000000EE8,23.5402597403,1477908495
000000000EFE,20.2525139665,1477908790
000000000EFA,36.6309278351,1477908678
000000003A81,24.6612244898,1477908096
000000003A7B,21.2220994475,1477908364
000000007912,25.1510204082,1477908115
00000001B807,30.3049180328,1477908525
00000000DF51,26.4613138686,1477908330
00000000994C,22.3777777778,1477908601
000000000ED7,23.3763157895,1477908284
000000000ED6,27.4636363636,1477908250
000000000ED0,26.5985611511,1477908162
000000007952,28.5448818898,1477908446
000000003A98,26.4613138686,1477908396
000000005860,27.4636363636,1477908212
000000005861,35.5411764706,1477908490
000000000ECB,23.85,1477908111
000000000ECE,22.543902439,1477908125
00000000FA81,22.3471698113,1477908606
00000000AADA,22.3777777778,1477908618
000000000EC7,34.553271028,1477908069
000000007963,27.4636363636,1477908579
00000001F60F,19.4023255814,1477908057
000000000ECC,27.6732824427,1477908106
000000000EDE,26.5164179104,1477908354
000000000EDD,15.3610169492,1477908402
000000000EDC,21.076744186,1477908359
000000000EDB,22.8,1477908336
00000000992C,24.675,1477908475
0000000262C9,10.9384615385,1477908118
0000000152B2,20.3142857143,1477908601
000000005800,25.3232876712,1477908441
000000015217,22.8222222222,1477908039
000000007908,18.4959183673,1477908126
00000000181F,23.0904458599,1477908662
000000003AA3,28.6548387097,1477908467
0000000058CD,27.4636363636,1477908814
000000001814,24.675,1477908577
00000002778C,11.4,1477908012
0000000116FF,25.175,1477908361
000000000EBF,19.3860962567,1477908379
