00000000D846,29.7147540984,1477887190
000000004E82,32.4315789474,1477886408
000000012C77,23.85,1477886459
00000001B1EA,23.0904458599,1477887199
000000000C99,23.0904458599,1477887084
00000000F27E,25.0225352113,1477886757
0000000025DF,24.3236842105,1477886756
0000000015AE,22.3471698113,1477887179
000000007023,18.4020304569,1477886877
000000007021,21.4953488372,1477886887
000000004EB5,30.4638655462,1477886627
00000002BFE1,11.4721518987,1477886447
00000000A75E,30.9774193548,1477886439
00000001F304,26.4613138686,1477886756
