000000009291,20.6581395349,1477894374
000000000CF9,24.675,1477894697
000000000CF8,24.3591240876,1477894691
0000000072DE,26.9181818182,1477894792
000000003732,26.675,1477894373
0000000051F5,26.4613138686,1477894995
00000000370B,22.3777777778,1477894200
000000012F0B,29.8588235294,1477894404
0000000111A4,20.0745762712,1477894654
000000001633,22.1048780488,1477894627
0000000072C2,16.5534246575,1477894665
000000001618,24.6612244898,1477894978
00000000A849,30.0272727273,1477894225
000000003742,21.076744186,1477894913
000000000D00,26.0805755396,1477894861
0000000092D8,22.3777777778,1477894998
0000000092ED,21.2766467066,1477894960
000000012F3C,19.3860962567,1477894873
00000001F3BC,27.1852941176,1477894420
000000000CFC,28.5230769231,1477894767
000000000CFB,27.3540983607,1477894755
