0000000073E2,25.5295774648,1477898488
0000000093D5,25.1510204082,1477898147
000000014E25,23.0904458599,1477898243
0000000037D6,20.38125,1477898580
0000000037CF,23.5402597403,1477898524
000000000D4C,20.5411764706,1477898113
00000000534E,27.4636363636,1477898487
00000000534B,28.5448818898,1477898607
000000000D56,21.2482758621,1477898441
0000000162AE,25.2818181818,1477898930
00000000532D,24.3302013423,1477898350
000000001691,26.4613138686,1477898460
00000000742D,26.0366197183,1477898259
0000000112CE,22.1389221557,1477898849
000000000D61,28.1023255814,1477898816
00000000531E,22.3777777778,1477898102
00000000DB7E,24.6612244898,1477898901
000000000D62,24.6612244898,1477898842
000000005347,16.7059907834,1477898427
0000000037CB,23.5402597403,1477898342
