000000002475,21.076744186,1477878631
00000000344A,24.3302013423,1477878253
000000003454,23.5402597403,1477878009
000000006C58,25.675,1477878395
00000001DCF5,17.7705882353,1477878773
00000001C488,18.302970297,1477878102
000000006CA5,22.8,1477878579
000000004AE5,35.5411764706,1477878299
000000000BF5,24.1714285714,1477878529
000000000BF0,31.1684210526,1477878500
00000000A684,26.9181818182,1477878396
000000000BFD,21.7077844311,1477878692
000000000BFF,29.7147540984,1477878698
000000000BFC,28.6604651163,1477878670
00000001C55D,25.5295774648,1477878828
00000000245B,26.9868613139,1477878268
000000000BEE,24.3236842105,1477878505
000000000BEA,27.4636363636,1477878323
000000006C7D,24.6612244898,1477878503
00000000348D,23.85,1477878787
000000004B60,21.0444444444,1477878605
000000006C98,25.1510204082,1477878582
000000004B63,25.0225352113,1477878660
000000006C97,22.5167701863,1477878772
00000000EF7A,18.4020304569,1477878627
0000000014ED,26.0805755396,1477878437
000000000BE3,25.5295774648,1477878073
000000000BE9,26.4613138686,1477878312
00000000A67C,29.9603305785,1477878289
000000006C69,22.825,1477878680
000000010B72,21.9552631579,1477878240
0000000014FE,22.8642857143,1477878724
000000008D2C,29.1245901639,1477878814
000000004B2F,24.1647058824,1477878540
000000018782,25.5295774648,1477878661
000000004B28,22.4896551724,1477878308
000000008C80,28.5448818898,1477878055
00000000347D,29.1118110236,1477878545
00000000347B,26.5164179104,1477878536
000000008C1C,27.5910447761,1477878164
0000000014F0,20.8344827586,1477878543
000000012988,24.675,1477878772
000000000C00,25.5295774648,1477878729
0000000014F9,26.4613138686,1477878756
000000003460,26.0366197183,1477878172
