000000026253,12.673605948,1477885338
000000000C80,28.0090909091,1477884995
000000000C8B,23.0904458599,1477885703
000000000C8A,19.3860962567,1477885663
000000028537,10.1262569832,1477885491
000000010EBA,25.3232876712,1477884941
000000002583,20.4813559322,1477885417
000000010ED3,25.175,1477885280
00000002758F,11.8121405751,1477885224
00000000BE13,23.3763157895,1477885622
000000008FA7,32.3678571429,1477885292
000000001596,23.5402597403,1477885427
000000001593,25.5295774648,1477885165
000000000C87,18.2170854271,1477885504
000000000C85,23.5014084507,1477885446
000000000C81,27.4636363636,1477885721
