000000012AE9,27.4636363636,1477881253
000000026F09,11.9234899329,1477881593
000000003523,24.3236842105,1477881461
000000010D81,20.0934782609,1477881287
000000000C44,23.2528301887,1477881314
000000004CD8,17.5130434783,1477881788
00000001C670,18.458490566,1477881761
000000026245,10.1230769231,1477881635
000000008E09,26.0805755396,1477881088
00000000351B,26.4613138686,1477881652
000000027BCD,11.2235294118,1477881049
000000000C42,23.5402597403,1477881169
000000000C47,26.6558823529,1477881550
00000001DDD4,31.725,1477881138
000000003504,24.4666666667,1477881479
000000006DF7,30.9846153846,1477881392
000000014888,22.4886075949,1477881526
