00000000251F,18.7675126904,1477881885
000000006E10,27.4636363636,1477882001
00000000353F,22.4896551724,1477881950
000000010D66,24.1714285714,1477881904
000000026F09,11.9234899329,1477881593
000000000C4B,25.7447368421,1477881958
000000000C4F,31.068907563,1477882137
000000003523,24.3236842105,1477881461
000000008E8B,37.3731958763,1477882079
00000000252B,22.5167701863,1477882066
000000004CD8,17.5130434783,1477881788
00000001C670,18.458490566,1477881761
00000001C678,24.6612244898,1477882055
000000026245,10.1230769231,1477881635
00000000351B,26.4613138686,1477881652
000000000C47,26.6558823529,1477881550
000000000C44,23.2528301887,1477881314
000000003504,24.4666666667,1477881479
000000006DF7,30.9846153846,1477881392
000000003540,26.5985611511,1477882034
000000001556,28.5230769231,1477881907
000000014888,22.4886075949,1477881526
