00000000D1B7,28.5635036496,1477873068
0000000086CD,32.0754098361,1477872518
00000001251C,33.4461538462,1477872654
00000001982F,25.1058823529,1477872986
0000000013D3,33.8803738318,1477873075
000000010741,21.7077844311,1477872940
000000017371,25.5295774648,1477873107
000000000AED,31.2517241379,1477873057
00000000688E,25.0225352113,1477872881
000000000AEC,25.2818181818,1477873062
00000001432A,28.1023255814,1477872342
000000000AD7,29.8161290323,1477872607
000000016A2B,22.3777777778,1477872433
0000000046EC,23.0904458599,1477872909
00000000B869,23.85,1477872820
000000000AE7,25.175,1477872973
000000000AE5,27.6732824427,1477872946
000000000AE2,30.4638655462,1477872810
000000000AE1,23.0727272727,1477872827
00000001074B,20.8881355932,1477873017
000000027455,12.9678832117,1477872870
000000000AD9,29.1245901639,1477872656
00000000B879,24.6612244898,1477872965
000000000ACE,18.50625,1477872523
000000027AA2,10.1262569832,1477872513
00000000686C,24.1714285714,1477872697
0000000013AC,26.4613138686,1477872485
000000008800,27.5577464789,1477873024
000000010796,30.4638655462,1477872469
00000000325F,25.175,1477872685
000000000AC6,26.0805755396,1477872387
000000000ADD,25.9357664234,1477872788
000000000AC3,27.0537313433,1477872311
00000002741C,10.1262569832,1477872626
0000000013B2,20.4813559322,1477872611
000000015DD7,21.450887574,1477872773
000000006879,23.85,1477872853
00000000326C,36.2470588235,1477872877
0000000046A3,19.8502793296,1477872819
0000000125A3,27.9126760563,1477872624
000000000AA0,29.7147540984,1477873087
000000010852,20.4143712575,1477872502
