25.7447368421|5|40.079|147.533|000000000C4B|5
31.068907563|3|38.813|119.956|000000000C4F|5
28.0090909091|4|36.457|79.565|000000000C53|5
17.3454545455|2|23.960|43.750|000000000C54|5
30.9774193548|3|38.410|110.477|000000000C56|5
18.302970297|3|30.269|83.694|000000000C57|5
28.5230769231|4|36.248|93.138|000000001556|5
24.6612244898|4|26.754|111.283|00000000155A|5
22.5167701863|4|29.486|53.803|00000000252B|5
31.1684210526|3|39.253|130.709|000000002533|5
22.4896551724|4|29.117|47.390|00000000353F|5
26.5985611511|4|30.261|92.358|000000003540|5
24.6612244898|5|29.744|144.698|000000003546|5
25.5295774648|4|35.083|91.332|00000000354D|5
24.3591240876|7|33.396|50.068|000000004D04|5
26.0366197183|7|31.839|39.131|000000004D0B|5
27.4636363636|6|33.039|97.363|000000006E10|5
37.3731958763|5|45.170|134.076|000000008E8B|5
25.5295774648|5|41.049|101.047|000000008EAD|5
26.4613138686|4|40.916|82.535|000000008EB3|5
24.1714285714|6|28.947|59.359|000000010D66|5
29.1118110236|6|40.538|49.362|000000010DB0|5
17.8608695652|8|26.753|69.374|000000010DF6|5
26.4613138686|7|37.496|53.711|000000012B1F|5
25.7447368421|6|35.884|87.564|000000012B5E|5
26.0805755396|6|34.681|58.265|000000012B6C|5
32.3678571429|7|36.596|155.847|00000001490B|5
19.8502793296|6|30.192|78.250|00000001B09D|5
24.6612244898|8|37.428|69.144|00000001C678|5
12.1651006711|5|15.637|11.951|00000002A61A|5
