21.076744186|3|26.435|57.419|000000001065|5
27.6345323741|5|35.338|54.875|00000000106B|5
22.3777777778|5|32.122|63.923|00000000106C|5
25.1510204082|3|31.420|78.610|000000001070|5
21.2766467066|3|26.795|60.909|000000001079|5
30.9846153846|3|38.862|124.092|000000001081|5
30.642519685|2|41.528|118.484|00000000108D|5
21.2482758621|3|31.691|54.556|00000000108F|5
20.8344827586|3|33.341|83.690|000000001091|5
21.076744186|2|29.114|64.597|000000001099|5
28.1023255814|2|38.819|114.839|0000000010A2|5
27.4636363636|3|42.682|118.170|0000000019EC|5
18.6865979381|6|34.157|206.746|000000003C80|5
14.3865168539|7|22.352|66.734|000000003CD7|5
23.2235294118|4|29.718|55.089|000000003CDD|5
17.6899521531|4|27.225|107.967|000000003CEF|5
29.8161290323|4|39.895|103.870|000000003CF4|5
29.6454545455|6|31.330|137.208|000000003CF6|5
18.7675126904|6|31.248|89.255|000000003D02|5
25.5295774648|4|36.859|133.446|000000003D04|5
21.024852071|3|30.053|46.048|000000003D42|5
24.7872611465|4|32.732|48.310|000000005CC0|5
26.4613138686|6|29.631|147.358|000000007C44|5
23.1550295858|6|32.009|71.356|000000007D67|5
25.175|6|31.323|102.530|000000007D81|5
25.175|7|31.754|135.454|000000007D8B|5
21.8385542169|7|24.870|68.588|000000009CE5|5
22.8222222222|7|24.876|93.396|000000009CEC|5
18.6865979381|7|24.612|73.892|000000009CF2|5
27.4636363636|6|33.030|170.670|000000009D35|5
18.4020304569|4|32.779|86.073|000000009D67|5
26.9181818182|8|34.702|45.307|00000000E2DA|5
20.0934782609|9|31.079|167.776|000000011AE0|5
33.4461538462|10|28.755|151.426|00000001377E|5
30.3348837209|6|30.758|134.393|000000013832|5
23.549044586|9|32.707|73.365|000000015678|5
25.0225352113|8|32.065|85.270|000000015694|5
26.9868613139|8|39.206|125.090|00000001569D|5
10.4472622478|6|23.611|242.859|000000016685|5
18.0365482234|6|29.588|85.190|0000000190DC|5
33.0107142857|10|33.758|112.370|00000001E8C5|5
19.9186813187|4|27.304|46.969|00000001E960|5
26.0805755396|14|28.888|91.649|00000001F7E9|5
11.0524390244|2|15.267|17.763|000000026329|5
10.5690962099|4|15.478|25.646|000000026880|5
10.8105263158|4|14.755|15.579|000000026BF8|5
14.6222222222|5|17.993|24.443|00000002989D|5
