32.3678571429|3|40.596|135.419|0000000011D0|5
33.0107142857|3|41.239|135.419|0000000011D3|5
32.3678571429|2|44.711|152.346|0000000011D6|5
25.8272727273|2|36.300|109.678|0000000011D7|5
30.9846153846|9|37.572|157.684|0000000060BE|5
28.5448818898|3|35.802|105.319|0000000060ED|5
26.675|6|37.024|82.341|0000000060EF|5
28.6604651163|4|43.149|76.006|00000000611C|5
24.6612244898|8|28.102|163.475|0000000081A2|5
39.4043478261|4|48.049|224.250|0000000081DC|5
30.8125984252|8|38.169|97.640|00000000A170|5
31.1684210526|6|42.015|105.070|000000013CB6|5
30.3049180328|5|41.293|57.201|000000013CE4|5
10.9384615385|2|15.028|16.728|000000026527|5
11.4|3|16.312|13.236|000000026C70|5
