23.549044586|3|29.419|68.915|000000000CAD|5
22.6318471338|2|31.437|77.530|000000000CB2|5
33.2074766355|6|38.291|140.482|000000003655|5
15.3155172414|4|21.222|34.890|00000000365D|5
27.5910447761|4|35.575|74.623|000000003660|5
18.8|4|31.391|60.198|000000003666|5
27.4636363636|5|32.778|85.315|000000004F67|5
17.276635514|4|23.828|54.132|000000004FA4|5
16.1449781659|4|25.718|30.730|000000004FAA|5
29.6454545455|5|33.155|95.676|0000000070FF|5
24.6612244898|7|33.935|177.850|00000000B1A7|5
28.5448818898|5|36.955|58.133|000000011006|5
22.3471698113|5|28.210|82.954|000000014B3E|5
29.1245901639|7|35.318|72.768|000000016178|5
10.8329268293|3|13.643|15.789|00000002625B|5
