22.9639751553|3|36.458|97.316|000000001AF6|5
30.8125984252|3|46.326|121.827|000000001AF7|5
36.6309278351|4|37.120|379.060|000000002DE2|5
33.2587155963|6|48.680|125.892|000000003ECF|5
29.1245901639|3|39.697|86.748|000000003EF1|5
33.0107142857|7|39.561|123.286|000000005F6E|5
29.1384615385|4|40.984|70.549|000000005F88|5
31.068907563|7|37.057|56.950|000000007FEC|5
26.2212765957|6|40.901|118.813|00000000A021|5
35.5411764706|10|37.539|254.775|00000000CAA1|5
22.3777777778|9|31.878|82.150|000000011DE8|5
30.3692307692|9|43.366|86.634|000000011E15|5
35.5411764706|4|47.686|122.180|000000011E28|5
29.1245901639|8|42.280|247.202|000000016FE3|5
36.6309278351|11|39.391|223.614|00000001D377|5
35.5411764706|8|40.504|104.190|00000001D3AB|5
28.321875|12|37.691|117.586|00000001EB69|5
26.0366197183|6|37.212|110.303|00000001F9A0|5
