14.7365853659|3|25.796|80.243|000000000CC8|5
20.8344827586|2|28.779|63.120|000000000CC9|5
27.9779527559|6|34.833|56.607|00000000264F|5
25.2818181818|5|31.580|80.471|00000000369C|5
23.0904458599|3|31.033|53.175|0000000036A9|5
26.9181818182|4|32.717|77.316|000000004FEA|5
15.3155172414|5|26.543|109.888|000000005001|5
29.235483871|5|33.817|78.498|000000005009|5
27.6345323741|4|29.154|144.289|000000005023|5
20.6581395349|4|28.937|34.940|000000005037|5
24.3591240876|6|36.272|72.210|00000000715E|5
35.5411764706|8|38.164|199.002|000000007162|5
29.7147540984|9|34.891|71.002|000000017864|5
22.6318471338|15|34.653|63.769|00000001E026|5
