24.528358209|3|31.406|94.603|000000000E35|5
28.6604651163|3|35.805|102.079|000000000E3F|5
20.6547486034|3|25.803|53.016|000000000E41|5
26.802739726|5|32.398|48.878|000000000E47|5
21.076744186|3|26.435|57.419|000000000E4A|5
22.4896551724|3|27.786|56.107|000000000E52|5
19.3108695652|3|24.320|50.174|000000000E54|5
31.6|2|43.415|139.603|000000000E5D|5
21.7146496815|2|30.520|77.530|000000000E60|5
22.8222222222|2|31.356|72.818|000000000E67|5
28.5635036496|2|38.654|101.818|000000000E6A|5
25.175|3|36.621|68.253|00000000176D|5
22.8|5|31.205|42.883|00000000176E|5
26.0366197183|6|33.570|45.491|000000001770|5
25.175|3|34.564|61.529|000000001775|5
13.3956521739|4|23.427|151.063|000000001780|5
24.6612244898|3|34.525|59.380|000000001795|5
20.5977272727|3|25.834|54.839|00000000295B|5
26.4613138686|3|30.911|131.510|0000000039C0|5
24.7872611465|5|34.441|130.834|0000000039C7|5
22.7020408163|3|30.530|63.924|0000000039CF|5
25.5295774648|3|35.167|63.202|0000000039DF|5
22.6318471338|5|26.549|68.232|00000000569D|5
22.3777777778|3|39.135|183.799|0000000056D3|5
28.0090909091|2|38.482|109.678|0000000056E3|5
22.3471698113|9|31.854|150.711|0000000076DA|5
29.7147540984|6|38.605|62.639|000000007742|5
23.85|9|33.380|110.909|000000007758|5
26.9868613139|7|33.249|74.379|000000007763|5
28.6604651163|8|33.091|94.112|0000000096F7|5
22.4631578947|2|30.547|65.354|000000009741|5
30.9846153846|5|38.905|74.486|000000009744|5
33.8803738318|4|44.972|141.085|0000000097BE|5
24.1714285714|5|33.941|105.381|00000000AA49|5
33.2074766355|6|35.093|200.441|00000000C3CA|5
17.0377880184|4|28.957|61.498|00000000C402|5
18.50625|6|31.612|208.887|00000000DDFA|5
22.1048780488|7|35.454|52.454|00000000DE11|5
25.5295774648|9|33.256|48.803|00000001327F|5
22.1389221557|7|27.425|58.176|0000000150F7|5
24.6612244898|6|30.828|92.222|000000018D03|5
18.3362637363|11|25.389|112.922|00000001B644|5
27.4636363636|6|35.420|121.116|00000001B6A4|5
26.9868613139|9|32.919|107.363|00000001CCF3|5
23.85|11|32.709|94.505|00000001E497|5
12.3726962457|5|15.846|15.454|0000000270E0|5
10.952265861|5|14.705|17.252|0000000270E3|5
