29.7147540984|5|37.643|69.110|000000000DA9|5
22.1048780488|3|27.724|63.158|000000000DCA|5
19.8209302326|3|25.179|57.419|000000000DCB|5
16.7603773585|2|23.281|42.520|000000000DCE|5
24.6612244898|3|30.931|78.610|000000000DD0|5
29.2029850746|2|39.519|106.428|000000000DD3|5
26.4613138686|2|36.552|101.818|000000000DD4|5
23.5402597403|3|37.247|98.471|000000000DD5|5
18.6865979381|2|25.812|50.777|000000000DD7|5
25.175|2|34.775|92.160|000000000DD8|5
18.7675126904|4|29.533|143.992|000000001716|5
28.0090909091|3|39.878|77.019|00000000171A|5
29.1245901639|4|33.743|111.449|00000000389C|5
26.0366197183|4|28.447|113.117|00000000389D|5
25.0225352113|3|33.952|64.481|0000000038C8|5
19.5230769231|5|32.351|87.693|0000000075A1|5
29.1118110236|8|30.510|102.749|0000000075B4|5
24.0077922078|5|31.402|52.136|0000000075C4|5
27.4636363636|8|32.344|44.788|0000000075C5|5
26.5164179104|4|37.115|61.507|0000000075F2|5
27.5577464789|7|32.000|83.179|000000009571|5
24.3591240876|8|38.858|98.086|00000000959E|5
30.3692307692|7|42.771|86.390|0000000095B9|5
34.553271028|9|35.020|121.304|00000000A996|5
24.0077922078|7|36.461|87.344|00000000A99A|5
18.5282608696|6|32.095|118.393|00000000DCB1|5
26.0366197183|7|33.281|55.971|00000001146A|5
20.8344827586|5|32.511|55.999|000000011484|5
25.5295774648|6|32.461|61.893|0000000131D8|5
25.5295774648|8|35.334|127.263|00000001CBC8|5
26.0805755396|21|29.416|84.484|00000001E2D3|5
25.5295774648|11|31.906|73.984|00000001E34F|5
13.2202702703|5|17.114|17.412|0000000276EB|5
10.725443787|6|15.803|14.081|000000027D3C|5
10.0081841432|5|16.485|37.495|0000000296E5|5
