27.5577464789|3|34.048|84.244|000000000C3D|5
21.9333333333|4|33.194|141.666|000000000C3F|5
25.9357664234|3|32.663|90.505|000000000C40|5
23.5402597403|3|29.525|71.626|000000000C42|5
23.2528301887|3|34.576|64.214|000000000C44|5
21.2766467066|6|34.321|96.211|000000001545|5
24.4666666667|6|30.885|136.575|000000003504|5
24.3236842105|3|31.716|60.941|000000003523|5
27.5577464789|5|31.676|88.520|000000006DD9|5
21.8769230769|6|31.608|136.499|000000006DE0|5
30.9846153846|5|38.625|70.708|000000006DF7|5
26.0805755396|7|29.116|99.114|000000008E09|5
26.4613138686|7|32.884|51.114|00000000A6F6|5
20.0934782609|8|32.891|67.141|000000010D81|5
27.4636363636|4|36.832|76.048|000000012AE9|5
31.725|10|35.065|93.316|00000001DDD4|5
35.5411764706|8|41.939|87.695|00000001DDE6|5
16.0148148148|3|19.807|28.768|000000026240|5
11.2235294118|6|15.877|24.636|000000027BCD|5
