23.5402597403|5|31.404|48.620|000000000D68|5
24.6113207547|3|30.408|67.192|000000000D69|5
22.7511627907|3|28.109|57.419|000000000D6A|5
28.5448818898|3|35.802|105.319|000000000D6B|5
28.6548387097|3|36.087|110.477|000000000D6D|5
26.9632653061|3|33.233|78.610|000000000D70|5
31.725|2|44.068|152.346|000000000D77|5
22.1389221557|4|29.912|60.936|0000000016B8|5
29.7147540984|6|32.894|175.190|0000000037FC|5
31.8|8|36.975|169.536|0000000037FE|5
23.85|3|26.944|127.160|000000005361|5
21.2|6|32.512|76.775|000000005387|5
10.0143646409|6|23.659|181.167|00000001305C|5
22.8|5|35.314|48.255|000000014E98|5
27.4636363636|8|31.834|70.789|000000019F78|5
24.6612244898|10|29.851|115.469|00000001CAF9|5
12.4067114094|8|15.286|13.594|000000027032|5
