23.549044586|3|29.419|68.915|000000000EB9|5
24.8134228188|3|30.999|76.514|000000000EBD|5
19.3860962567|2|26.779|54.649|000000000EBF|5
34.553271028|3|43.166|148.370|000000000EC7|5
23.85|2|32.945|82.714|000000000ECB|5
27.6732824427|3|34.708|98.986|000000000ECC|5
22.543902439|3|28.163|63.158|000000000ECE|5
26.5985611511|3|33.229|87.920|000000000ED0|5
27.4636363636|2|37.936|109.678|000000000ED6|5
23.3763157895|2|32.471|82.714|000000000ED7|5
22.8|2|31.494|75.592|000000000EDB|5
21.076744186|2|29.114|64.597|000000000EDC|5
15.3610169492|2|21.219|34.312|000000000EDD|5
26.5164179104|2|36.833|106.428|000000000EDE|5
26.0805755396|2|36.026|98.909|000000000EE2|5
23.5402597403|2|32.517|80.580|000000000EE8|5
29.1245901639|2|40.456|128.395|000000000EEE|5
20.7789473684|5|31.136|73.928|0000000017F1|5
26.5985611511|4|33.110|65.982|0000000017F6|5
25.175|5|36.488|73.557|000000003A34|5
21.2220994475|3|29.009|38.933|000000003A7B|5
24.6612244898|4|28.561|75.805|000000003A81|5
24.0079470199|4|30.964|58.056|000000003A8A|5
26.4613138686|3|33.356|88.300|000000003A98|5
28.6548387097|3|36.304|107.340|000000003AA3|5
19.3860962567|5|23.246|81.864|000000005799|5
25.3232876712|4|33.284|79.098|000000005800|5
26.4613138686|8|28.469|95.042|000000005820|5
23.8469798658|5|26.717|83.970|000000005824|5
27.4636363636|4|37.032|93.196|000000005860|5
35.5411764706|4|41.130|156.859|000000005861|5
27.4636363636|6|33.002|100.365|00000000587B|5
18.4959183673|6|28.000|47.795|000000007908|5
25.1510204082|9|32.353|77.209|000000007912|5
28.5448818898|2|39.430|118.484|000000007952|5
23.0904458599|8|36.584|61.831|000000009830|5
20.0287292818|6|31.386|66.826|000000009887|5
17.3055837563|3|21.984|43.771|0000000098C6|5
25.175|8|32.735|124.466|0000000098CA|5
27.5441860465|5|37.475|85.290|0000000098F6|5
20.38125|4|33.346|60.243|00000000990F|5
24.675|4|36.592|51.706|00000000992C|5
25.9357664234|7|38.294|116.937|00000000C506|5
19.180952381|5|28.494|35.293|00000000DF40|5
26.4613138686|5|34.068|65.306|00000000DF51|5
25.175|5|36.410|231.390|0000000116FF|5
18.5788944724|7|28.623|79.698|00000001340D|5
22.8222222222|10|27.124|102.398|000000015217|5
25.7106382979|5|31.857|156.653|000000016DE0|5
31.6|9|39.064|210.285|000000017C2C|5
24.6612244898|13|27.186|117.296|00000001B797|5
30.3049180328|6|32.836|121.812|00000001B807|5
31.725|11|30.100|80.522|00000001F5FC|5
19.4023255814|10|25.523|59.687|00000001F60F|5
11.4250803859|4|13.680|14.679|0000000262C7|5
10.9384615385|3|13.665|14.869|0000000262C9|5
11.4|5|17.387|12.023|00000002778C|5
11.3411042945|6|15.634|10.556|00000002814E|5
