22.1389221557|3|27.657|60.909|000000000F69|5
16.8821917808|3|21.090|35.418|000000000F6B|5
30.3692307692|3|38.246|124.092|000000000F70|5
34.3263157895|3|42.411|130.709|000000000F72|5
24.6612244898|3|30.931|78.610|000000000F77|5
23.5402597403|5|32.801|59.496|000000000F7B|5
30.9846153846|3|38.862|124.092|000000000F7F|5
24.8301369863|3|31.142|79.691|000000000F80|5
15.0849557522|3|19.163|33.258|000000000F81|5
19.7711229947|3|24.699|48.577|000000000F86|5
28.6604651163|4|39.052|108.189|000000000F88|5
22.543902439|3|28.163|63.158|000000000F8E|5
28.5448818898|3|37.743|84.679|000000000F96|5
20.4813559322|2|28.292|60.999|000000000F97|5
24.1714285714|2|33.576|88.437|000000000F99|5
33.8803738318|2|46.800|166.917|000000000F9F|5
23.0904458599|2|31.896|77.530|000000000FA0|5
23.0904458599|2|31.896|77.530|000000000FA1|5
30.4638655462|3|42.036|89.971|000000000FA2|5
30.3049180328|2|41.636|128.395|000000000FA5|5
26.4613138686|2|36.552|101.818|000000000FA7|5
24.3302013423|4|36.294|50.266|00000000186D|5
22.3777777778|6|33.023|59.518|000000001892|5
25.7376623377|6|33.084|54.844|0000000018A2|5
25.9357664234|4|36.295|107.448|0000000018AB|5
16.9401869159|4|30.488|72.425|0000000018B3|5
22.6318471338|3|34.395|69.191|0000000018B4|5
28.1023255814|4|37.503|91.834|000000003B6B|5
13.3771217712|5|28.553|234.121|000000003B6F|5
30.9846153846|3|41.776|95.165|000000003BAF|5
26.4613138686|7|36.261|131.096|0000000059D5|5
14.1058365759|7|25.152|124.605|000000005A09|5
22.1389221557|5|26.532|80.489|000000007AAD|5
25.5295774648|4|35.517|54.863|000000007B10|5
25.5295774648|2|35.265|94.774|000000007B27|5
23.0904458599|7|25.000|70.905|000000009A53|5
32.8178571429|5|43.155|98.455|000000009A76|5
27.4636363636|2|37.936|109.678|000000009B01|5
25.9357664234|7|29.428|106.606|00000000C625|5
21.7077844311|5|28.370|38.906|00000000FBF8|5
24.675|9|27.799|95.427|000000011813|5
20.2525139665|11|30.638|79.074|000000011898|5
24.6612244898|16|29.989|119.862|00000001346A|5
28.0090909091|8|32.014|131.579|0000000135A7|5
23.5402597403|4|37.773|77.159|000000013608|5
24.6612244898|7|31.442|130.613|00000001360F|5
28.1023255814|9|27.092|95.841|00000001543E|5
19.3108695652|5|29.754|62.759|000000015476|5
26.9181818182|5|34.429|158.760|000000015478|5
22.8222222222|11|30.466|107.698|000000018E92|5
22.1048780488|10|26.737|95.494|00000001A353|5
30.2456692913|9|36.336|52.404|00000001B8F3|5
18.88125|10|25.591|48.001|00000001E66F|5
27.4636363636|8|33.806|112.106|00000001F6CA|5
23.85|10|31.754|128.097|00000001F6DA|5
14.1609375|3|17.761|25.920|0000000262A6|5
10.4814159292|6|13.673|8.871|000000027165|5
11.7267326733|4|14.368|14.357|00000002B38C|5
