000000000779|-64|1477929717
000000000779|-55|1477929719
00000001F97A|-73|1477929988
00000001F97C|-50|1477931396
00000001F97C|-66|1477931411
00000001F97C|-72|1477931426
00000001F97C|-73|1477931441
00000001F97E|-86|1477929905
00000001F97E|-74|1477929920
00000001F981|-64|1477932721
00000001F981|-66|1477932736
00000001F981|-80|1477932766
00000001FE0C|-69|1477929711
000000020496|-89|1477936947
000000020496|-68|1477936962
000000020496|-61|1477936977
000000020496|-61|1477937007
000000020496|-76|1477937022
000000020496|-73|1477937037
000000020496|-70|1477937052
000000020496|-72|1477937067
000000020496|-77|1477937082
000000020496|-68|1477937097
000000020496|-69|1477937112
000000020496|-72|1477937127
000000026901|-74|1477930134
000000026901|-90|1477930137
000000026901|-70|1477930146
000000026901|-72|1477930155
000000026901|-82|1477930158
000000026901|-70|1477930161
000000026901|-81|1477930164
000000026901|-78|1477930167
000000026901|-79|1477930170
000000026901|-60|1477930173
000000026901|-80|1477930176
00000002690C|-80|1477931036
00000002690C|-76|1477931039
00000002690C|-73|1477931042
00000002690C|-93|1477931045
00000002690C|-86|1477933025
00000002690D|-60|1477930474
00000002690D|-82|1477930477
00000002690D|-83|1477930480
00000002690D|-77|1477930483
00000001FCAC|-74|1477929800
00000001FCBA|-97|1477933199
00000001FCBA|-70|1477933214
00000001FCBA|-68|1477933229
00000001FCBA|-65|1477933244
00000001FCBA|-77|1477933259
0000000261A5|-74|1477930150
0000000261A5|-58|1477930153
0000000261A5|-68|1477930156
0000000261A5|-79|1477930159
0000000261A5|-40|1477930165
0000000261A5|-73|1477930168
00000001FE64|-65|1477931519
00000001FE64|-69|1477931534
00000001FE64|-59|1477931549
00000002636A|-64|1477934055
00000002636A|-78|1477934058
00000002636A|-74|1477934061
00000002636A|-54|1477934067
00000002636A|-72|1477934070
00000002636A|-68|1477934076
00000002636A|-76|1477934079
00000002636A|-66|1477935011
00000002636A|-65|1477935014
00000002636A|-76|1477935017
00000002636A|-55|1477935020
00000002636A|-76|1477935023
00000002636A|-71|1477935026
00000002636A|-75|1477935029
000000020040|-57|1477935629
000000020040|-92|1477935644
000000020040|-80|1477935659
000000020040|-62|1477935689
000000020040|-84|1477935719
000000020040|-77|1477935734
000000020040|-72|1477935764
000000020040|-74|1477935794
00000002005B|-66|1477934043
00000002005B|-69|1477934073
00000002005B|-81|1477934088
00000002006D|-72|1477937946
00000002006D|-90|1477937961
00000002006D|-79|1477937991
00000002006D|-59|1477938006
00000002006D|-55|1477938021
00000002006D|-94|1477938036
00000002006D|-94|1477938066
000000020132|-67|1477931239
000000020132|-69|1477931254
000000020132|-65|1477931299
00000002661D|-70|1477930537
00000002661D|-76|1477930546
000000026623|-72|1477930674
000000026623|-71|1477930680
000000026623|-88|1477930683
000000002F2A|-77|1477929638
000000020433|-86|1477933122
000000020436|-79|1477933112
000000020436|-70|1477933142
000000020436|-73|1477933157
000000020436|-61|1477933172
000000020436|-71|1477933187
000000026925|-83|1477932921
000000026925|-82|1477932924
000000026925|-65|1477932927
00000002692F|-75|1477929679
00000002692F|-80|1477929682
00000002692F|-73|1477929685
00000002692F|-73|1477929688
00000002692F|-61|1477929691
00000002692F|-74|1477929694
00000002692F|-63|1477929703
00000002692F|-65|1477929706
000000026931|-68|1477929786
000000026931|-69|1477929789
00000000404D|-75|1477930339
00000000404D|-80|1477930341
00000000404D|-75|1477930343
0000000206B8|-57|1477929933
0000000206B8|-65|1477929948
0000000206B8|-72|1477929963
0000000206B8|-58|1477929978
0000000206B8|-65|1477930038
0000000206B8|-84|1477930068
0000000206B8|-69|1477930098
0000000206B8|-62|1477930113
00000002073F|-59|1477929613
00000002073F|-63|1477929628
00000002073F|-92|1477929658
00000002073F|-74|1477929673
000000026C83|-82|1477930929
000000026C83|-64|1477930932
000000026C83|-69|1477930935
000000006235|-61|1477930847
000000027FCB|-53|1477931448
000000027FCB|-70|1477931451
000000027FCB|-62|1477931454
000000027FCB|-66|1477931457
00000002885D|-79|1477929969
00000002885D|-81|1477929972
00000002885D|-89|1477929975
00000002885D|-72|1477929978
000000028870|-82|1477932188
000000028870|-66|1477932191
000000028870|-71|1477932194
000000028870|-69|1477932203
00000000E71D|-78|1477929716
000000029397|-74|1477931010
000000029397|-62|1477931013
000000029397|-80|1477931016
000000029397|-76|1477931019
000000029397|-69|1477931022
000000029397|-72|1477931025
000000029983|-66|1477930241
000000029983|-83|1477930244
000000029983|-59|1477930247
000000029983|-82|1477930250
000000029983|-72|1477930253
000000029983|-62|1477930259
000000029983|-74|1477930262
000000029983|-61|1477930265
000000029983|-65|1477930268
000000029F8D|-69|1477930337
000000029F8D|-78|1477930343
000000029F8D|-67|1477930352
000000029F8D|-79|1477930355
000000029F8D|-64|1477930358
000000029F8D|-75|1477930361
000000029F8D|-80|1477930364
000000029F8D|-89|1477930367
000000029F8D|-84|1477930370
0000000181AE|-77|1477930550
0000000181AE|-69|1477931833
00000002AD4C|-67|1477929759
00000002AD4F|-72|1477930796
00000002AD4F|-65|1477930799
000000019483|-76|1477930050
00000001A8C5|-79|1477929730
00000002BE09|-75|1477930187
