00000001346A,45.9463917526,1477910766
000000005A09,43.5636363636,1477910548
000000026B93,22.7191709845,1477910574
000000026B98,17.7481481481,1477910127
0000000059D0,37.4769230769,1477910154
00000002B828,10.6169491525,1477910734
00000000996E,38.0923076923,1477910199
000000016E47,34.525984252,1477910347
000000018E92,42.9882352941,1477910800
00000001543E,27.5111111111,1477910882
000000018EE5,41.3660377358,1477910508
000000016E2D,10.7810526316,1477910272
00000002B38C,13.1675675676,1477910468
000000028709,20.0423076923,1477910642
00000002A952,19.6627802691,1477910155
000000028704,14.4701298701,1477910492
