0000000065AF,16.7358778626,1477869366
00000001D78C,50.0086956522,1477869417
0000000065A5,40.3065420561,1477869481
0000000030E6,10.9235294118,1477869322
0000000030D3,32.5313868613,1477869066
000000004400,39.15,1477869221
000000003124,35.6651162791,1477869821
0000000065C4,27.4700636943,1477869081
000000026982,18.4165289256,1477869490
0000000030E5,42.9981308411,1477869134
000000006623,39.9384615385,1477869784
00000000212C,21.7069306931,1477869141
000000027A20,13.5752321981,1477869163
00000000A408,25.1796610169,1477869435
0000000140F5,10.1032258065,1477869060
0000000030B3,32.6727272727,1477869582
000000028E48,12.7836734694,1477869174
0000000065E5,35.0929133858,1477869339
00000000A403,39.5027027027,1477869462
00000000B6D3,34.8,1477869245
0000000169DA,18.7384615385,1477869205
00000001233E,31.545323741,1477869309
