31.7739130435|11|26.882|130.318|000000003504|8
33.9906976744|3|27.344|88.353|000000003514|8
32.6727272727|5|36.419|56.792|00000000351B|8
33.9906976744|6|29.677|74.981|000000003523|8
42.9882352941|6|36.746|186.238|000000004CC1|8
38.5071428571|7|28.504|95.936|000000004CD8|8
11.4485639687|5|33.809|334.046|000000010D50|8
38.2878504673|9|34.356|80.569|000000014888|8
34.525984252|12|34.418|91.811|0000000176DA|8
18.253125|1|18.253|0.000|000000026A58|8
16.0615384615|3|16.517|0.414|000000027558|8
14.8066445183|5|14.504|0.538|0000000280A6|8
