27.0666666667|3|27.949|1.558|00000000238E|8
24.7728813559|6|23.555|38.903|00000000496E|8
29.3387755102|5|32.948|46.603|00000000499C|8
35.3612903226|4|34.731|6.379|000000006A9E|8
25.911627907|7|31.177|101.042|000000006AC9|8
30.2769230769|7|35.198|61.640|000000006ADC|8
33.7636363636|3|32.956|1.305|000000006B24|8
29.8285714286|10|30.401|75.705|00000000ED97|8
33.2181818182|10|32.673|95.087|000000017527|8
26.4144578313|6|18.009|37.787|0000000266C8|8
22.6640394089|3|19.263|23.139|000000026E44|8
27.6819875776|4|21.814|34.929|0000000274AE|8
