28.6686131387|7|31.998|52.685|000000002D69|4
34.6878504673|3|29.338|57.238|000000002D7C|4
19.33125|2|16.530|7.850|000000002D7F|4
41.8344827586|6|39.814|127.385|000000002D8B|4
21.1604651163|6|28.664|105.195|000000002D8D|4
27.5727272727|6|31.905|16.230|000000003E4B|4
25.7387755102|2|25.739|0.000|000000005EDE|4
26.7021582734|9|32.285|50.409|000000005EEF|4
29.2251968504|5|29.853|59.885|000000007F9F|4
36.3882352941|7|34.303|24.547|000000015874|4
36.3882352941|10|34.055|28.909|00000001D2ED|4
23.2897959184|10|36.152|77.482|00000001EAE3|4
11.1857142857|4|14.686|13.036|0000000268CE|4
