40.3434782609|3|41.727|3.828|000000003D3C|4
34.6878504673|5|32.262|16.249|000000005D0A|4
24.9100671141|7|31.401|46.553|000000005D6A|4
24.8921052632|7|29.395|120.111|000000007D63|4
30.8432432432|7|34.679|104.385|00000000E381|4
38.2639175258|10|30.650|127.083|00000000FE99|4
33.1392857143|7|31.398|101.644|00000000FF6A|4
29.7921259843|10|27.270|69.194|00000001910F|4
29.2251968504|11|27.844|143.867|00000001911D|4
10.7271676301|6|14.060|8.029|000000026C04|4
11.007028754|4|15.682|69.867|0000000271E7|4
