00000002B960,11.8333333333,1477926993
00000001BE17,33.5,1477926595
000000019444,54.3829787234,1477927131
00000001A882,18.6382978723,1477927063
00000001943A,32.9268292683,1477926835
00000002BE00,13.1460674157,1477926548
00000001A885,25.7647058824,1477927057
00000002B4FA,20.3916083916,1477926773
000000019432,39.4054054054,1477926660
00000001A879,50.5384615385,1477926506
00000001A874,32.0487804878,1477926442
000000024B3D,11.68,1477926543
00000001A86E,34.5405405405,1477926343
00000002B123,13.0458715596,1477926860
00000001942C,36.4864864865,1477926464
