00000001A790,46.1052631579,1477921938
00000001A791,24.5607476636,1477922016
00000001D44B,34.5405405405,1477922011
000000019330,55.914893617,1477921473
000000019338,23.5161290323,1477922011
000000019336,24.1100917431,1477921623
000000019353,48.6666666667,1477922050
00000001A779,30.5581395349,1477921537
000000019350,42.3870967742,1477922025
00000002B0ED,14.0098522167,1477921468
00000002B0EC,12.4549763033,1477921377
00000001932A,31.6956521739,1477921714
00000001BD4A,42.3870967742,1477921854
00000001D41C,34.5405405405,1477921220
00000001A781,30.7894736842,1477921643
00000001D436,27.2727272727,1477921608
000000019346,42.3870967742,1477921836
000000019340,10.3058823529,1477921809
000000019343,51.9230769231,1477921751
000000019324,39.223880597,1477921242
000000019328,41.2173913043,1477921283
00000002BDC0,20.8571428571,1477921840
00000002B4C9,19.0243902439,1477921593
00000002B4C0,17.6645962733,1477921260
