0000000191EC,25.7647058824,1477915861
000000019213,31.6956521739,1477916632
000000019210,36.5,1477916525
00000001D23F,37.014084507,1477916114
00000002B0B5,16.0243902439,1477916195
00000002B0B1,10.9699570815,1477916304
00000001920A,22.6194690265,1477916432
0000000191F9,32.0487804878,1477916087
00000001BC07,20.3720930233,1477916496
0000000191F1,34.1298701299,1477916242
0000000191F3,31.9550561798,1477916413
00000001BBE1,24.1100917431,1477916369
00000002B8E6,11.6883116883,1477916505
00000001A66E,32.0487804878,1477916596
00000001A66B,28.125,1477916647
00000002B488,10.6829268293,1477916353
00000002B484,11.2586872587,1477915867
00000001EA1F,30.9230769231,1477915964
000000019204,27.3461538462,1477916323
00000001A646,36.5,1477916561
0000000191FE,25.7647058824,1477916427
000000019209,21.4789915966,1477916425
00000001A64D,37.5,1477916007
0000000191FB,32.0487804878,1477916121
00000002B8EF,11.7847533632,1477916364
000000019202,30.5581395349,1477916307
00000002BD73,17.5324675325,1477916507
00000001BBF6,33.1948051948,1477915941
