000000019172,35.0649350649,1477914338
000000019155,31.2857142857,1477914120
000000019151,39.223880597,1477914060
00000001911A,37.8701298701,1477914853
000000019178,27.375,1477914417
00000001A588,36.9350649351,1477914290
000000019171,36.9350649351,1477914330
000000019194,40.2985074627,1477914645
00000001E95F,27.9574468085,1477914326
000000019197,27.0927835052,1477914695
00000001BB3E,26.5454545455,1477914146
00000001BB42,30.2068965517,1477914165
00000002B8B7,12.338028169,1477914323
00000001917C,32.9268292683,1477914428
00000001F883,32.0487804878,1477914816
00000001A58F,27.0927835052,1477914025
00000001A5CE,26.4705882353,1477914677
00000001A5B1,29.3793103448,1477914388
00000001A5B3,29.5280898876,1477914665
00000001914C,26.7326732673,1477914040
00000001914B,37.5,1477914024
00000001914A,47.8451612903,1477914016
00000001919A,25.7647058824,1477914740
00000001917A,28.7234042553,1477914417
000000019161,39.223880597,1477914189
000000019160,19.9090909091,1477914224
000000019146,23.8878504673,1477914017
00000001916E,27.7826086957,1477914323
00000001916F,35.5135135135,1477914319
00000002B090,20.8571428571,1477914020
000000019149,43.5483870968,1477914015
00000001916B,27.7826086957,1477914290
000000019181,38.0869565217,1477914450
000000019180,31.0344827586,1477914458
000000019187,32.0487804878,1477914540
000000019186,30.2068965517,1477914743
0000000191A8,42.2608695652,1477914859
00000002B8BF,12.2171945701,1477914288
000000019166,30.3896103896,1477914232
00000001919D,32.1428571429,1477914774
0000000191A1,32.9268292683,1477914815
00000001A59F,28.5882352941,1477914459
0000000191A0,31.1707317073,1477914814
00000001BB7C,26.752293578,1477914624
000000019130,37.5,1477914315
00000001D165,34.1298701299,1477914694
00000001A598,32.3544303797,1477914095
00000002B09A,11.8914027149,1477914483
