0000000250E7,12.0,1477885233
000000019CDD,27.0927835052,1477884971
00000001893D,30.6701298701,1477884704
00000001895E,31.6216216216,1477885449
000000019CCC,49.1538461538,1477884660
00000001B17A,24.1071428571,1477884776
000000018964,26.2173913043,1477885402
000000019CC3,13.0099009901,1477884939
000000018962,34.1298701299,1477885382
000000018960,31.2857142857,1477885304
000000018961,31.1707317073,1477885335
000000018944,34.1298701299,1477884788
00000001B19B,34.1298701299,1477885414
00000001894D,38.0869565217,1477884911
00000002AEDD,12.338028169,1477884894
000000019CF6,24.1100917431,1477885381
000000018956,34.1772151899,1477885099
