000000019C28,24.8659793814,1477881577
000000019C09,36.0,1477881063
00000001B0BD,36.9113924051,1477881851
000000018896,20.8928571429,1477881394
000000018897,35.0649350649,1477881386
00000001B0AC,34.1298701299,1477881545
0000000188A3,33.2658227848,1477881666
000000019C1C,34.5405405405,1477881409
000000019C13,29.347826087,1477881267
00000001B0A4,25.2336448598,1477881507
00000001B0A1,36.5,1477881376
00000001B0A8,25.4347826087,1477881692
0000000188A7,30.2068965517,1477881763
000000019C2A,22.5,1477881627
00000002AEBB,18.3776223776,1477881693
000000018889,28.7234042553,1477881101
000000018888,32.0487804878,1477881022
00000002B27C,13.7591623037,1477881147
000000019C0C,25.7647058824,1477881224
0000000188A2,29.347826087,1477881673
0000000188A1,36.9350649351,1477881645
0000000188A6,36.0,1477881745
