000000018836,44.5423728814,1477879729
000000018814,27.8350515464,1477879355
000000018833,25.5145631068,1477879715
000000019BDE,46.9285714286,1477880044
0000000248E1,12.3157894737,1477879555
00000001DD9E,26.8965517241,1477879991
00000002AE6D,14.4395604396,1477879305
000000019BBC,34.1298701299,1477879459
00000002AEAA,14.4395604396,1477879976
00000002B274,10.3464566929,1477879920
000000018832,28.7191011236,1477879668
000000019BD1,30.2068965517,1477879756
00000002B26A,21.6610169492,1477879203
00000002B26D,10.0,1477879517
00000002B26F,19.96875,1477879813
000000018841,43.5223880597,1477880059
00000001882E,23.0526315789,1477879621
00000002B681,15.8757763975,1477879430
00000002BF47,10.6829268293,1477879385
000000018829,24.1100917431,1477879482
00000001883E,17.6275862069,1477879983
00000002AEA9,18.3884892086,1477879928
00000002AEA8,11.2307692308,1477879896
00000002AEA6,11.5263157895,1477879660
00000002AEA5,15.6069364162,1477879274
000000019BB0,34.1298701299,1477879396
00000001B00F,35.5,1477879471
00000001881F,30.2068965517,1477879263
00000001883B,29.347826087,1477879846
000000019BD6,21.1935483871,1477879933
000000019BD2,21.5409836066,1477879811
