000000019231,37.0434782609,1477916950
00000001D23F,37.014084507,1477916114
000000019210,36.5,1477916525
000000019217,31.9550561798,1477916666
00000002B0B8,12.7572815534,1477916893
000000019209,21.4789915966,1477916425
00000002B0B5,16.0243902439,1477916195
00000002B0B1,10.9699570815,1477916304
00000001920A,22.6194690265,1477916432
00000001BC07,20.3720930233,1477916496
0000000191F1,34.1298701299,1477916242
00000001BBE1,24.1100917431,1477916369
00000002B8E6,11.6883116883,1477916505
00000001A66E,32.0487804878,1477916596
00000001A66B,28.125,1477916647
00000002B8EF,11.7847533632,1477916364
0000000191DE,24.1237113402,1477916297
00000002B488,10.6829268293,1477916353
000000019226,37.014084507,1477916810
000000019227,35.5135135135,1477916813
000000019204,27.3461538462,1477916323
00000001A646,36.5,1477916561
0000000191FE,25.7647058824,1477916427
0000000191FB,32.0487804878,1477916121
00000001921C,39.8181818182,1477916704
00000001921B,34.1772151899,1477916693
00000001921F,42.3157894737,1477916728
00000001922B,27.375,1477916940
00000002BD73,17.5324675325,1477916507
