0000000195A8,42.3870967742,1477865825
00000002B9AA,17.1764705882,1477866025
0000000195C5,35.5,1477866006
00000001829D,38.0869565217,1477865613
00000001829E,33.2658227848,1477865627
0000000182A7,34.1772151899,1477865755
0000000182BD,41.0625,1477866195
0000000182BA,29.0454545455,1477866120
0000000182A9,35.5135135135,1477865777
000000018282,50.0,1477865689
00000002AD7E,15.3684210526,1477865536
0000000195D4,36.4864864865,1477866243
0000000182AE,37.5,1477866212
0000000182AF,24.5607476636,1477865897
00000001AA14,39.223880597,1477865704
0000000182AB,28.5652173913,1477865800
0000000182AC,33.1948051948,1477865798
000000018296,33.2658227848,1477865506
000000018293,35.0649350649,1477865400
0000000195CC,30.2068965517,1477866090
