00000001A6C5,31.6956521739,1477918309
0000000192A5,37.5,1477918880
00000001A6C2,23.4642857143,1477918258
00000001929C,31.3246753247,1477918705
00000001A6C8,30.3896103896,1477918314
00000001BC68,42.3870967742,1477918964
00000002B0CF,15.1539267016,1477918815
00000001BC88,31.1707317073,1477918654
00000001A6E5,30.9176470588,1477918838
0000000192A4,32.0487804878,1477918855
0000000192AA,41.0625,1477918961
00000002B0D2,11.7247706422,1477918955
000000019288,42.3870967742,1477918438
00000001A6A7,37.5,1477918395
00000001D368,27.7826086957,1477918874
000000019287,27.1914893617,1477918451
00000001A6D4,35.247761194,1477919054
00000001A6D5,30.2068965517,1477918783
000000024AEE,10.1076923077,1477918504
00000001928F,24.3243243243,1477918579
00000001927E,36.0,1477918229
00000001927F,33.1948051948,1477918277
000000019299,25.7647058824,1477918690
00000001927C,28.5652173913,1477918222
00000001A6E4,33.1948051948,1477918985
00000001A6EB,27.1914893617,1477918875
00000001A6CF,27.8350515464,1477918451
0000000192AF,31.2857142857,1477919015
0000000192AD,33.2658227848,1477918982
00000001A6AD,36.5,1477918487
000000019296,31.2857142857,1477918622
000000019295,26.3505154639,1477918878
000000019294,39.223880597,1477918602
