00000001A2FD,32.4444444444,1477909124
00000001B8AC,36.9113924051,1477909244
00000001A31A,30.2068965517,1477909340
00000002AFCD,18.3776223776,1477909248
00000002B3D8,12.5911330049,1477909046
00000001A2B2,34.1298701299,1477908612
00000001B892,40.9090909091,1477909062
000000018ED5,31.0344827586,1477909078
00000001A2B9,30.2068965517,1477908635
00000001A2D5,33.2658227848,1477909238
000000018EE5,28.5882352941,1477909225
000000018EF1,25.7647058824,1477909363
000000018E79,31.0344827586,1477908878
00000002B016,14.7640449438,1477909366
000000018EBA,18.2432432432,1477908877
00000002B3CB,15.1685393258,1477908605
000000018EE9,38.1492537313,1477909281
000000018ED1,27.7826086957,1477909037
00000002B3C6,20.53125,1477908833
00000001A2FF,33.2658227848,1477909222
000000018EEB,19.9090909091,1477909340
000000018EEA,23.4642857143,1477909310
000000018ECA,42.1875,1477908948
000000018EE4,26.4705882353,1477909223
000000018E97,32.0487804878,1477908750
000000018E96,32.0487804878,1477909056
000000018E98,28.5652173913,1477909247
000000018EC4,23.4642857143,1477908928
000000018EB4,43.5223880597,1477908765
000000018EB3,30.5581395349,1477908767
000000018EB0,19.1824817518,1477908759
00000001CE76,38.1492537313,1477909361
000000018ED4,22.0840336134,1477909093
000000018EF6,31.2857142857,1477909374
000000018EF7,28.5652173913,1477909389
000000018ECE,26.0198019802,1477908990
000000018EF8,27.7826086957,1477909392
