000000019649,25.7647058824,1477868568
000000018341,42.3870967742,1477868561
000000019644,24.3243243243,1477868481
000000019629,27.0927835052,1477867815
000000018320,33.2658227848,1477868004
000000018323,47.3684210526,1477868009
000000018343,44.5423728814,1477868613
00000001831B,25.8181818182,1477867928
00000001831E,37.5,1477867989
00000001831D,34.1298701299,1477867945
00000001963D,33.2658227848,1477868391
000000018321,34.1298701299,1477868003
00000001AA9D,31.2857142857,1477868596
000000019656,35.0649350649,1477868623
000000019630,34.1298701299,1477868038
000000018319,38.1492537313,1477867842
00000001832C,30.2068965517,1477868255
00000001832D,34.1298701299,1477868266
00000002AD9E,14.5193370166,1477868582
00000002B9CB,14.5227272727,1477868043
000000018314,17.880794702,1477867935
00000001962B,36.5,1477867958
000000018329,46.1052631579,1477868172
