000000018D0C,41.2258064516,1477904795
00000001B660,50.5384615385,1477905018
00000001B681,36.5,1477905503
00000002AFB4,16.8461538462,1477905124
00000001A0D2,25.2336448598,1477904990
000000018D2F,29.347826087,1477905134
00000001A0D1,28.0384615385,1477904992
00000001A0F1,25.7647058824,1477905196
00000001A0F8,28.5652173913,1477905250
000000018D1B,34.7142857143,1477904911
000000018D4E,33.1948051948,1477905418
00000001A10C,35.0649350649,1477905394
00000002AFAC,21.9512195122,1477904914
00000001A0CF,31.0344827586,1477904935
000000018D17,42.3870967742,1477904852
000000018D14,20.1492537313,1477904879
000000018D13,38.1492537313,1477904839
000000018D10,21.7741935484,1477904849
000000018D2B,30.2068965517,1477905065
000000018D31,22.0840336134,1477905191
00000001B633,46.1052631579,1477904732
000000018D4F,14.8474576271,1477905476
000000018D56,25.2336448598,1477905519
000000018D55,25.0588235294,1477905513
000000018D58,32.3544303797,1477905508
000000018D3E,39.223880597,1477905302
00000002AFA7,12.1818181818,1477904710
00000002AFA9,15.2941176471,1477904830
000000018D46,24.375,1477905359
000000018D48,27.7826086957,1477905366
00000002B375,18.5217391304,1477905117
000000018D01,22.8214285714,1477904707
00000001B66D,31.1707317073,1477905414
000000018D04,28.8791208791,1477904744
00000001B66A,47.3684210526,1477905123
000000018D09,32.0487804878,1477904792
000000018D21,25.8181818182,1477904996
000000018D27,24.5607476636,1477905031
000000018D40,38.1492537313,1477905314
000000018D42,26.5454545455,1477905340
