34.1298701299|2|34.130|0.000|00000001827F|74
50.0|5|37.130|144.008|000000018282|74
38.0869565217|2|38.087|0.000|000000018285|74
37.0434782609|3|38.509|4.294|00000001828A|74
33.2658227848|2|33.266|0.000|00000001828D|74
39.9375|1|39.938|0.000|00000001828F|74
33.2658227848|2|33.266|0.000|000000018290|74
35.0649350649|2|35.065|0.000|000000018293|74
33.2658227848|3|31.739|4.663|000000018296|74
38.0869565217|4|39.020|43.055|00000001829D|74
33.2658227848|3|30.222|18.530|00000001829E|74
34.1772151899|2|34.177|0.000|0000000182A7|74
35.5135135135|4|38.284|16.534|0000000182A9|74
28.5652173913|2|28.565|0.000|0000000182AB|74
33.1948051948|3|35.432|10.013|0000000182AC|74
24.5607476636|2|24.561|0.000|0000000182AF|74
20.6929133858|3|24.135|23.691|000000019597|74
42.3870967742|8|29.076|123.706|0000000195A8|74
40.2985074627|4|42.933|18.226|00000001A9F5|74
39.223880597|7|30.625|77.711|00000001AA14|74
15.3684210526|2|15.368|0.000|00000002AD7E|74
13.6363636364|2|13.636|0.000|00000002B54C|74
