34.5405405405|11|28.064|89.376|000000018EFA|74
28.7191011236|3|25.287|23.561|000000018F78|74
31.2857142857|6|41.254|75.077|000000018F7A|74
34.1772151899|3|33.646|0.564|000000018F7C|74
34.1298701299|3|36.196|8.542|000000018F7E|74
30.2068965517|2|30.207|0.000|000000018F89|74
27.0927835052|2|27.093|0.000|000000018F8E|74
34.1298701299|3|28.926|54.170|000000018F97|74
39.223880597|4|34.015|27.927|000000018F9F|74
57.4468085106|2|57.447|0.000|000000018FA6|74
30.3370786517|2|30.337|0.000|000000018FB1|74
38.1492537313|2|38.149|0.000|000000018FB2|74
38.1492537313|6|32.473|133.982|000000018FB4|74
35.0649350649|2|35.065|0.000|000000018FBA|74
29.347826087|2|29.348|0.000|000000018FC3|74
31.3246753247|2|31.325|0.000|000000018FC5|74
24.8659793814|6|29.877|85.373|000000018FC6|74
31.0344827586|4|36.849|41.138|000000018FCE|74
25.2336448598|2|25.234|0.000|000000018FD1|74
35.1325301205|4|38.803|25.347|000000018FD2|74
38.1492537313|3|33.801|37.821|000000018FD9|74
20.0610687023|3|23.269|20.585|000000018FDA|74
20.125984252|3|26.901|91.792|000000018FDC|74
33.1948051948|4|37.637|38.481|000000018FDF|74
30.3370786517|3|30.777|0.387|000000018FE1|74
17.1543624161|2|17.154|0.000|000000018FE4|74
35.5135135135|3|36.587|2.306|000000018FE5|74
24.1071428571|2|24.107|0.000|000000018FED|74
32.3544303797|2|32.354|0.000|000000018FEE|74
45.7627118644|2|45.763|0.000|000000018FEF|74
33.3333333333|2|33.333|0.000|000000018FF4|74
39.223880597|2|39.224|0.000|000000018FF5|74
30.3370786517|2|30.337|0.000|000000018FF7|74
21.0857142857|3|28.274|103.337|00000001A3DC|74
37.5|2|34.579|8.533|00000001A3E5|74
42.1875|2|36.923|27.719|00000001A3E7|74
27.9574468085|4|30.783|12.331|00000001A40D|74
40.2985074627|4|38.292|4.516|00000001A413|74
36.9113924051|6|28.284|74.374|00000001B95E|74
24.5607476636|4|26.978|6.350|00000001B99D|74
48.6666666667|4|40.833|65.029|00000001B9C6|74
32.0487804878|10|23.951|43.436|00000001CF92|74
26.4705882353|8|24.543|25.427|00000001CFAF|74
27.0927835052|5|29.726|45.277|00000001CFE9|74
10.9384615385|2|10.938|0.000|000000024A5B|74
12.6346153846|5|13.609|0.887|00000002B00A|74
14.3595505618|5|13.437|0.998|00000002B033|74
12.6168224299|4|12.631|0.045|00000002B037|74
18.5070422535|4|15.476|9.563|00000002B039|74
12.9458128079|4|13.967|1.687|00000002B03B|74
11.0886075949|3|12.132|2.177|00000002B03F|74
15.5106382979|3|16.637|2.536|00000002B041|74
18.6382978723|5|17.565|3.662|00000002B3F8|74
15.550295858|3|14.835|1.022|00000002B404|74
15.9344262295|3|17.902|7.739|00000002B40A|74
13.9672131148|2|13.967|0.000|00000002BCBD|74
