34.1298701299|4|28.293|91.476|0000000187AE|74
43.5223880597|3|43.863|0.232|0000000187D9|74
20.6129032258|3|23.591|17.743|0000000187DA|74
30.4285714286|5|30.976|12.115|0000000187DC|74
24.5607476636|2|24.561|0.000|0000000187E0|74
37.5|2|33.379|16.979|0000000187E4|74
38.4324324324|2|38.432|0.000|0000000187EB|74
31.3953488372|3|31.382|0.000|0000000187ED|74
34.1772151899|5|36.961|55.930|0000000187F4|74
18.5070422535|4|21.291|28.436|0000000187F6|74
27.375|2|37.976|112.377|0000000187F7|74
37.0434782609|2|37.043|0.000|0000000187FD|74
38.0869565217|4|36.906|7.967|000000018801|74
24.1237113402|3|24.611|0.476|000000018809|74
26.5454545455|2|26.545|0.000|000000018812|74
27.8350515464|2|27.835|0.000|000000018814|74
29.5280898876|2|29.528|0.000|000000018816|74
30.2068965517|2|30.207|0.000|00000001881F|74
27.0927835052|4|33.996|59.824|000000019B61|74
34.1772151899|3|34.550|0.278|000000019B69|74
46.1052631579|4|41.010|51.024|000000019B77|74
35.5609756098|3|37.540|7.831|000000019B7A|74
39.1304347826|4|39.414|0.363|000000019B80|74
32.1428571429|8|33.530|96.206|000000019B83|74
22.3937007874|5|25.235|79.230|000000019B87|74
32.9268292683|3|30.767|9.330|000000019B8E|74
33.2658227848|6|39.434|43.422|000000019B98|74
45.8709677419|4|40.780|85.787|000000019B9F|74
34.1298701299|3|39.650|60.944|000000019BB0|74
34.1298701299|3|32.596|4.708|000000019BBC|74
41.0625|7|29.902|79.844|00000001AFEC|74
42.3870967742|4|39.531|13.297|00000001AFF8|74
23.4642857143|3|26.201|14.978|00000001C5B0|74
14.4395604396|3|14.254|0.069|00000002AE6D|74
14.1215469613|2|14.122|0.000|00000002AE93|74
19.7593984962|2|19.759|0.000|00000002AE94|74
12.9807692308|5|15.147|16.462|00000002AE96|74
17.0886075949|3|16.169|1.690|00000002AE9C|74
20.0610687023|2|20.061|0.000|00000002AE9F|74
15.6069364162|2|15.607|0.000|00000002AEA5|74
16.3229813665|4|15.351|0.945|00000002B25E|74
21.6610169492|4|20.902|1.914|00000002B26A|74
