34.1298701299|7|27.304|83.589|00000001853B|74
32.0487804878|4|30.281|56.092|000000018550|74
28.5652173913|6|26.544|26.307|00000001858E|74
23.8878504673|2|23.888|0.000|000000018598|74
26.2702702703|2|26.270|0.000|00000001859C|74
35.5135135135|5|33.225|52.383|0000000185A0|74
34.9253731343|2|34.925|0.000|0000000185A2|74
35.5263157895|3|36.604|2.321|0000000185A9|74
38.0869565217|5|27.070|115.794|0000000185AC|74
20.9508196721|4|19.813|1.378|0000000185AD|74
25.2692307692|2|25.269|0.000|0000000185B1|74
23.0769230769|3|22.864|0.090|0000000185B2|74
31.0344827586|4|29.146|20.339|0000000185B7|74
33.1948051948|2|33.195|0.000|0000000185B9|74
35.5135135135|3|35.328|0.069|0000000185BD|74
29.5280898876|4|27.855|36.814|0000000185C0|74
34.1298701299|2|34.130|0.000|0000000185C2|74
35.0649350649|4|27.721|98.021|0000000185C7|74
42.3157894737|2|42.316|0.000|0000000185C8|74
30.2068965517|4|33.514|20.204|0000000185CB|74
33.6315789474|4|32.353|4.847|0000000185CD|74
42.1875|1|42.188|0.000|0000000185D6|74
33.2658227848|3|35.661|11.469|0000000185D8|74
20.8571428571|2|20.857|0.000|0000000185DB|74
38.0869565217|2|38.087|0.000|0000000185DC|74
21.5409836066|2|21.541|0.000|0000000185DE|74
28.5652173913|2|28.565|0.000|0000000185E0|74
36.5|1|36.500|0.000|0000000185E6|74
38.0869565217|2|38.087|0.000|0000000185F2|74
22.9606299213|2|22.961|0.000|0000000185F6|74
44.5423728814|2|44.542|0.000|0000000185FD|74
36.4864864865|2|36.486|0.000|000000018600|74
32.0487804878|8|31.375|91.305|000000019895|74
32.9268292683|3|33.077|0.045|0000000198C1|74
37.5|3|32.350|15.626|0000000198CC|74
18.7941176471|3|23.163|38.182|0000000198D6|74
39.223880597|7|37.040|115.215|0000000198DF|74
18.0|2|20.554|6.525|0000000198F3|74
25.125|3|28.949|50.880|0000000198FC|74
36.5|3|35.463|4.721|000000019909|74
35.5135135135|3|35.717|0.083|00000001990C|74
25.2336448598|3|32.372|101.925|000000019912|74
26.625|3|31.594|100.043|00000001991B|74
37.2|3|32.577|12.057|00000001991D|74
31.2857142857|4|31.578|0.086|000000019923|74
36.5|2|38.999|6.243|00000001992E|74
33.2658227848|3|37.307|32.661|00000001993A|74
36.5|2|41.514|25.137|00000001993B|74
21.4789915966|9|28.189|90.251|00000001ACEE|74
23.8938053097|4|23.273|22.207|00000001ACF4|74
39.223880597|8|31.561|121.791|00000001AD2A|74
38.0869565217|9|34.728|76.544|00000001AD2E|74
36.5|3|37.640|33.066|00000001AD4B|74
31.1707317073|8|30.810|63.514|00000001AD4D|74
20.0281690141|5|27.941|82.367|00000001AD55|74
43.5483870968|4|43.580|1.926|00000001AD65|74
44.1818181818|6|37.858|36.285|00000001C33F|74
34.1298701299|9|29.635|52.577|00000001DA6B|74
20.0610687023|4|16.108|15.636|00000002AE04|74
12.4549763033|2|12.455|0.000|00000002AE1F|74
19.7593984962|3|17.536|9.886|00000002AE23|74
21.4411764706|7|18.373|11.050|00000002C331|74
