000000011DC4,28.3436619718,1477918817
00000001A6DA,15.4206896552,1477919143
000000013B28,17.2,1477919084
00000000E4D5,49.9609756098,1477918887
000000013B36,16.77,1477919189
00000001F980,39.4588235294,1477918886
000000013B4D,27.4953020134,1477919330
000000013B0C,53.2051948052,1477919295
0000000158D2,11.8654205607,1477918919
000000027EE7,22.2364640884,1477919156
00000001D377,49.0829268293,1477919047
00000001EB4A,14.4776978417,1477919199
00000001A6F3,33.5803278689,1477919343
000000013B6D,39.4588235294,1477919637
000000013B6F,49.9609756098,1477919639
000000013AF5,20.7959390863,1477918824
000000011DD5,52.9,1477918925
00000001F97C,31.2,1477918971
00000001BCA9,12.9832258065,1477919294
00000002A82B,10.8892561983,1477918806
