0000000130B4,40.6545454545,1477899183
00000001CB30,28.8525547445,1477899737
0000000130C3,13.5835051546,1477899648
0000000130BE,44.5304347826,1477899267
00000000F693,26.8897959184,1477899301
00000000DB56,26.0942675159,1477899226
000000014E74,42.2350515464,1477899041
00000000A91B,35.3052631579,1477899631
00000001131F,24.1024390244,1477899059
000000014E3F,29.903649635,1477899313
000000014E27,30.0358208955,1477899072
00000000F6A9,48.7714285714,1477899554
000000013094,34.4,1477899114
000000027CEA,11.4666666667,1477899349
00000001CB29,12.6287539936,1477899617
00000001E245,32.4580645161,1477899048
