00000001D2ED,42.9652173913,1477917328
000000013AC7,40.5191489362,1477918050
00000001BBE1,13.4608695652,1477917591
000000009F2D,31.8774193548,1477917420
000000013ACD,32.2582677165,1477918068
000000013ACE,41.5764705882,1477918067
00000002B438,14.7366906475,1477917841
00000001D311,35.9357142857,1477917612
00000001F93A,40.7505154639,1477917756
000000013A9F,36.9420560748,1477917595
000000013A7B,11.576899696,1477917604
000000013A80,33.4983050847,1477917315
00000002B48E,17.4710900474,1477917773
00000001007B,36.9420560748,1477917610
00000001589A,17.7981308411,1477917985
000000011D65,13.1729903537,1477917768
000000011D6D,46.8782608696,1477917762
000000011D71,15.2865671642,1477917907
