00000001148D,29.0647058824,1477903554
00000001500F,24.8444444444,1477903723
000000013215,33.4105263158,1477903267
0000000114E4,33.2628099174,1477903638
000000013240,24.5317365269,1477903827
000000013247,36.9420560748,1477903884
0000000095F6,12.4222222222,1477903286
000000029D36,15.0179104478,1477903903
0000000114BF,13.8914498141,1477903429
000000013226,15.1879245283,1477903554
0000000095D1,16.401659751,1477903294
00000001323A,28.45,1477903717
00000001323F,51.8582278481,1477903746
00000001A05C,12.1963636364,1477903470
000000029722,18.6333333333,1477903300
000000029735,17.2738197425,1477903799
00000000F7D5,13.8309278351,1477903339
