000000010E16,44.4618556701,1477882643
000000010E18,31.8774193548,1477882720
00000001DE80,20.4304568528,1477882646
000000010E1C,30.0358208955,1477882743
000000010E1D,39.4588235294,1477882805
000000012B64,13.9822525597,1477882585
00000000D72C,16.0682926829,1477883193
0000000295C1,19.0748815166,1477882990
000000014913,29.3781021898,1477882578
000000012BBD,31.3714285714,1477883280
000000012BA0,39.4588235294,1477883144
000000027BEC,15.9083003953,1477883213
000000010E3C,31.6913385827,1477883298
00000001B0FB,28.9553956835,1477882955
00000000F159,42.9517241379,1477882819
00000001C6E1,35.3052631579,1477882719
00000001F240,12.0494117647,1477882523
00000001493F,16.3179039301,1477883050
00000002A191,19.4532110092,1477882892
000000012BA1,39.4588235294,1477882805
000000012B8C,12.1595166163,1477882866
000000012B8B,40.0075471698,1477882993
00000000F17C,35.9357142857,1477883170
000000010E08,30.8030075188,1477882560
000000017726,18.3780821918,1477882975
00000000D6E8,11.6946745562,1477882977
