00000002B4A4,14.7428571429,1477919889
00000001BCDE,28.3436619718,1477920223
00000001014A,22.3760479042,1477920094
00000001D3DE,35.2928571429,1477920351
00000001014E,38.2878504673,1477920206
00000002C24C,15.9143911439,1477920382
00000001EB80,46.0314606742,1477920033
00000002BD9E,27.641958042,1477919726
00000001597F,26.8897959184,1477920518
000000011DFF,42.8170212766,1477919933
00000001D3BA,41.4927835052,1477920148
000000013B89,41.4927835052,1477920171
00000001590B,14.3231316726,1477919863
00000000A020,39.4588235294,1477919731
000000013B93,35.2928571429,1477920101
000000011E31,24.8603773585,1477920220
00000002992E,11.9076923077,1477919972
000000011E38,49.0829268293,1477920328
000000015959,27.3795918367,1477920039
00000001928A,27.3795918367,1477919869
000000029F14,12.7351351351,1477919750
00000002B49F,11.4340909091,1477920206
