00000001E09D,28.9553956835,1477892025
00000000F3FB,12.6287539936,1477892452
000000012E94,12.4146179402,1477892382
00000001C95B,23.3893491124,1477892522
00000001C944,11.4016997167,1477892350
000000012E60,28.8525547445,1477891868
000000012E67,20.023880597,1477891825
000000012EA0,41.2615384615,1477892413
000000012EA3,36.9247706422,1477892470
000000012E6C,35.9357142857,1477891873
000000029C76,10.0411764706,1477892097
000000029C74,13.2982206406,1477891931
00000001C923,35.2928571429,1477892157
000000014C38,32.9901639344,1477892110
00000001B2DC,12.0864864865,1477891858
0000000110FA,41.4927835052,1477892439
00000002A297,11.4116991643,1477892410
000000012E6E,38.4727272727,1477891888
