25.9102040816|2|25.910|0.000|0000000105B6|32
19.9843902439|4|22.421|41.720|0000000105F8|32
34.4|2|31.722|7.172|00000001232A|32
36.9247706422|5|33.453|34.211|00000001232B|32
10.267012987|5|23.998|154.047|000000012345|32
35.2928571429|4|32.050|22.010|0000000140D3|32
14.2723404255|4|22.988|78.608|0000000140DC|32
22.2364640884|14|30.320|97.130|0000000182DF|32
32.2582677165|4|29.678|46.944|00000001C043|32
32.2582677165|6|29.208|116.120|00000001C05D|32
28.8525547445|3|30.142|3.328|00000001C060|32
34.4268907563|6|33.490|119.225|00000001D7AA|32
11.224109589|3|11.141|0.014|000000021562|32
11.3586206897|4|13.373|6.696|000000027A12|32
22.8681818182|5|18.170|19.420|0000000288BF|32
13.0026315789|5|14.169|6.172|00000002B9C7|32
