22.3322033898|2|22.332|0.000|00000000E922|32
38.2878504673|3|41.585|21.740|00000000E92C|32
44.5304347826|2|44.530|0.000|00000000E92F|32
31.2|8|31.936|84.730|00000001051A|32
31.6913385827|4|29.991|95.966|0000000122B0|32
27.8693877551|4|31.444|17.245|0000000122D4|32
39.9272727273|5|27.947|175.774|000000014071|32
33.6648648649|7|30.262|74.520|000000014073|32
26.6025974026|3|27.099|0.493|000000015C86|32
31.0363636364|5|30.548|7.020|0000000195F8|32
22.0258064516|5|31.411|206.792|00000001AA3A|32
14.8206185567|5|29.255|165.818|00000001AA51|32
28.3436619718|4|32.764|32.825|00000001C019|32
35.9357142857|7|33.902|131.574|00000001D72F|32
41.925|4|35.941|53.679|00000001D768|32
14.8516605166|8|15.469|10.387|000000029A14|32
21.993442623|4|20.631|2.004|00000002B164|32
