31.2|3|26.808|38.571|00000000A72C|32
41.4927835052|9|35.017|57.881|00000000BCEB|32
11.6946745562|8|28.510|130.401|00000000D6E8|32
16.0682926829|4|31.227|255.105|00000000D72C|32
42.9517241379|3|41.074|7.055|00000000F159|32
35.9357142857|3|34.865|2.295|00000000F17C|32
39.4588235294|3|35.511|31.174|000000010E1D|32
31.6913385827|4|27.773|17.605|000000010E3C|32
40.0075471698|5|31.310|98.213|000000012B8B|32
12.1595166163|9|30.842|201.338|000000012B8C|32
39.4588235294|3|35.670|28.713|000000012BA0|32
39.4588235294|7|32.684|59.533|000000012BA1|32
31.3714285714|3|28.681|14.477|000000012BBD|32
40.1647058824|3|41.613|4.194|000000012BDC|32
16.3179039301|8|30.508|240.730|00000001493F|32
18.3780821918|8|32.765|84.479|000000017726|32
28.9553956835|6|34.462|37.689|00000001B0FB|32
35.9357142857|2|35.936|0.000|00000001DECF|32
15.9083003953|3|15.481|0.365|000000027BEC|32
19.0748815166|2|19.075|0.000|0000000295C1|32
19.4532110092|8|17.040|8.526|00000002A191|32
16.840167364|6|14.117|4.304|00000002BB0D|32
