10.5637795276|4|18.889|145.685|000000009B83|32
15.8456692913|3|28.786|334.928|000000009B9B|32
19.9247524752|7|29.752|176.418|000000009C36|32
24.2457831325|2|24.246|0.000|000000009C45|32
20.9625|5|21.747|69.050|000000009C73|32
20.0649746193|7|19.249|4.921|00000000ABDA|32
18.2117647059|4|24.513|85.442|00000000FD62|32
21.3375|2|21.337|0.000|00000000FE05|32
10.675862069|3|13.815|19.707|00000000FE06|32
18.5474654378|5|23.564|109.489|00000000FE0B|32
16.7491525424|5|21.751|77.601|00000000FE32|32
16.1638554217|3|16.943|1.213|00000000FE5B|32
18.6452830189|3|19.033|0.301|000000011ACB|32
21.2952380952|4|20.704|5.594|000000011ACF|32
19.4625|6|24.847|104.364|000000011B0D|32
20.9625|6|21.697|2.347|000000013732|32
16.5389121339|3|16.800|0.137|000000013745|32
17.7303964758|3|18.275|0.592|000000013766|32
17.2|4|21.745|71.575|0000000137B7|32
13.4608695652|5|15.189|6.280|0000000137C1|32
15.0617647059|4|17.834|7.730|0000000137CD|32
20.7959390863|3|20.916|0.029|0000000137D4|32
20.5869346734|4|21.990|12.376|0000000137EB|32
21.6761904762|5|24.125|51.029|0000000137FB|32
21.1379679144|3|21.521|0.294|000000013833|32
13.4608695652|7|18.766|19.696|0000000155CD|32
14.9620817844|4|17.557|6.941|0000000155E9|32
21.5229946524|4|18.905|17.487|000000015631|32
10.6134715026|7|21.253|81.377|00000001BA68|32
21.8739130435|5|20.721|2.037|00000001BA9F|32
18.9666666667|7|22.812|80.245|00000001BAA2|32
20.5875|9|22.972|29.574|00000001D0E3|32
20.375257732|7|22.084|19.488|00000001D0EF|32
18.4540540541|5|23.048|60.084|00000001D106|32
18.7778894472|4|17.965|2.811|00000001D15F|32
21.0092307692|10|25.905|98.099|00000001E899|32
20.2251256281|6|23.359|37.761|00000001E8BD|32
10.508616188|10|27.389|153.952|00000001F7B9|32
11.197733711|2|11.198|0.000|000000027E5C|32
13.9822525597|3|15.279|3.361|000000028309|32
10.1543478261|2|10.154|0.000|000000029247|32
12.6444444444|3|14.843|9.667|000000029259|32
10.9369565217|6|14.922|14.242|00000002A7E3|32
16.562962963|5|17.140|1.755|00000002B425|32
10.3731958763|9|13.814|13.473|00000002BCE8|32
10.5689839572|5|12.259|5.267|00000002BD24|32
18.1321100917|4|15.331|9.070|00000002BD29|32
