34.4|4|33.411|97.031|00000000BCB6|32
38.2878504673|2|38.288|0.000|00000000F0D4|32
38.0076923077|4|31.602|45.098|000000010D68|32
33.5803278689|4|33.400|34.444|000000010D81|32
28.3090909091|6|29.901|43.662|000000012A48|32
33.8218487395|5|33.032|31.660|000000012AAE|32
26.0942675159|5|27.571|64.770|000000012ABE|32
42.0510638298|3|37.836|35.538|000000012AE9|32
15.4015037594|7|29.578|134.171|0000000147B4|32
24.8444444444|5|30.214|24.345|000000016079|32
12.7922330097|9|25.917|123.626|000000019B89|32
18.2156682028|5|23.997|142.008|00000001B059|32
26.0052631579|3|26.193|0.070|00000001B061|32
25.3132075472|8|28.081|80.317|00000001C63B|32
35.2928571429|6|31.815|65.831|00000001C64D|32
30.509352518|4|32.354|3.652|00000001C666|32
11.9785714286|8|15.142|14.454|0000000289A9|32
11.4573913043|5|14.620|11.875|00000002BADD|32
