22.3760479042|2|22.376|0.000|00000001014A|32
38.2878504673|2|38.288|0.000|00000001014E|32
42.8170212766|8|37.865|94.242|000000011DFF|32
39.4588235294|3|39.015|0.394|000000013B6D|32
41.4927835052|3|31.744|190.093|000000013B89|32
35.2928571429|3|36.634|3.598|000000013B93|32
14.3231316726|7|28.683|150.687|00000001590B|32
27.3795918367|5|30.329|66.256|000000015959|32
27.3795918367|9|33.488|127.542|00000001928A|32
47.9142857143|8|43.092|98.615|00000001BCC0|32
28.3436619718|3|32.210|29.898|00000001BCDE|32
41.4927835052|7|34.475|111.599|00000001D3BA|32
46.0314606742|10|37.533|158.410|00000001EB80|32
11.3586206897|2|11.359|0.000|0000000281F6|32
11.9076923077|3|14.730|15.930|00000002992E|32
12.7351351351|7|15.286|9.645|000000029F14|32
20.4808290155|3|17.126|22.507|000000029F29|32
14.7428571429|5|16.005|6.631|00000002B4A4|32
27.641958042|5|19.091|52.074|00000002BD9E|32
