17.5755458515|2|17.576|0.000|0000000112DA|32
12.4606811146|7|30.616|141.104|0000000112DC|32
29.6571428571|4|30.873|22.737|0000000112F5|32
37.614953271|4|36.242|4.155|000000011321|32
26.6222222222|3|25.025|5.105|00000001305F|32
31.3714285714|5|33.182|41.021|00000001306F|32
33.7846153846|4|35.208|33.049|000000014E39|32
27.5671232877|4|32.663|26.397|000000014E60|32
37.614953271|10|37.903|53.867|00000001628F|32
39.4588235294|9|33.964|136.885|0000000162AE|32
26.0052631579|5|30.245|39.797|0000000162C5|32
37.8642857143|5|35.312|37.754|00000001B467|32
17.6464285714|5|26.355|63.528|00000001B491|32
46.2620689655|3|43.207|18.672|00000001CAF8|32
18.6|3|17.546|0.565|0000000290D2|32
