12.5088607595|5|28.305|184.875|00000000F840|32
21.2516129032|3|27.716|83.580|00000000F854|32
29.0647058824|2|29.065|0.000|00000001148D|32
33.2628099174|2|33.263|0.000|0000000114E4|32
14.3231316726|4|26.830|157.219|000000011505|32
23.5448275862|4|34.072|147.810|000000011515|32
31.2|2|31.200|0.000|000000011519|32
15.1879245283|4|25.589|111.035|000000013226|32
33.8201834862|5|31.929|52.952|000000013237|32
28.45|4|28.894|18.160|00000001323A|32
51.8582278481|3|46.729|52.625|00000001323F|32
24.5317365269|3|26.165|5.335|000000013240|32
36.9420560748|4|34.758|64.976|000000013247|32
28.8525547445|4|35.578|45.299|00000001325F|32
24.8444444444|3|24.500|0.237|00000001500F|32
17.2738197425|5|15.427|5.958|000000029735|32
15.0179104478|2|15.018|0.000|000000029D36|32
12.538317757|2|12.538|0.000|000000029D3A|32
