00000002B4A7,24.0905660377,1477919718
000000029932,17.6755364807,1477919622
000000029937,12.9405405405,1477919730
000000011E26,41.6347826087,1477919890
000000013B7A,45.6,1477919729
000000011E28,38.7463917526,1477919917
000000011E1B,34.2,1477919738
000000011E40,44.0275862069,1477920238
000000011E20,44.7428571429,1477919796
000000011E04,43.9826086957,1477919438
000000029936,12.6415841584,1477919731
00000001BCC1,36.5090909091,1477919471
00000002992C,13.0954703833,1477920045
00000001BCE4,33.1065420561,1477920172
00000002B913,13.05,1477919822
0000000192D8,42.0923076923,1477920004
00000001BCCB,43.2,1477919678
00000001685E,34.5846153846,1477919466
000000011E0D,41.7154639175,1477919542
00000001D3AC,38.4897196262,1477919803
00000001A702,36.1285714286,1477919507
00000001D394,38.6909090909,1477919424
000000011E15,49.7454545455,1477919627
00000001EB80,42.4173913043,1477919889
000000011E11,12.6291262136,1477919670
000000011E2D,35.1412844037,1477919977
000000011E38,34.5846153846,1477920149
000000011E39,47.5746835443,1477920153
000000011E19,36.8470588235,1477919722
000000011E2C,49.0285714286,1477919959
000000013B53,53.9462686567,1477919432
00000002993F,12.8107023411,1477920027
000000029940,10.4086956522,1477920115
