000000013CE6,30.1606299213,1477924301
000000013D03,27.4335766423,1477924760
000000011F7E,40.852173913,1477924582
000000011F7B,30.2511627907,1477924579
000000011F81,47.5902439024,1477924606
000000011F83,31.3967213115,1477924647
000000013CB8,39.802247191,1477924538
00000001BDBA,44.0275862069,1477924243
00000002B93B,15.4857142857,1477924236
0000000193B8,36.4710280374,1477924258
000000011F8F,38.6376237624,1477924921
000000018129,44.0275862069,1477924644
000000011F6F,55.5130434783,1477924299
00000002B947,19.0567164179,1477924853
000000011F92,41.6347826087,1477924932
000000011F79,46.0051948052,1477924514
000000029985,18.4153846154,1477924568
000000029989,10.6105263158,1477924902
00000002B944,11.2526946108,1477924408
000000013CEE,47.5902439024,1477924568
000000013CEF,41.6347826087,1477924208
