000000012174,24.8727272727,1477862205
00000001045B,38.7463917526,1477862888
00000001045F,44.8551724138,1477862921
0000000299F2,15.762962963,1477862486
000000010446,46.712195122,1477862556
000000012182,16.4394849785,1477862495
000000010448,41.5714285714,1477862560
0000000293D2,10.4621983914,1477862737
0000000293D1,10.4086956522,1477862649
00000001D68C,42.4173913043,1477862599
00000001BF46,37.5529411765,1477862373
00000001042D,42.2292134831,1477862142
00000002B994,20.931147541,1477862555
00000002B995,11.4439882698,1477862755
000000010432,30.3096774194,1477862256
000000019542,38.6909090909,1477862545
00000001042A,31.4594594595,1477862106
000000019540,44.0275862069,1477862449
00000001BF57,42.8835164835,1477862816
00000001044C,38.6909090909,1477862655
000000010435,50.6805194805,1477862256
000000013F09,37.5529411765,1477862225
00000001BF5D,47.5902439024,1477862952
000000010437,39.6705882353,1477862288
000000010452,48.8103896104,1477862722
00000002B538,15.5707317073,1477862172
0000000293CC,11.5039106145,1477862206
000000013F03,37.5529411765,1477862213
00000001217C,52.2,1477862363
00000001822B,36.5090909091,1477862755
