000000011640,39.4181818182,1477906086
000000011642,32.4,1477906125
000000011644,27.4335766423,1477906146
000000029761,16.2701298701,1477906048
000000011649,37.5529411765,1477906141
000000013351,25.4535211268,1477906353
000000013352,37.8168224299,1477906140
000000018D7D,32.2512396694,1477906135
00000001163F,36.4710280374,1477906088
00000001A17E,38.6909090909,1477906362
000000011654,38.5043478261,1477906199
000000029D5F,20.0983957219,1477905621
00000002B7DE,12.8107023411,1477906151
00000001B6B3,36.8307692308,1477905670
000000013340,35.8018348624,1477906240
00000002B7C2,14.0307692308,1477905814
00000001164D,32.7384615385,1477906175
00000001164F,27.4335766423,1477906199
0000000115FC,18.9623762376,1477905740
000000011634,33.3538461538,1477906043
00000001166F,31.6561983471,1477906364
00000001E4D1,39.4181818182,1477905889
00000001A11C,31.9868852459,1477905644
0000000132AD,36.8307692308,1477905869
0000000163EB,29.6930232558,1477905958
000000016D89,33.1065420561,1477905831
0000000150FA,31.6561983471,1477905719
00000001A16D,35.1252336449,1477906214
0000000115F2,32.7932773109,1477905620
0000000115F8,15.8280991736,1477905749
000000011661,22.688372093,1477906309
000000011608,25.2,1477905788
000000011609,40.852173913,1477905761
0000000115CA,30.1606299213,1477905672
000000011671,26.4676056338,1477906387
000000011673,35.1252336449,1477906380
000000011672,21.28,1477906408
000000011675,23.6444444444,1477906415
000000013319,24.8560509554,1477905654
00000001166E,34.2,1477906357
000000011618,33.3538461538,1477905853
00000001CD17,31.3967213115,1477906013
00000001B71A,30.7275590551,1477906414
000000011611,22.8210526316,1477905839
00000001517F,34.8218181818,1477906399
00000001E4C8,29.6930232558,1477906346
000000011685,46.4571428571,1477906441
00000001160F,22.2697674419,1477905835
00000001160C,30.806557377,1477906211
000000011628,34.8428571429,1477905954
000000011621,21.6385026738,1477905938
000000029782,13.631316726,1477905990
000000029780,20.4314136126,1477905921
00000001CCF4,15.0671814672,1477905729
0000000150E2,31.6561983471,1477905844
00000001B6E1,41.6347826087,1477905946
00000001163A,30.1606299213,1477906081
0000000115F5,31.0611570248,1477905667
000000015114,36.4710280374,1477906065
00000001333F,22.8210526316,1477906223
000000011667,29.6930232558,1477906316
0000000132E9,35.4566037736,1477905604
00000001B6D3,43.2,1477905852
00000001A122,36.1384615385,1477905716
