00000001126B,35.7981308411,1477896751
000000012FE8,40.852173913,1477896532
00000001124A,20.325,1477896337
000000011287,38.7463917526,1477896965
000000011289,24.7263157895,1477897043
000000012FF5,38.2588235294,1477896939
000000011261,32.175,1477896659
0000000296BF,12.5883870968,1477897037
0000000296BA,16.4487804878,1477896846
000000012FED,27.5568345324,1477896548
00000001CA79,34.2,1477896509
00000001124C,32.7384615385,1477896360
00000001B3D7,37.1883495146,1477896396
000000011270,14.7678832117,1477896870
000000011272,38.2588235294,1477896789
000000011257,35.1252336449,1477896509
00000002BBCE,14.2925373134,1477896918
00000001B3DC,38.2588235294,1477896396
00000001B40F,36.7714285714,1477896719
000000011271,32.6355140187,1477896787
00000001B3E1,26.1,1477896363
00000001B41F,39.4886597938,1477897026
00000001125A,38.5043478261,1477896538
000000014D43,32.2512396694,1477896495
000000012FA8,40.7489361702,1477896731
00000002BBC8,11.5722054381,1477896519
0000000296B6,20.5935483871,1477896326
00000002B301,11.3454545455,1477896938
00000001127A,44.8551724138,1477896860
000000011269,39.4886597938,1477896933
00000001126E,34.2,1477896776
000000029CC5,10.6105263158,1477896908
00000001B424,36.8470588235,1477897031
000000011262,34.8428571429,1477896655
000000011263,30.8903225806,1477896683
000000011260,36.8470588235,1477896626
000000011267,25.2241610738,1477896989
000000011265,24.3974522293,1477896708
00000001E1E3,27.4335766423,1477896579
