00000001203E,44.8551724138,1477928748
00000001BE77,38.7463917526,1477929341
00000001205D,42.4173913043,1477929355
00000001205F,43.8471910112,1477929390
00000002A5A0,16.8,1477928777
000000012062,38.6909090909,1477929473
000000012064,56.0955223881,1477929544
000000012042,43.0382022472,1477928781
00000002B115,12.0452830189,1477928757
000000012046,39.4886597938,1477929414
00000001BE69,54.2,1477929097
00000001204E,37.5529411765,1477928999
00000001BE7D,49.7454545455,1477929463
000000012051,33.6,1477929122
000000015BAA,43.2,1477929460
00000001FABE,51.2202531646,1477928815
000000012034,13.9287272727,1477928712
000000012038,34.5081081081,1477929191
