000000010F3F,48.4860759494,1477886289
000000010F3E,52.2,1477886268
000000010F3B,39.4886597938,1477886255
00000002B2B2,14.9517241379,1477885954
000000010F3A,30.3096774194,1477886254
000000010F1A,34.6084033613,1477885879
000000010F1B,43.0382022472,1477885866
000000010F59,39.9,1477886648
000000010F1F,35.7981308411,1477885972
00000001DF3C,46.712195122,1477885958
000000019D17,38.2588235294,1477886148
00000001C7EF,32.9684210526,1477886641
00000001898A,27.9591240876,1477886269
000000010F20,44.0275862069,1477885977
000000010F23,40.2309278351,1477885995
00000001F304,28.1647058824,1477886279
00000002960D,16.7484978541,1477886086
00000002BFDB,11.2864864865,1477886169
000000010F2C,37.9636363636,1477886119
000000010F2E,45.376744186,1477886124
000000010F41,33.5571428571,1477886323
000000012C9E,31.6561983471,1477886156
000000012C9D,26.8363636364,1477886229
000000010F48,27.1659574468,1477886472
000000019D27,32.4,1477886378
000000010F33,36.8307692308,1477886166
000000012CA9,42.2292134831,1477886256
000000012CA2,24.6,1477886150
000000010F37,29.1483870968,1477886614
000000010F34,40.7489361702,1477886170
000000014A61,27.0388489209,1477886409
000000010F30,34.8428571429,1477886161
000000018976,32.1230769231,1477886210
000000018979,31.3674418605,1477886204
00000001C7BE,27.4816901408,1477885870
000000010F16,31.3967213115,1477885830
000000018954,46.712195122,1477885904
