0000000104BE,44.0275862069,1477864436
000000019577,33.6,1477864042
000000019575,41.5448275862,1477863988
00000001BF89,42.4173913043,1477864565
00000001A9E2,36.8307692308,1477864680
00000001047E,40.7489361702,1477863966
000000013F8F,44.0275862069,1477864746
00000002B9A0,12.9405405405,1477863921
0000000121FE,44.0275862069,1477864538
0000000121FA,40.852173913,1477864436
0000000104C2,13.0285714286,1477864586
00000001049C,37.5230769231,1477863952
0000000104CB,46.712195122,1477864626
000000012206,44.8551724138,1477864602
000000018252,35.2,1477864122
000000029FF7,19.3454545455,1477864111
0000000104AA,42.4173913043,1477864142
00000001BF8A,44.0275862069,1477864391
0000000293E5,22.1727272727,1477863920
00000001957D,49.3463414634,1477864369
