00000001AAF1,38.6909090909,1477869309
0000000123BF,28.4846715328,1477869402
000000019664,27.9591240876,1477868896
000000014121,32.7384615385,1477869271
00000001D7D2,28.0748201439,1477869499
00000001D7D0,34.8428571429,1477869073
000000010648,29.0181818182,1477868781
0000000106BA,30.1606299213,1477869523
00000001067F,20.931147541,1477869213
00000002AD99,20.5935483871,1477869164
00000001AAAA,34.2,1477868780
00000001C081,25.2,1477869020
00000001AAA7,37.5230769231,1477868765
00000001064D,39.4886597938,1477868794
0000000106B4,30.3096774194,1477869484
0000000196AA,37.5529411765,1477869520
000000010675,40.2309278351,1477869088
0000000106B9,28.2586466165,1477869513
00000001412D,36.1358490566,1477869173
00000001412E,39.4886597938,1477869173
00000001C094,36.4710280374,1477869201
00000001069A,31.5831932773,1477869377
00000002B18C,25.0352941176,1477869381
000000014148,36.7714285714,1477869351
000000012364,26.6,1477868824
00000001965E,31.6561983471,1477868816
000000012392,30.1606299213,1477869025
000000010618,26.9746478873,1477869243
000000010690,29.0181818182,1477869299
000000010699,26.9746478873,1477869385
000000012375,29.8285714286,1477868959
00000001066C,30.1606299213,1477869032
000000010682,26.0571428571,1477869202
00000001063A,41.6347826087,1477869131
000000029A67,17.4,1477869321
000000029A64,10.3238095238,1477869050
000000029434,12.2025974026,1477869228
000000029436,22.6650887574,1477869231
00000001AAE9,24.0888888889,1477869286
000000010660,29.0181818182,1477868943
00000001068A,26.9746478873,1477869295
00000001068D,39.4886597938,1477869276
000000018336,38.2588235294,1477868857
00000002B571,13.55,1477869320
000000029A71,14.4,1477869202
00000001AAEB,31.3967213115,1477869296
00000001AAB1,23.0746987952,1477868875
00000001AAD5,22.6650887574,1477869278
000000029429,18.2446601942,1477868892
00000001AAD0,32.4990825688,1477869095
00000001969F,28.4846715328,1477869439
0000000169D7,21.3988826816,1477869329
00000001065A,30.9714285714,1477868897
0000000122FE,35.7981308411,1477869144
00000001234D,30.4,1477868853
00000001AB01,26.9746478873,1477869516
00000001066A,30.806557377,1477869009
0000000106AC,45.6,1477869439
00000002942C,15.4666666667,1477869034
00000001AADF,25.2,1477869299
000000022F2C,12.5883870968,1477869216
