000000010446,46.712195122,1477862556
00000001045B,38.7463917526,1477862888
00000001045F,44.8551724138,1477862921
0000000299F2,15.762962963,1477862486
000000012185,34.2,1477863048
000000012182,16.4394849785,1477862495
000000010464,37.5230769231,1477863053
000000010448,41.5714285714,1477862560
0000000293D6,13.8686346863,1477862920
0000000293D7,17.9009174312,1477862942
0000000293D2,10.4621983914,1477862737
0000000293D1,10.4086956522,1477862649
00000001D68C,42.4173913043,1477862599
00000001A9B1,24.8560509554,1477863056
00000002B994,20.931147541,1477862555
00000002B995,11.4439882698,1477862755
000000015C23,49.7454545455,1477863013
0000000121B1,34.8428571429,1477863081
000000019540,44.0275862069,1477862449
000000018236,48.4860759494,1477863247
00000001BF57,42.8835164835,1477862816
00000001044C,38.6909090909,1477862655
00000001046F,41.6347826087,1477863245
00000001046A,44.8551724138,1477863149
00000001BF5D,47.5902439024,1477862952
000000019542,38.6909090909,1477862545
000000010452,48.8103896104,1477862722
00000001822B,36.5090909091,1477862755
