00000001111F,35.1252336449,1477892594
000000029657,17.0063348416,1477891994
00000001C94A,30.1606299213,1477892371
0000000110FA,32.7384615385,1477892273
000000029C42,16.5818181818,1477892504
000000012E7F,37.5529411765,1477892346
00000001C94F,28.4846715328,1477892381
0000000110EF,31.5831932773,1477892198
0000000110E4,34.5846153846,1477892083
000000012E5F,31.3967213115,1477892204
000000012E9A,39.4886597938,1477892344
00000001C939,49.7454545455,1477892191
00000001110A,39.9829787234,1477892400
000000019E2E,29.1223880597,1477892195
00000001C95D,41.5448275862,1477892633
0000000161D3,31.3967213115,1477892053
000000019E4E,35.7861386139,1477892603
00000001C95A,40.7489361702,1477892468
0000000110D6,32.9684210526,1477891905
000000012E52,41.6347826087,1477891954
000000011109,36.1384615385,1477892388
00000001B310,35.7981308411,1477892410
000000012E8B,35.7981308411,1477892201
00000001C963,46.4571428571,1477892484
0000000110EC,27.0388489209,1477892141
00000001B30A,45.6,1477892422
00000001B2FC,28.2586466165,1477892033
0000000110F8,28.047761194,1477892279
000000011114,27.9591240876,1477892506
000000019E33,26.4,1477892261
000000011119,36.4710280374,1477892544
