00000001150F,23.356097561,1477903966
000000029740,14.2925373134,1477903884
00000001E3CA,10.6332425068,1477903329
00000002A752,15.4666666667,1477903904
0000000114C4,30.1606299213,1477903202
00000001320C,32.7384615385,1477903733
000000013245,45.8341463415,1477903818
00000002BC2A,13.2395604396,1477903736
0000000114D2,34.8428571429,1477903298
00000001CC37,37.5529411765,1477903775
00000001B5C7,28.4846715328,1477903948
0000000114D4,49.3463414634,1477903296
0000000114CA,24.5538461538,1477903261
000000029D34,10.3238095238,1477903900
000000011515,53.2,1477903974
000000029D31,16.5798165138,1477903319
000000011512,26.9746478873,1477903977
000000016392,22.9365269461,1477903788
000000011503,35.8018348624,1477903824
00000002ABE6,14.6722689076,1477903336
000000013214,34.4268907563,1477903328
000000029735,15.0803149606,1477903390
000000013236,30.8903225806,1477903652
00000001320B,36.1384615385,1477903238
0000000114E7,31.9868852459,1477903525
0000000114C7,27.5568345324,1477903235
0000000114C6,10.4983240223,1477903333
0000000114C8,25.8437086093,1477903242
0000000114E5,43.0382022472,1477903478
00000001CC1B,32.7384615385,1477903361
00000002BC27,15.6983606557,1477903249
0000000114FA,28.6857142857,1477903716
00000001322B,47.3379310345,1477903577
00000001A06D,37.5230769231,1477903467
00000001B5EF,33.5571428571,1477903818
000000029D29,13.5349823322,1477903283
