000000029CE4,12.55,1477898882
000000029CE8,11.4379746835,1477899009
0000000296E0,14.0374100719,1477898841
00000001132C,41.6347826087,1477898883
000000019F73,31.8508474576,1477898885
00000001130B,42.4173913043,1477898485
000000019F41,36.4710280374,1477899000
00000001CAEF,37.1229357798,1477898635
000000019F78,29.6930232558,1477899029
0000000130A6,34.5345132743,1477899005
00000001B49D,37.5529411765,1477899028
00000001132D,32.9684210526,1477898903
00000001E245,39.4181818182,1477898845
000000011316,44.0275862069,1477898602
00000001B4BB,36.8470588235,1477899115
000000011314,36.5195876289,1477898601
000000011330,34.8428571429,1477898910
0000000130AB,37.5529411765,1477899045
00000001306F,24.0923076923,1477898896
000000014E5D,40.7172413793,1477898623
00000001CAF8,38.2588235294,1477899184
00000001E263,46.712195122,1477898412
000000018BA1,33.0711864407,1477898790
00000001B491,29.5937007874,1477898622
00000001B4A1,35.1412844037,1477898828
00000002B75E,11.1857142857,1477898429
00000002B768,15.4451612903,1477898927
000000018BA3,27.6765957447,1477898910
000000019F62,13.0285714286,1477898700
000000029CDC,13.3187713311,1477898509
000000011312,37.9636363636,1477898838
0000000296D9,17.2672566372,1477898413
00000001133C,18.5465968586,1477899094
00000001133D,35.1412844037,1477899059
00000001B4AF,36.4710280374,1477899000
000000011322,40.8727272727,1477898736
000000011321,32.7384615385,1477898746
00000001CAE5,22.3846153846,1477898486
000000011341,30.1606299213,1477899097
00000002B31E,18.0666666667,1477898698
0000000112FF,13.0285714286,1477898414
00000001B493,33.3538461538,1477898751
000000019F79,50.2243902439,1477899096
00000002AF5B,15.4245059289,1477899146
000000014E60,36.8307692308,1477898670
