16.9297297297|6|26.023|140.821|00000001080D|29
25.6736842105|2|25.674|0.000|000000010837|29
24.3974522293|3|24.730|0.221|00000001087F|29
24.8560509554|4|22.909|4.594|000000010885|29
32.1882352941|5|28.930|19.488|000000010888|29
31.4709677419|2|31.471|0.000|00000001088E|29
22.2697674419|4|24.773|19.391|00000001088F|29
27.0388489209|4|33.064|42.237|00000001089B|29
32.1142857143|5|33.142|0.969|00000001089C|29
29.5636363636|2|29.564|0.000|00000001089D|29
24.3974522293|3|22.874|4.642|0000000108A8|29
22.4|4|21.445|1.460|0000000108AD|29
33.5571428571|2|33.557|0.000|0000000108B0|29
23.7951219512|2|23.795|0.000|0000000108B4|29
31.9868852459|2|31.987|0.000|0000000108BC|29
29.1223880597|4|29.674|7.661|0000000108C2|29
24.8560509554|2|24.856|0.000|0000000108C4|29
26.0571428571|4|29.726|179.742|0000000108C6|29
25.2|1|25.200|0.000|0000000108CC|29
30.1606299213|3|26.555|26.003|0000000108CE|29
29.1348837209|4|35.247|37.470|0000000108D9|29
31.7268292683|2|31.727|0.000|0000000108E1|29
31.0611570248|2|31.061|0.000|0000000108E6|29
23.6444444444|3|30.202|86.006|0000000108E9|29
30.806557377|2|30.807|0.000|0000000108EA|29
24.5433962264|3|28.225|27.115|0000000108EF|29
29.6930232558|3|30.881|2.821|0000000108FE|29
21.0461538462|2|21.046|0.000|0000000108FF|29
21.6406779661|2|21.641|0.000|000000010900|29
27.041221374|3|31.115|33.197|000000010901|29
23.3440993789|2|23.344|0.000|00000001090C|29
23.3676646707|2|23.368|0.000|00000001090E|29
20.4834224599|5|21.911|42.934|0000000124E6|29
26.0571428571|6|25.213|44.204|00000001252A|29
25.3668874172|5|29.060|28.622|000000012580|29
28.4846715328|3|25.538|17.370|000000012583|29
25.3668874172|3|23.698|5.570|000000012599|29
23.9388535032|4|23.703|23.472|0000000125B0|29
30.3096774194|3|27.567|15.046|0000000125CE|29
29.2396946565|4|27.247|57.303|0000000125D0|29
28.5850746269|5|31.031|33.980|0000000125DF|29
16.130472103|3|17.495|3.722|0000000125E3|29
35.7981308411|3|32.272|24.863|0000000125F0|29
25.2|2|23.099|4.416|0000000125F7|29
27.4335766423|3|22.714|44.548|0000000125FC|29
27.5568345324|4|25.736|4.948|00000001438B|29
24.5538461538|4|22.296|6.915|0000000143AE|29
27.1|3|20.417|26.703|000000018511|29
26.1906040268|3|24.608|5.011|000000018514|29
28.1647058824|3|25.301|16.396|000000018528|29
24.2385093168|5|26.011|17.652|000000019814|29
27.9591240876|2|27.959|0.000|000000019822|29
26.6|5|22.860|51.314|000000019836|29
30.8903225806|4|25.684|28.811|000000019837|29
28.4846715328|3|31.180|14.534|000000019862|29
28.4727272727|5|25.205|57.326|000000019864|29
27.9591240876|4|28.394|47.225|000000019879|29
23.7873417722|4|20.744|9.584|00000001AC58|29
34.0615384615|3|28.420|63.646|00000001AC85|29
25.2|4|20.084|9.389|00000001AC90|29
22.9170731707|4|22.489|1.171|00000001AC93|29
31.9868852459|5|23.061|55.547|00000001ACA8|29
34.8428571429|3|29.252|62.508|00000001ACAF|29
30.8903225806|3|27.279|26.080|00000001ACD2|29
29.6930232558|3|23.772|70.111|00000001ACD9|29
24.8560509554|6|26.577|19.139|00000001C20A|29
34.2315789474|5|28.643|42.870|00000001C24A|29
19.328342246|5|18.499|7.101|00000001C24D|29
30.3096774194|5|26.910|12.078|00000001C272|29
25.1234042553|5|23.399|3.966|00000001C277|29
23.356097561|4|22.642|4.614|00000001C28F|29
27.5568345324|4|25.757|43.709|00000001C296|29
27.1659574468|7|23.098|51.631|00000001D98F|29
30.3096774194|8|31.152|68.856|00000001F024|29
10.4942465753|2|10.494|0.000|000000024FBE|29
10.3804878049|3|10.920|0.583|000000029484|29
10.4086956522|4|13.440|21.590|0000000294A9|29
15.735483871|3|14.052|5.670|0000000294B7|29
16.5818181818|2|16.582|0.000|0000000294BA|29
16.7884615385|2|16.788|0.000|0000000294BD|29
15.1255813953|2|15.126|0.000|000000029AD4|29
13.9717472119|4|13.839|2.086|00000002AA65|29
13.631316726|3|13.411|0.097|00000002B5AF|29
10.4655737705|4|12.630|6.169|00000002BA28|29
20.6557377049|4|17.548|12.674|00000002BA30|29
