22.5053892216|4|27.489|34.556|000000011BF9|29
23.6444444444|2|23.644|0.000|000000011C32|29
26.9746478873|4|27.567|8.094|000000011C46|29
18.0679245283|3|18.931|1.488|000000011C4B|29
20.4834224599|2|20.483|0.000|000000011C51|29
19.3731958763|3|19.940|0.642|000000011C54|29
14.6198473282|3|22.630|128.319|000000011C57|29
37.9247524752|5|36.892|1.789|000000011C61|29
20.2666666667|2|20.267|0.000|000000011C63|29
21.4417582418|2|21.442|0.000|000000011C6F|29
28.5850746269|2|28.585|0.000|000000011C76|29
22.9365269461|7|31.781|122.007|000000011C78|29
19.575|2|20.864|1.663|000000011C79|29
26.0571428571|3|25.086|1.887|000000011C7F|29
20.2666666667|3|26.959|89.562|000000011C80|29
18.4075471698|3|24.911|84.589|000000011C82|29
20.8173913043|2|20.817|0.000|000000011C85|29
16.5568281938|4|27.604|127.775|000000011C86|29
20.6476190476|2|20.648|0.000|000000011C8A|29
20.1921787709|2|20.192|0.000|000000011C8C|29
20.4834224599|4|26.237|35.928|000000011C8E|29
22.2697674419|3|26.200|30.899|000000011C91|29
44.8551724138|2|44.855|0.000|000000011C98|29
29.0181818182|4|33.081|23.191|000000011C9A|29
49.7454545455|2|49.745|0.000|000000011CA4|29
37.5853211009|3|36.020|4.901|000000011CA5|29
26.9746478873|3|29.983|18.102|000000011CA8|29
45.8341463415|3|45.825|0.000|000000011CAC|29
48.4860759494|3|46.260|9.915|000000011CAD|29
22.2697674419|2|22.270|0.000|000000011CB1|29
24.3974522293|4|30.934|45.490|00000001385D|29
15.0939759036|9|25.459|79.069|0000000138B0|29
39.7186813187|5|35.670|59.339|0000000138D3|29
40.7489361702|5|35.939|59.874|0000000138FD|29
20.4203389831|3|21.353|1.741|000000013951|29
29.0181818182|4|27.089|15.316|000000013962|29
20.3881188119|4|27.447|124.623|000000013967|29
14.7818181818|4|21.056|59.413|000000013989|29
22.9365269461|5|27.633|38.314|00000001398A|29
38.7463917526|4|31.231|74.635|0000000139A7|29
53.2|4|34.992|158.654|0000000139AD|29
33.6|3|25.504|66.522|0000000139C1|29
38.5043478261|3|32.683|67.781|0000000139CC|29
19.575|5|22.831|54.069|000000015754|29
23.3676646707|4|21.588|3.323|00000001579A|29
34.8428571429|5|34.326|85.328|0000000157C0|29
18.5043478261|2|18.504|0.000|000000016724|29
28.5850746269|5|31.628|9.361|00000001674D|29
31.3967213115|4|30.437|1.597|000000016757|29
19.7508196721|6|23.586|91.228|000000017F69|29
17.5477386935|4|19.462|5.975|00000001A5D5|29
23.0746987952|3|22.240|1.393|00000001A5E2|29
29.0181818182|9|29.541|59.557|00000001A5EB|29
34.2|1|34.200|0.000|00000001A5FB|29
39.9829787234|4|34.699|28.851|00000001A61E|29
22.4275862069|5|24.140|15.880|00000001BB96|29
24.5538461538|6|30.265|139.253|00000001BB97|29
22.4|3|20.783|5.227|00000001BBA1|29
22.2697674419|3|22.755|0.471|00000001BBAB|29
23.4993865031|4|27.045|53.869|00000001BBDA|29
44.8551724138|4|39.597|44.326|00000001BBDC|29
10.6772727273|16|25.474|109.405|00000001D089|29
23.3676646707|6|27.391|71.340|00000001D234|29
18.852173913|6|22.744|34.928|00000001D241|29
11.8936708861|5|21.306|89.460|00000001D271|29
42.4173913043|7|31.026|124.247|00000001EA1D|29
20.8684491979|7|29.794|80.922|00000001F8A7|29
14.5642585551|2|14.564|0.000|0000000298CA|29
29.925|1|29.925|0.000|0000000298CF|29
10.5520661157|2|10.552|0.000|0000000298DF|29
16.7484978541|3|16.912|0.053|0000000298E1|29
14.5090909091|2|14.509|0.000|0000000298E4|29
15.0803149606|2|15.080|0.000|0000000298E7|29
14.507063197|2|14.507|0.000|000000029EB0|29
11.2991150442|3|12.159|1.479|000000029ED9|29
20.5935483871|5|18.314|6.472|00000002A4DE|29
12.6415841584|5|12.862|9.433|00000002ACC2|29
11.7189189189|2|11.719|0.000|00000002B097|29
20.931147541|3|18.616|10.718|00000002B8E2|29
11.1396226415|4|12.668|3.417|00000002BD5A|29
12.8792079208|4|14.880|11.677|00000002C1F0|29
