17.7283018868|5|21.259|24.936|000000011543|29
27.5568345324|4|24.474|19.286|00000001154A|29
39.4886597938|2|39.489|0.000|00000001154E|29
38.7463917526|3|39.249|0.505|000000011551|29
27.1|2|33.182|36.988|000000011553|29
29.2396946565|2|29.240|0.000|000000011558|29
33.6|1|33.600|0.000|00000001155B|29
42.0923076923|4|35.441|63.265|000000011560|29
28.1647058824|6|26.224|124.775|000000011563|29
32.1230769231|2|32.123|0.000|000000011569|29
40.7489361702|2|40.749|0.000|000000011574|29
29.5636363636|3|26.889|14.312|00000001157F|29
37.9636363636|2|37.964|0.000|000000011585|29
32.1882352941|2|32.188|0.000|00000001158A|29
29.8285714286|3|32.909|18.981|00000001158D|29
34.6084033613|3|27.693|95.657|000000011592|29
31.4381679389|3|28.006|23.554|000000011596|29
42.2292134831|3|36.560|64.271|000000011599|29
28.2586466165|3|25.831|11.785|00000001159A|29
29.5636363636|2|29.564|0.000|0000000115A5|29
37.5529411765|2|37.553|0.000|0000000115AF|29
32.2512396694|2|32.251|0.000|0000000115B1|29
29.1223880597|2|29.122|0.000|0000000115B4|29
40.7489361702|2|40.749|0.000|0000000115B5|29
40.7489361702|3|31.825|159.289|000000013281|29
37.5529411765|3|31.340|77.190|0000000132AB|29
31.2|4|26.128|29.270|0000000132B4|29
25.5673469388|4|23.993|13.390|0000000132B6|29
23.3676646707|4|25.462|7.067|0000000132BA|29
33.7573770492|4|27.231|42.612|0000000132BD|29
24.8727272727|3|23.970|1.631|0000000132CB|29
27.5908396947|4|22.834|22.787|000000015078|29
34.5846153846|3|29.325|55.326|0000000163BC|29
37.9636363636|4|27.116|136.140|000000016D62|29
31.0736842105|5|24.467|31.158|000000016D67|29
15.0803149606|10|23.473|84.869|000000018CDD|29
32.4|3|19.143|91.657|00000001A09A|29
29.2396946565|4|27.192|36.930|00000001B612|29
33.6|5|31.268|34.133|00000001B621|29
24.2430379747|3|23.592|0.848|00000001B628|29
20.5935483871|3|20.565|0.002|00000001B629|29
36.1469387755|5|31.291|61.545|00000001B643|29
23.7951219512|4|26.552|95.073|00000001B64B|29
40.2309278351|4|30.127|102.838|00000001B650|29
46.4571428571|7|31.264|162.665|00000001B654|29
36.1384615385|3|31.006|52.685|00000001B667|29
40.852173913|3|34.665|76.569|00000001B670|29
32.7932773109|5|32.914|76.417|00000001CC55|29
30.7275590551|4|37.528|47.511|00000001CC5C|29
30.1606299213|5|26.981|24.243|00000001CC7A|29
38.6909090909|6|31.581|49.351|00000001CC7D|29
18.9623762376|6|25.436|53.795|00000001CC8A|29
25.2|4|21.926|35.467|00000001CC98|29
39.6|4|31.400|69.193|00000001CCA7|29
37.2118811881|4|29.931|53.028|00000001CCB0|29
35.4566037736|10|29.552|111.384|00000001E40A|29
32.7384615385|5|33.772|60.224|00000001E424|29
31.3967213115|5|28.819|14.889|00000001E43B|29
15.3831325301|2|15.383|0.000|00000002974C|29
18.0692307692|2|18.069|0.000|000000029763|29
18.2230088496|2|18.223|0.000|000000029766|29
17.1766816143|3|15.270|7.267|000000029D47|29
11.5373493976|3|13.519|7.857|000000029D4A|29
10.3787234043|4|13.105|16.028|00000002ABEF|29
18.7615384615|4|17.581|2.871|00000002AF90|29
21.7248554913|7|20.825|1.279|00000002B333|29
11.8588235294|2|11.859|0.000|00000002C0DE|29
