25.2|1|25.200|0.000|000000011741|29
25.5673469388|3|28.208|13.945|000000011744|29
49.7454545455|2|49.745|0.000|000000011746|29
35.7981308411|4|27.953|63.047|000000011747|29
25.6736842105|2|25.674|0.000|00000001174F|29
22.6650887574|4|26.873|17.728|000000011754|29
22.4275862069|3|21.220|2.915|000000011758|29
31.3967213115|3|26.199|54.023|000000011759|29
40.7489361702|5|35.291|31.578|00000001175C|29
21.3988826816|3|21.856|0.417|00000001175E|29
31.3967213115|3|31.451|0.006|000000011761|29
38.2588235294|2|38.259|0.000|000000011765|29
37.5529411765|2|37.553|0.000|000000011767|29
42.4173913043|2|42.417|0.000|00000001176D|29
35.7981308411|4|34.416|91.658|00000001176E|29
36.8470588235|3|31.186|64.095|000000011771|29
45.6|3|34.357|92.082|000000011773|29
30.1606299213|3|27.099|18.745|000000011774|29
17.9830985915|4|21.282|21.934|000000011783|29
18.4235294118|3|25.055|87.964|000000011788|29
19.7443298969|2|19.744|0.000|00000001178E|29
15.2|2|15.200|0.000|000000011793|29
18.5043478261|4|29.261|125.535|00000001179A|29
21.0461538462|3|27.726|89.230|00000001179C|29
22.688372093|3|20.238|12.009|0000000117AE|29
17.7333333333|2|17.733|0.000|0000000117B0|29
18.852173913|2|18.852|0.000|0000000117B6|29
20.0983957219|2|20.098|0.000|0000000117B7|29
20.4834224599|2|20.483|0.000|0000000117B9|29
17.7283018868|2|17.728|0.000|0000000117BA|29
19.4735751295|2|19.474|0.000|0000000117BB|29
26.6|1|26.600|0.000|0000000117C0|29
20.5953488372|2|20.595|0.000|0000000117C4|29
16.8|1|16.800|0.000|0000000117C5|29
19.6434782609|2|19.643|0.000|0000000117CE|29
31.8214285714|4|26.577|31.751|000000013456|29
32.7384615385|3|28.136|42.362|000000013461|29
17.9834101382|3|22.895|48.255|000000013466|29
16.8740088106|5|21.970|28.094|00000001346B|29
16.0941176471|4|19.178|9.909|00000001348F|29
23.3676646707|3|21.780|5.040|000000013491|29
16.5355932203|4|23.480|65.047|000000013499|29
22.4|4|21.055|5.104|0000000134A3|29
23.6444444444|4|25.436|56.085|0000000134A6|29
21.8511627907|3|19.718|9.100|0000000134A9|29
19.9330049261|3|19.968|0.002|0000000134B0|29
26.6|3|22.212|10.408|000000015253|29
22.9365269461|8|26.643|93.342|00000001645F|29
26.0571428571|5|27.278|26.774|000000018DE3|29
18.4075471698|9|25.207|60.332|000000018E31|29
16.8740088106|3|18.596|5.928|000000018E46|29
21.8511627907|5|25.770|18.174|00000001A1FD|29
42.4173913043|6|36.668|53.692|00000001A22C|29
30.7275590551|2|30.728|0.000|00000001A238|29
19.5428571429|3|20.979|4.127|00000001A23F|29
18.7764705882|4|22.980|25.484|00000001A24E|29
16.1620253165|4|28.902|184.657|00000001A24F|29
24.3974522293|2|24.397|0.000|00000001A26D|29
20.5935483871|2|20.594|0.000|00000001A282|29
23.7951219512|7|23.552|142.440|00000001B786|29
16.8786885246|7|19.976|31.882|00000001B79A|29
31.9868852459|3|28.199|28.694|00000001B7E7|29
31.9868852459|6|30.272|81.025|00000001B7E8|29
36.4710280374|5|28.166|68.054|00000001B7F1|29
34.480733945|4|26.298|71.041|00000001B7F8|29
23.356097561|7|21.722|36.086|00000001B800|29
22.4|6|31.518|137.160|00000001B807|29
20.5935483871|4|19.466|2.098|00000001B820|29
23.3440993789|3|23.466|0.030|00000001B82D|29
21.2338983051|3|20.336|1.612|00000001B82F|29
22.2697674419|4|22.073|4.971|00000001CE6E|29
23.0911242604|4|21.828|1.611|00000001CE7C|29
21.6406779661|9|22.280|93.103|00000001E5DE|29
11.3890909091|2|11.389|0.000|000000023276|29
14.5674418605|3|13.422|2.623|0000000297D2|29
10.049197861|3|10.718|0.893|0000000297D4|29
13.1393939394|3|13.716|0.666|0000000297D5|29
11.5722054381|2|11.572|0.000|0000000297D6|29
13.5349823322|2|13.535|0.000|0000000297E7|29
16.0941176471|2|16.094|0.000|0000000297E8|29
18.8689655172|4|15.391|12.198|000000029D6B|29
18.6985074627|3|16.127|13.228|000000029DC9|29
18.8689655172|6|18.662|14.460|00000002AFC7|29
12.1987261146|3|13.401|2.890|00000002B3B9|29
18.6309278351|4|18.280|12.586|00000002B3BC|29
20.1882352941|4|17.161|9.459|00000002B7FC|29
25.0153846154|3|22.527|12.385|00000002B814|29
12.6972972973|3|12.618|0.013|00000002B816|29
18.6717703349|3|16.601|8.578|00000002B818|29
