12.6|4|25.879|65.646|0000000113A7|29
39.4886597938|2|39.489|0.000|0000000113AB|29
32.7384615385|2|32.738|0.000|0000000113B3|29
26.6|1|26.600|0.000|0000000113B4|29
20.6476190476|4|28.620|66.627|0000000113B9|29
31.3967213115|2|31.397|0.000|0000000113BC|29
32.1882352941|4|37.337|27.487|0000000113BF|29
44.0275862069|2|44.028|0.000|0000000113C0|29
33.5571428571|4|29.344|25.722|0000000113C2|29
35.1567567568|4|38.734|12.926|0000000113CD|29
24.8727272727|2|24.873|0.000|0000000113D0|29
31.9135135135|3|32.808|1.601|0000000113D9|29
40.7489361702|3|34.270|83.961|0000000113DE|29
35.7981308411|3|39.444|26.590|0000000113E0|29
30.1606299213|2|30.161|0.000|0000000113EA|29
25.2|1|25.200|0.000|0000000113EB|29
46.712195122|3|44.232|12.299|0000000113EC|29
43.8471910112|2|43.847|0.000|0000000113F0|29
40.2309278351|2|40.231|0.000|0000000113F1|29
33.0206896552|6|29.522|73.841|000000013113|29
37.5230769231|4|40.454|17.900|00000001311C|29
37.5529411765|6|35.330|10.858|000000013120|29
35.7981308411|3|37.700|7.234|000000013148|29
32.1230769231|5|31.201|15.508|000000018C1C|29
25.2|1|25.200|0.000|000000019FBB|29
37.5529411765|4|37.218|11.367|000000019FC9|29
35.1412844037|7|31.846|90.641|00000001B4CF|29
24.8727272727|3|24.587|0.163|00000001B515|29
34.2|2|28.162|36.460|00000001B522|29
32.2714285714|6|30.794|43.962|00000001B526|29
33.5571428571|4|30.980|13.339|00000001CB46|29
26.6|3|34.124|55.963|00000001CB6B|29
29.0181818182|4|25.499|12.427|00000001CB75|29
45.4651685393|4|36.942|81.358|00000001CB81|29
27.9591240876|6|30.392|26.213|00000001E2E7|29
22.9365269461|3|33.130|207.816|00000001E315|29
20.8173913043|4|20.801|6.778|0000000296F1|29
10.2691689008|3|10.586|0.201|0000000296FF|29
11.7137614679|3|12.952|3.067|000000029705|29
21.9235955056|2|21.924|0.000|000000029709|29
16.4394849785|4|13.618|8.227|000000029CF0|29
18.5941747573|2|18.594|0.000|000000029CF5|29
15.4666666667|3|13.888|4.987|000000029D0D|29
