20.4834224599|2|20.483|0.000|000000010A78|29
21.2338983051|4|24.512|11.983|000000010AAF|29
32.4|3|29.809|49.631|000000010ACD|29
26.0571428571|2|26.057|0.000|000000010AD1|29
39.9829787234|2|39.983|0.000|000000010AD6|29
35.1412844037|2|35.141|0.000|000000010ADD|29
25.7073825503|2|25.707|0.000|000000010ADE|29
26.9746478873|2|26.975|0.000|000000010AE1|29
35.7981308411|3|29.993|67.397|000000010AE6|29
34.2|1|34.200|0.000|000000010AE8|29
17.3321266968|2|17.332|0.000|000000010AE9|29
29.6930232558|3|27.519|9.456|000000010AEF|29
38.6909090909|4|34.120|21.099|000000010B0F|29
29.5937007874|3|31.592|7.989|000000010B15|29
31.0736842105|3|30.240|1.391|000000010B1B|29
22.2697674419|3|22.309|0.003|000000010B22|29
37.5529411765|4|34.920|84.361|000000010B25|29
17.4904109589|2|17.490|0.000|000000010B37|29
22.0137931034|2|22.014|0.000|000000010B39|29
31.4709677419|2|31.471|0.000|000000010B3A|29
35.1412844037|2|35.141|0.000|000000010B3E|29
34.2315789474|2|34.232|0.000|000000010B43|29
30.8903225806|2|30.890|0.000|000000010B44|29
25.0153846154|2|25.015|0.000|000000010B49|29
44.8551724138|2|44.855|0.000|000000010B4A|29
23.2|2|20.630|6.604|0000000127E6|29
26.5764705882|4|22.507|33.182|0000000127F4|29
29.5937007874|2|29.594|0.000|00000001284A|29
25.5673469388|4|28.332|65.209|000000012854|29
28.1647058824|4|25.269|8.421|000000012865|29
44.0275862069|10|32.056|164.795|0000000145A6|29
18.45|4|17.405|16.569|0000000145CF|29
30.1606299213|5|25.775|23.598|0000000145D3|29
26.6|4|25.084|30.922|00000001460F|29
29.1348837209|7|27.751|50.564|000000016B35|29
43.2|4|31.712|57.345|000000017519|29
32.1882352941|3|31.330|1.472|0000000186BF|29
42.4173913043|5|31.663|90.501|0000000199E6|29
26.9746478873|9|32.281|67.444|000000019A09|29
31.0611570248|7|30.927|55.775|000000019A12|29
27.4816901408|5|26.512|84.092|000000019A3B|29
39.8204081633|3|33.356|83.587|000000019A3C|29
37.5230769231|5|31.385|62.868|000000019A4E|29
17.1|11|27.054|127.184|00000001ADFD|29
26.0571428571|5|30.097|42.385|00000001AE49|29
36.8470588235|7|36.610|120.027|00000001AE7B|29
37.5529411765|6|24.241|98.859|00000001AE7F|29
36.8307692308|5|30.040|114.691|00000001AEA1|29
30.9714285714|3|27.155|29.137|00000001AEAA|29
47.5902439024|3|38.582|162.297|00000001AEBA|29
12.9154639175|10|20.087|37.654|00000001C36B|29
32.7384615385|5|27.077|42.966|00000001C433|29
29.0181818182|6|28.938|50.133|00000001C456|29
36.8470588235|8|28.238|93.833|00000001C45B|29
37.1883495146|5|28.396|65.112|00000001C461|29
31.3967213115|3|25.385|72.287|00000001C472|29
40.852173913|11|29.808|173.937|00000001DB2E|29
33.5571428571|10|27.890|63.591|00000001DB47|29
44.0275862069|9|27.795|96.568|00000001DB5D|29
23.7951219512|9|30.295|79.648|00000001DB81|29
30.9714285714|8|27.273|16.746|00000001DB92|29
38.2588235294|6|26.045|84.423|00000001DBC6|29
29.0181818182|6|24.808|18.390|00000001F122|29
33.5571428571|5|26.683|36.470|00000001F135|29
19.0567164179|3|17.847|2.925|00000002952A|29
11.1179487179|2|11.118|0.000|000000029532|29
14.675862069|2|14.676|0.000|000000029537|29
16.4842105263|2|16.484|0.000|00000002953B|29
20.5935483871|5|15.898|21.385|000000029AD8|29
19.8593406593|3|19.712|0.043|000000029B30|29
14.4|2|13.363|1.074|000000029B58|29
14.2982332155|2|14.298|0.000|00000002B225|29
17.9009174312|4|17.452|7.332|00000002B615|29
12.0076677316|5|12.054|0.306|00000002B625|29
16.2305084746|3|14.386|6.805|00000002B627|29
15.8634146341|4|14.435|2.462|00000002B62C|29
15.1255813953|8|17.246|4.528|00000002BA83|29
19.4735751295|6|17.198|3.416|00000002BF0C|29
