37.4257425743|3|34.832|13.452|000000011D24|29
34.5081081081|7|33.331|88.693|000000011D2D|29
37.9247524752|2|37.925|0.000|000000011D2E|29
34.2|1|34.200|0.000|000000011D34|29
34.480733945|2|34.481|0.000|000000011D37|29
26.9746478873|2|26.975|0.000|000000011D3E|29
29.0181818182|2|29.018|0.000|000000011D48|29
32.7384615385|2|32.738|0.000|000000011D49|29
14.7323076923|4|26.292|145.979|000000011D4A|29
13.2539792388|3|22.626|175.663|000000011D53|29
41.6347826087|2|41.635|0.000|000000011D54|29
35.2|3|41.695|61.493|000000011D57|29
26.6553191489|3|28.307|5.455|000000011D5A|29
34.480733945|2|34.481|0.000|000000011D61|29
40.3764705882|3|39.101|3.251|000000011D62|29
28.047761194|2|28.048|0.000|000000011D63|29
39.4886597938|2|39.489|0.000|000000011D65|29
59.85|1|59.850|0.000|000000011D67|29
41.6347826087|2|41.635|0.000|000000011D6A|29
36.8470588235|2|36.847|0.000|000000013A29|29
40.2309278351|4|29.544|142.246|000000013A34|29
33.8973451327|3|26.368|113.372|000000013A62|29
46.712195122|7|36.240|116.254|000000013A63|29
35.1412844037|3|33.729|3.989|000000013A66|29
37.5230769231|4|33.964|17.974|000000013A6B|29
35.7981308411|3|36.360|0.630|000000013A91|29
41.6347826087|4|37.898|32.561|000000015861|29
26.9746478873|5|30.411|25.217|0000000167C3|29
40.65|4|37.856|9.257|0000000167F6|29
38.2588235294|4|42.502|18.047|00000001A672|29
50.6805194805|4|38.041|271.335|00000001BC1F|29
29.5937007874|3|33.440|29.585|00000001BC33|29
33.5769230769|3|35.176|5.116|00000001BC3B|29
33.6|6|29.117|70.179|00000001D2CD|29
36.8470588235|8|33.538|34.843|00000001D2ED|29
38.6909090909|6|35.340|31.204|00000001EABC|29
38.7463917526|10|32.507|100.187|00000001F905|29
11.0068965517|3|11.233|0.102|0000000298F7|29
11.8188679245|2|11.819|0.000|0000000298FD|29
14.5642585551|2|14.564|0.000|000000029902|29
22.5572254335|2|22.557|0.000|000000029905|29
16.8|1|16.800|0.000|000000029908|29
17.0063348416|3|17.497|0.481|00000002B48E|29
