37.2118811881|5|32.035|54.881|000000010F6F|29
22.6650887574|4|29.711|87.635|000000010FA4|29
23.0746987952|2|23.075|0.000|000000010FB7|29
29.5636363636|2|29.564|0.000|000000010FBA|29
35.7981308411|3|35.014|1.229|000000010FBC|29
38.6909090909|4|35.222|21.052|000000010FBE|29
14.1293233083|3|20.720|86.862|000000010FC4|29
34.2|2|32.547|2.734|000000010FC5|29
32.7384615385|2|32.738|0.000|000000010FC7|29
31.3967213115|3|30.803|0.706|000000010FC8|29
34.480733945|3|35.490|2.036|000000012D07|29
19.8593406593|4|28.181|72.087|000000012D3E|29
29.6262295082|11|30.347|111.951|000000014AAD|29
39.4886597938|6|31.250|93.836|000000014ACB|29
33.3538461538|4|30.550|14.464|000000016152|29
37.9636363636|7|30.408|76.403|000000016163|29
27.7565217391|4|27.406|24.363|00000001B21F|29
47.5902439024|4|40.045|57.369|00000001B233|29
29.0181818182|3|31.275|10.185|00000001B23A|29
36.8470588235|5|33.860|12.965|00000001C830|29
33.5571428571|4|32.494|16.034|00000001C831|29
13.887544484|2|13.888|0.000|000000029625|29
16.2305084746|2|16.231|0.000|000000029632|29
19.8466321244|4|16.727|11.606|00000002B6CC|29
13.3187713311|5|15.236|3.181|00000002BB54|29
