53.2|5|36.995|88.375|000000010594|29
31.8214285714|2|31.821|0.000|00000001059E|29
31.4709677419|2|31.471|0.000|0000000105A5|29
34.7294117647|6|37.197|19.948|0000000105B0|29
18.852173913|2|18.852|0.000|0000000105B3|29
39.9829787234|7|38.313|108.490|0000000105B5|29
44.0275862069|5|36.142|47.070|0000000105B7|29
39.4181818182|2|39.418|0.000|0000000105B8|29
38.6909090909|4|37.281|1.997|0000000105B9|29
36.8307692308|2|36.831|0.000|0000000105C1|29
46.712195122|2|46.712|0.000|0000000105C3|29
38.2588235294|3|33.808|39.613|0000000105CA|29
38.2588235294|3|37.921|0.228|0000000105D0|29
41.6|2|41.600|0.000|0000000105D8|29
29.5636363636|2|29.564|0.000|0000000105DA|29
35.1412844037|3|34.648|0.486|0000000105DD|29
29.1107913669|2|29.111|0.000|0000000105E2|29
40.7489361702|5|34.085|131.612|0000000122C9|29
39.4886597938|4|34.794|23.221|0000000122EA|29
32.1230769231|8|30.584|30.856|000000014058|29
36.8470588235|7|30.717|78.854|000000014073|29
36.8150943396|4|35.847|7.471|0000000140AF|29
32.7384615385|3|30.648|8.739|0000000171CB|29
38.6909090909|6|29.097|82.883|0000000182E5|29
34.8428571429|5|34.294|62.278|0000000182EC|29
19.7899441341|3|21.217|4.074|0000000182F1|29
32.7384615385|5|30.889|7.816|0000000195F8|29
28.4846715328|2|28.485|0.000|00000001961A|29
27.827027027|4|22.855|33.099|00000001AA55|29
41.6|5|35.900|37.548|00000001AA5C|29
38.6909090909|4|34.251|22.159|00000001AA63|29
37.5529411765|7|33.121|168.428|00000001BFE9|29
24.3974522293|6|32.311|76.981|00000001C02E|29
29.1107913669|5|28.968|26.505|00000001D767|29
34.2|4|36.075|4.508|00000001D776|29
14.2423357664|3|14.455|0.090|0000000293F2|29
18.1535545024|3|16.191|7.700|0000000293F9|29
20.931147541|2|20.931|0.000|000000029410|29
17.4214285714|3|17.490|0.010|00000002A026|29
12.1570093458|4|12.947|1.818|00000002A028|29
10.9333333333|3|10.847|0.015|00000002B560|29
14.1293233083|4|14.743|6.706|00000002B9C7|29
19.7090909091|5|21.014|14.829|00000002BE54|29
