33.2129032258|3|34.003|1.247|000000011073|29
38.7463917526|3|32.879|68.863|000000011074|29
34.2315789474|3|35.691|4.258|000000011081|29
29.8285714286|2|29.829|0.000|000000011089|29
37.5529411765|2|37.553|0.000|00000001108B|29
33.3538461538|3|36.473|19.461|00000001108F|29
35.4666666667|4|33.933|19.053|00000001109A|29
26.0571428571|2|26.057|0.000|0000000110A3|29
41.6347826087|2|41.635|0.000|0000000110AD|29
39.4886597938|2|39.489|0.000|0000000110AE|29
37.2618556701|6|34.196|18.836|000000012DF3|29
28.2586466165|7|26.197|61.875|000000012E07|29
24.5433962264|3|30.468|70.205|000000012E1D|29
39.4886597938|2|39.489|0.000|000000014BE1|29
41.6347826087|5|35.534|41.096|000000018A2C|29
34.9411764706|3|34.296|0.833|000000018A2F|29
45.6|1|45.600|0.000|000000019DDA|29
32.7384615385|6|28.767|92.030|000000019DE3|29
37.5529411765|5|34.230|21.941|000000019DEA|29
39.4886597938|6|31.768|65.506|000000019DF0|29
40.7489361702|2|40.749|0.000|000000019DF9|29
38.2588235294|3|36.267|7.938|00000001B2BC|29
32.7384615385|4|31.044|24.992|00000001B2D2|29
20.4203389831|3|22.495|8.611|00000001B2D9|29
29.1348837209|4|35.509|78.027|00000001C8F3|29
17.6516129032|3|15.757|7.180|000000029635|29
17.5706422018|2|17.571|0.000|00000002965A|29
16.9297297297|4|14.907|4.586|000000029C5E|29
