31.6561983471|4|25.574|38.419|000000010B4F|29
33.5571428571|2|33.557|0.000|000000010B98|29
29.6930232558|4|23.911|33.506|000000010BBA|29
30.806557377|3|31.426|0.768|000000010BD8|29
30.2769230769|3|26.018|36.278|000000010BDE|29
26.4676056338|2|26.468|0.000|000000010BDF|29
35.7981308411|7|36.181|48.236|000000010BE4|29
44.0275862069|3|36.079|126.360|000000010BEC|29
32.1882352941|2|32.188|0.000|000000010BED|29
31.3967213115|3|28.838|13.091|000000010BF3|29
29.6930232558|4|26.961|11.913|000000010BFB|29
21.6406779661|2|21.641|0.000|000000010BFD|29
32.1230769231|3|27.631|40.354|000000010BFF|29
22.1082352941|4|28.733|51.804|000000010C03|29
39.4886597938|2|39.489|0.000|000000010C18|29
29.0181818182|4|35.468|41.600|000000010C1E|29
24.9777777778|4|29.430|25.476|000000010C20|29
33.3538461538|3|27.739|63.051|000000010C21|29
28.1647058824|2|28.165|0.000|000000010C29|29
32.2714285714|2|32.271|0.000|000000010C2D|29
34.2|1|34.200|0.000|000000010C30|29
21.4417582418|3|28.237|92.344|000000010C31|29
29.0181818182|3|25.561|23.900|000000010C3D|29
29.0181818182|2|29.018|0.000|000000010C40|29
31.6561983471|3|28.888|15.327|000000010C41|29
28.5850746269|2|28.585|0.000|000000010C43|29
27.9591240876|2|27.959|0.000|000000010C47|29
30.8903225806|3|27.618|21.417|000000010C49|29
29.0181818182|3|33.785|45.437|000000010C4B|29
30.3096774194|2|30.310|0.000|000000010C4E|29
28.4846715328|2|28.485|0.000|000000010C53|29
32.7384615385|2|32.738|0.000|000000010C55|29
48.4860759494|2|48.486|0.000|000000010C65|29
21.5191011236|4|21.731|4.918|000000012894|29
30.7275590551|5|31.704|43.791|00000001289E|29
33.3538461538|4|24.303|82.326|0000000128AE|29
30.8903225806|5|27.044|20.680|0000000128B0|29
24.8727272727|4|23.623|1.598|0000000128EC|29
26.0571428571|3|24.919|2.592|0000000128F7|29
36.8470588235|4|28.318|77.444|0000000128FD|29
34.2|4|23.335|41.036|00000001290F|29
37.9247524752|3|32.454|59.864|00000001292C|29
27.5568345324|4|24.027|18.086|000000012935|29
36.4710280374|3|31.214|55.272|00000001296B|29
48.8103896104|5|30.709|222.951|000000014667|29
44.7428571429|4|34.735|131.328|00000001469E|29
28.4727272727|5|23.884|29.942|000000015FDB|29
26.9746478873|2|26.975|0.000|0000000175A4|29
25.8569343066|7|27.660|35.204|00000001870F|29
26.9746478873|5|24.081|6.822|000000019A48|29
33.6413793103|11|26.237|48.670|000000019A69|29
32.7384615385|4|26.192|45.670|000000019AAE|29
32.1882352941|3|31.599|0.694|000000019AB0|29
37.9636363636|6|29.041|142.349|000000019ACE|29
25.3668874172|5|25.821|63.805|000000019AF1|29
30.1606299213|5|29.977|42.599|000000019AFD|29
24.5538461538|2|24.554|0.000|000000019B03|29
22.9365269461|14|27.604|70.039|00000001AEFA|29
37.5529411765|7|25.434|87.709|00000001AF2F|29
33.6413793103|3|30.290|22.465|00000001AF62|29
29.2085106383|4|31.350|80.430|00000001AF7C|29
26.6|3|22.060|10.321|00000001C4E8|29
30.8903225806|8|32.132|56.187|00000001C4F6|29
29.5636363636|5|23.855|26.421|00000001C4F8|29
36.1358490566|7|30.737|60.385|00000001C515|29
38.2588235294|4|30.139|67.358|00000001C51E|29
29.6930232558|4|27.062|21.600|00000001C528|29
23.4993865031|5|21.648|9.772|00000001C52A|29
52.2|2|35.918|265.098|00000001C545|29
26.9746478873|7|26.726|112.086|00000001DC8E|29
28.4846715328|5|27.062|35.330|00000001DCA3|29
44.0275862069|5|34.032|109.663|00000001DCBD|29
11.6780487805|3|11.775|0.019|000000029556|29
18.0692307692|2|18.069|0.000|00000002955C|29
14.0307692308|2|14.031|0.000|00000002955D|29
14.5611940299|3|13.337|2.997|00000002955F|29
19.9102040816|3|19.111|1.276|000000029568|29
12.9405405405|3|12.859|0.013|000000029B83|29
17.4995515695|4|17.079|1.590|00000002A18D|29
14.0307692308|5|14.374|6.400|00000002B238|29
13.7784172662|3|13.098|0.926|00000002B64A|29
12.9154639175|2|12.915|0.000|00000002B65D|29
15.3272727273|5|14.445|6.951|00000002C36A|29
