26.6|1|26.600|0.000|0000000113B4|29
20.6476190476|6|28.883|44.782|0000000113B9|29
31.3967213115|2|31.397|0.000|0000000113BC|29
32.1882352941|5|34.381|56.936|0000000113BF|29
44.0275862069|2|44.028|0.000|0000000113C0|29
33.5571428571|4|29.344|25.722|0000000113C2|29
35.1567567568|5|37.747|14.241|0000000113CD|29
24.8727272727|4|27.024|43.771|0000000113D0|29
31.9135135135|5|31.757|19.506|0000000113D9|29
40.7489361702|4|34.102|63.055|0000000113DE|29
35.7981308411|3|39.444|26.590|0000000113E0|29
30.1606299213|2|30.161|0.000|0000000113EA|29
25.2|3|35.208|84.938|0000000113EB|29
46.712195122|3|44.232|12.299|0000000113EC|29
43.8471910112|3|34.869|161.214|0000000113F0|29
40.2309278351|4|37.791|6.164|0000000113F1|29
25.7073825503|3|26.045|0.229|0000000113F6|29
24.8560509554|3|29.019|34.663|0000000113F9|29
27.0388489209|3|30.026|17.845|000000013112|29
37.5529411765|7|33.774|23.840|000000013120|29
35.7981308411|3|37.700|7.234|000000013148|29
32.1230769231|5|31.201|15.508|000000018C1C|29
37.5529411765|5|35.289|23.973|000000019FC9|29
24.8727272727|3|24.587|0.163|00000001B515|29
34.2|2|28.162|36.460|00000001B522|29
32.2714285714|6|30.794|43.962|00000001B526|29
29.3413533835|3|31.490|9.236|00000001B540|29
29.0181818182|4|25.499|12.427|00000001CB75|29
45.4651685393|5|34.791|83.587|00000001CB81|29
27.9591240876|6|30.392|26.213|00000001E2E7|29
22.9365269461|5|29.744|220.528|00000001E315|29
12.3885714286|3|14.387|7.985|0000000296F3|29
11.7137614679|3|12.952|3.067|000000029705|29
21.9235955056|3|18.851|18.881|000000029709|29
15.4666666667|3|13.888|4.987|000000029D0D|29
18.1535545024|4|19.121|1.291|00000002A33D|29
