00000000AC79,17.1831932773,1477913127
00000000AC78,19.6615384615,1477913112
00000001E960,21.0804123711,1477913667
00000000AC8D,20.0470588235,1477913290
00000000AC8F,18.5890909091,1477913311
00000000AC8A,21.8226804124,1477913272
00000002A7F0,13.5123287671,1477913206
00000001E8AD,16.7606557377,1477913288
00000000ACAC,19.1102803738,1477913626
000000015641,23.3072164948,1477913133
00000000AC85,18.4373831776,1477913235
00000000AC81,16.6243902439,1477913199
00000000AC82,17.0709677419,1477913228
00000000AC83,21.0804123711,1477913212
000000013879,15.6571428571,1477913924
0000000281C1,18.7596330275,1477913937
00000000AC88,19.7831775701,1477913252
00000002A7F3,13.3647058824,1477913292
0000000137F6,23.7842696629,1477913375
0000000166BB,21.0804123711,1477913218
00000000AC7A,13.4526315789,1477913148
00000000AC7C,18.2571428571,1477913168
00000000AC7B,12.8603773585,1477913185
00000000AC7F,21.0804123711,1477913182
0000000281B5,20.5514563107,1477913491
00000000AC96,18.9692307692,1477913413
00000001381E,21.0804123711,1477913428
00000000AC93,21.3,1477913344
0000000281B2,17.494214876,1477913314
00000001E96F,17.1831932773,1477913828
00000002A803,17.1831932773,1477913887
00000000AC99,16.8,1477913433
00000000ACBC,20.6545454545,1477913745
00000001F849,19.6615384615,1477913913
00000000AC8E,20.2455445545,1477913306
00000001F82A,18.5684210526,1477913711
00000002C1D9,15.6571428571,1477913823
00000001565C,15.975,1477913241
00000000ACA5,22.2260869565,1477913559
00000001E90A,19.9272727273,1477913815
00000001909E,21.0804123711,1477913552
0000000281BD,10.0235294118,1477913824
00000000AC9D,16.7186440678,1477913470
0000000281BA,10.5948186528,1477913784
00000000AC9B,14.9454545455,1477913452
0000000166C6,14.4,1477913468
00000001E935,21.3,1477913308
00000000ACA1,19.7831775701,1477913518
00000000ACAD,17.7808695652,1477913628
00000000ACAB,19.1102803738,1477913623
00000000AC4F,22.9752808989,1477913180
000000013824,18.9333333333,1477913449
0000000166E6,19.3411764706,1477913610
0000000166E7,10.1227722772,1477913677
0000000166DE,21.8226804124,1477913525
00000002A4B4,12.9865030675,1477913776
00000000ACA9,19.3411764706,1477913585
00000000ACA7,20.3381443299,1477913574
0000000281B1,12.3180722892,1477913269
0000000166FA,17.7882352941,1477913796
00000000ACA4,17.6142857143,1477913562
0000000281B3,17.2097560976,1477913396
00000001F813,23.5034482759,1477913163
00000000AC91,19.6615384615,1477913332
00000001D12C,23.0086956522,1477913267
0000000166CE,22.4703296703,1477913410
0000000166CC,18.2482758621,1477913385
0000000281B9,11.1130434783,1477913739
00000001D110,18.0990825688,1477913173
0000000281B8,11.1737704918,1477913683
00000000ACB3,14.9255474453,1477913683
000000015691,18.7596330275,1477913705
00000000ACB9,16.7606557377,1477913754
0000000156CD,23.5034482759,1477913829
000000015695,21.0804123711,1477913575
00000000ACB0,20.0470588235,1477913646
00000000ACB1,20.9872340426,1477913647
00000000ACB6,17.4769230769,1477913706
00000000ACB4,19.6615384615,1477913673
00000000ACB5,14.5021276596,1477913703
00000000ACBA,17.1831932773,1477913755
00000000ACBD,20.55,1477913749
00000000ACBE,20.3381443299,1477913758
00000001E94A,21.4434782609,1477913540
00000000AC63,12.700621118,1477913107
00000002A7CB,13.1076923077,1477913228
00000000ACC7,19.6615384615,1477913847
00000000ACC1,23.0086956522,1477913791
00000000ACC0,16.8615384615,1477913804
00000000ACC2,16.1007874016,1477913816
000000029E8C,11.1737704918,1477913764
