0000000151D3,18.7596330275,1477906599
000000029D55,13.4571428571,1477906539
00000000AA76,19.4742857143,1477906839
00000000AA74,20.55,1477906493
00000000AA72,18.2571428571,1477906496
00000000AA70,18.368503937,1477906489
00000002811E,13.5417218543,1477906836
00000001E556,20.3381443299,1477906651
00000002A775,16.6243902439,1477906340
00000001F5F7,17.4769230769,1477906683
00000001B671,18.9692307692,1477906269
00000001E55A,17.7882352941,1477906600
00000000AA7E,14.498630137,1477906652
00000000AA7D,19.2905660377,1477906575
00000000AA7C,20.8285714286,1477906568
0000000151F4,14.9070422535,1477906864
00000001336B,20.9872340426,1477906738
000000016442,17.9368421053,1477906311
000000016446,19.1102803738,1477906326
00000001F5DF,20.0470588235,1477906341
00000001F5DE,17.4769230769,1477906346
00000001E57C,23.0086956522,1477906839
00000001644B,18.2571428571,1477906413
00000000AA5F,15.4909090909,1477906246
000000016474,18.0837209302,1477907030
00000001E564,20.0470588235,1477906707
00000001F5EA,19.3411764706,1477906649
00000001520C,21.4434782609,1477906913
000000016469,18.5684210526,1477906932
000000016462,14.7,1477906795
00000000AA8F,24.0494845361,1477906880
00000002C442,12.8603773585,1477906395
00000000AA8D,19.6615384615,1477906875
000000029758,21.9870967742,1477906354
00000000AA8A,19.3411764706,1477906829
00000002C448,12.78,1477906289
00000000AA8C,19.0702702703,1477906853
000000028150,10.0729064039,1477906757
00000000AA87,19.1102803738,1477906758
000000028152,16.2285714286,1477906808
00000000AA85,15.0153846154,1477906727
00000000AA88,14.9255474453,1477906842
00000000AA89,16.5781512605,1477906837
0000000150DF,18.2571428571,1477906501
000000015209,22.5191489362,1477906917
00000000AA65,18.4216216216,1477906320
00000002A77B,13.8162162162,1477906966
00000002A77A,23.1378640777,1477906850
0000000150C8,23.0086956522,1477906269
00000000AA95,20.0470588235,1477907016
00000000AA96,17.6275862069,1477907022
000000028149,20.8653061224,1477906311
00000001F5CE,20.7529411765,1477906288
00000000AA6D,15.8511627907,1477906454
00000000AA6E,22.9752808989,1477906459
00000000AA6F,18.2571428571,1477906476
00000000AA92,21.0804123711,1477906931
00000000AA6A,21.4018348624,1477906410
00000000AA80,17.4769230769,1477906673
00000001CD99,19.2905660377,1477906999
00000000AA6B,18.4216216216,1477906415
0000000296F3,17.3052631579,1477906913
00000001F5F9,20.0470588235,1477906731
000000016447,18.2571428571,1477906408
00000000AA68,19.6615384615,1477906370
00000001E520,19.7831775701,1477906503
00000000AA67,19.0702702703,1477906367
00000000AA1E,24.8170212766,1477906200
00000000AA61,23.0086956522,1477906257
00000000AA62,21.8018691589,1477906269
00000000AA63,17.2363636364,1477906495
00000002814C,13.5417218543,1477906419
00000002814A,12.8603773585,1477906385
00000002814D,12.8603773585,1477906482
0000000115B5,19.1533980583,1477906347
