00000000A73B,31.95,1477883122
00000000A73F,32.9806451613,1477883171
0000000160E5,35.8736842105,1477883003
00000001F2B5,28.6054054054,1477883124
0000000160E3,26.5558441558,1477882945
0000000280B4,21.3,1477883550
00000000A743,46.4727272727,1477883231
00000000A749,29.6347826087,1477883502
000000014977,27.6324324324,1477883091
00000001F2B0,31.5940298507,1477882800
00000001491A,29.4447761194,1477882895
000000019C6C,35.8736842105,1477883405
00000001F2C7,34.6576271186,1477883610
00000001C6DD,20.7412844037,1477882994
