00000000AD63,26.9052631579,1477915613
00000001D225,35.8736842105,1477915279
00000002A817,11.4876404494,1477915573
000000016798,30.5194029851,1477915274
00000001F8F2,29.6347826087,1477915857
0000000167BC,31.95,1477915985
00000001EA7B,37.9384615385,1477916055
00000000AD6C,25.9578947368,1477915830
0000000139E1,37.8666666667,1477916058
00000001D27B,39.2,1477915645
00000002C50C,16.7186440678,1477915443
00000001D275,23.776744186,1477915730
00000002A818,10.819047619,1477915284
00000001F8C5,19.1102803738,1477915220
00000000AD25,33.075,1477915263
0000000281D8,18.7327433628,1477915433
00000001A5ED,36.45,1477915663
000000011C1D,28.4,1477915568
00000000AD5D,35.8779661017,1477915515
000000011C35,31.95,1477915516
00000001EA45,24.4,1477915493
0000000157CA,26.1333333333,1477915315
00000001BBA4,28.6054054054,1477915414
0000000157C9,33.075,1477915536
00000001678A,16.7606557377,1477915229
00000000AD59,29.6347826087,1477915437
00000000AD50,22.2260869565,1477915222
000000016795,28.6054054054,1477915312
0000000281DA,12.5447852761,1477915770
00000002BD52,13.8162162162,1477915418
00000002BD57,15.2287769784,1477915950
00000001F8CC,23.5034482759,1477915300
000000015801,32.0842105263,1477915846
00000001678B,23.0086956522,1477915241
00000001F8DA,23.5034482759,1477915413
00000002979B,10.5402061856,1477915784
00000000AD78,26.2208955224,1477916019
00000000AD79,29.6347826087,1477916048
00000000AD72,28.4,1477915896
00000000AD73,37.9384615385,1477915885
00000000AD77,33.5213114754,1477915993
00000000AD74,37.8666666667,1477915890
000000016F1D,26.5558441558,1477915971
00000001F8ED,34.6576271186,1477915826
00000001D28F,31.8193548387,1477915887
