00000000AB6B,24.3310344828,1477910007
00000000AB6A,19.2905660377,1477909990
00000000AB6E,20.6545454545,1477910039
000000015405,19.7831775701,1477909962
00000000AB5F,18.2571428571,1477909736
000000016552,17.0709677419,1477909720
00000000AB70,14.4,1477910080
00000000AB71,17.6727272727,1477910096
00000000AB73,15.2597014925,1477910117
00000000AB76,19.3411764706,1477910126
00000000AB78,21.0804123711,1477910166
000000028178,12.6222222222,1477909650
000000028179,13.2779220779,1477909725
000000028174,19.6,1477909585
000000028173,13.8352941176,1477909583
00000000FB45,22.2260869565,1477909707
00000002817F,20.9584158416,1477909927
00000002817E,11.2090909091,1477909893
00000002817B,14.7107913669,1477909734
00000000AB7A,18.0923076923,1477910199
00000000AB7C,24.9365853659,1477910194
00000000AB7E,20.0470588235,1477910228
00000000AB7F,17.6727272727,1477910250
00000002A7A6,15.6091603053,1477909698
00000001B87C,18.0955752212,1477910276
00000000AB61,15.7970149254,1477909818
00000000AB60,14.7107913669,1477909751
00000000AB66,17.4769230769,1477909915
00000000AB64,20.6545454545,1477909872
00000000AB68,16.8615384615,1477909981
00000002A7AE,15.3391304348,1477910020
000000015432,17.1831932773,1477910078
00000002B7F8,15.3391304348,1477909608
00000001B88E,16.7606557377,1477909623
00000000AB54,20.7529411765,1477909560
00000000AB55,18.6893617021,1477909567
000000015440,17.4769230769,1477910090
00000000AB51,21.4434782609,1477909517
0000000153D6,17.1831932773,1477909691
0000000153E9,18.7596330275,1477909708
000000016582,19.9698113208,1477910033
00000000AB5A,19.4201834862,1477909642
00000001F6E6,18.7596330275,1477909836
000000028186,13.3647058824,1477910302
000000028184,18.4216216216,1477910228
000000028183,12.2086956522,1477910240
000000028180,12.9417721519,1477910025
00000001656B,16.4186915888,1477909925
000000016598,22.8705882353,1477910317
00000002A7B0,12.3069767442,1477910175
00000002A7B4,13.5417218543,1477910279
00000001659A,21.0804123711,1477910344
000000016565,22.05,1477909721
000000016567,16.7606557377,1477909792
0000000153C2,13.147826087,1477909594
00000001544F,19.2905660377,1477910186
00000001B827,21.4434782609,1477909720
000000028C15,11.6181818182,1477910208
00000001CF4E,18.7596330275,1477909997
000000029E0D,12.6,1477909947
000000015448,23.5034482759,1477910196
00000000AB5B,18.7596330275,1477909660
00000000AB59,19.9272727273,1477909631
00000001654A,22.9752808989,1477909570
000000016575,16.1007874016,1477910202
000000016572,18.0923076923,1477909865
00000001E741,18.5890909091,1477909976
00000001CF3A,15.2597014925,1477909804
000000016578,18.2571428571,1477909991
00000001F704,20.0470588235,1477910182
00000001E770,18.2571428571,1477910296
00000001F708,16.1007874016,1477910304
000000028182,19.2905660377,1477910050
00000002BC95,11.8196531792,1477909749
00000000AB85,21.0804123711,1477910348
00000000AB86,20.6545454545,1477910349
00000001CEFB,19.7831775701,1477909965
00000001657A,17.3508196721,1477910276
00000001540A,20.3538461538,1477909772
