000000013879,15.6571428571,1477913924
00000001E960,21.0804123711,1477913667
000000016710,21.7531914894,1477913998
00000000ACD1,20.7529411765,1477913974
00000000ACD2,21.1289719626,1477913984
00000000ACD8,16.6677165354,1477914046
00000000ACD9,21.8226804124,1477914031
00000000ACDB,15.9157894737,1477914069
00000000ACDC,17.9345454545,1477914053
00000000ACDD,18.2571428571,1477914100
00000000ACDF,16.7606557377,1477914140
00000000ACAC,19.1102803738,1477913626
0000000281C2,13.3132075472,1477914027
0000000281C3,11.2351648352,1477914061
0000000281C1,18.7596330275,1477913937
0000000281C7,14.8173913043,1477914199
0000000281C5,16.0390243902,1477914107
00000000ACB6,17.4769230769,1477913706
00000000ACE0,17.9368421053,1477914136
00000000ACE7,19.1102803738,1477914225
00000000ACB4,19.6615384615,1477913673
00000000ACE8,20.8653061224,1477914226
0000000281B5,20.5514563107,1477913491
00000000AC96,18.9692307692,1477913413
00000001E96F,17.1831932773,1477913828
0000000281B9,11.1130434783,1477913739
00000002A803,17.1831932773,1477913887
00000001E989,17.7882352941,1477914152
00000000ACE2,17.9428571429,1477914150
00000000ACBC,20.6545454545,1477913745
00000001F84F,14.5021276596,1477914227
000000016716,19.1102803738,1477914136
00000001F82A,18.5684210526,1477913711
00000001D1AE,17.9368421053,1477914087
00000002C1D9,15.6571428571,1477913823
00000002C4EC,13.3974683544,1477914171
00000000ACA6,20.0470588235,1477914093
00000000ACA5,22.2260869565,1477913559
00000001E90A,19.9272727273,1477913815
000000016712,22.2260869565,1477914059
00000001909E,21.0804123711,1477913552
0000000281BD,10.0235294118,1477913824
00000000AC9D,16.7186440678,1477913470
0000000281BA,10.5948186528,1477913784
00000000AC9B,14.9454545455,1477913452
0000000166C6,14.4,1477913468
00000000AC99,16.8,1477913433
00000000ACA1,19.7831775701,1477913518
00000001D164,19.1102803738,1477913986
00000001F85C,20.3538461538,1477914079
00000000ACAD,17.7808695652,1477913628
00000000ACAB,19.1102803738,1477913623
000000013824,18.9333333333,1477913449
0000000166E6,19.3411764706,1477913610
0000000166E7,10.1227722772,1477913677
0000000166DE,21.8226804124,1477913525
00000002A4B4,12.9865030675,1477913776
000000011B57,22.675862069,1477914169
00000001381E,21.0804123711,1477913428
00000000ACA9,19.3411764706,1477913585
00000000ACA7,20.3381443299,1477913574
0000000166FA,17.7882352941,1477913796
0000000166CE,22.4703296703,1477913410
0000000156F9,15.5338582677,1477914118
0000000281B8,11.1737704918,1477913683
00000000ACB3,14.9255474453,1477913683
000000015691,18.7596330275,1477913705
00000000ACB9,16.7606557377,1477913754
0000000156CD,23.5034482759,1477913829
000000015695,21.0804123711,1477913575
00000000ACB0,20.0470588235,1477913646
00000000ACB1,20.9872340426,1477913647
00000000ACB5,14.5021276596,1477913703
00000000ACBA,17.1831932773,1477913755
00000000ACBD,20.55,1477913749
00000000ACBE,20.3381443299,1477913758
00000001E94A,21.4434782609,1477913540
00000001570B,20.2455445545,1477914161
00000000AC69,16.6243902439,1477913629
00000000ACC7,19.6615384615,1477913847
00000000ACC1,23.0086956522,1477913791
00000000ACC0,16.8615384615,1477913804
00000000ACC2,16.1007874016,1477913816
000000029E8C,11.1737704918,1477913764
00000001671B,19.1102803738,1477914223
