00000002969D,11.2595744681,1477896695
000000016284,37.8666666667,1477896807
00000000F55F,26.5558441558,1477896676
00000000A8C7,24.9365853659,1477897110
00000000A8BA,30.5194029851,1477896771
00000000A8BC,29.4447761194,1477896841
00000002A2ED,11.1737704918,1477896670
0000000280ED,14.3027027027,1477896846
00000000A8CA,34.9894736842,1477897153
00000000A8C9,38.2426229508,1477897142
00000000A8C2,30.5194029851,1477897027
00000000A8C1,43.5063829787,1477896941
000000014DAF,34.6576271186,1477896800
000000014D92,39.3230769231,1477896386
00000000A8C5,35.8779661017,1477897065
00000000A8B4,39.3230769231,1477896627
000000016290,32.7652173913,1477897150
00000001E1DA,30.5194029851,1477896450
00000000A8B8,28.335483871,1477896710
00000001123E,34.6576271186,1477896925
000000016278,25.8835443038,1477896642
00000002C073,15.3391304348,1477896717
00000000A8B7,41.7306122449,1477896700
00000000A8B1,32.9806451613,1477896560
00000000A8B0,39.3230769231,1477896493
000000016270,29.6347826087,1477896424
00000001626B,41.7306122449,1477896339
00000001F413,31.5940298507,1477896354
00000001627B,26.5558441558,1477896714
