19.3411764706|4|23.349|48.054|00000000A64E|36
17.9368421053|3|18.843|1.644|00000000A661|36
20.0470588235|4|25.668|113.346|00000000A665|36
19.1102803738|2|19.110|0.000|00000000A666|36
18.2571428571|2|18.257|0.000|00000000A667|36
19.5326732673|2|19.533|0.000|00000000A668|36
19.7831775701|4|21.410|32.497|00000000A669|36
18.2571428571|3|18.358|0.020|00000000A66D|36
20.0470588235|2|20.047|0.000|00000000A66E|36
19.3411764706|2|19.341|0.000|00000000A66F|36
16.8991735537|2|16.899|0.000|00000000A670|36
17.1831932773|5|17.328|13.583|00000000A675|36
19.6615384615|3|20.560|1.614|00000000A676|36
15.8511627907|3|23.694|123.025|00000000A678|36
21.0804123711|2|21.080|0.000|00000000A679|36
18.9692307692|4|27.846|93.707|00000000A67C|36
11.2351648352|2|11.235|0.000|00000000A67E|36
20.5514563107|3|17.936|13.676|00000000A67F|36
16.5781512605|3|25.955|175.838|00000000A681|36
24.0494845361|3|26.986|17.245|00000000A684|36
16.6235294118|2|16.624|0.000|00000000A685|36
22.5191489362|2|22.519|0.000|00000000A686|36
20.0470588235|2|20.047|0.000|00000000A687|36
18.7596330275|3|19.827|2.279|00000000A688|36
16.8615384615|2|16.862|0.000|00000000A68B|36
18.6113207547|2|18.611|0.000|00000000A68E|36
15.4909090909|2|15.491|0.000|00000000A693|36
19.5326732673|2|19.533|0.000|00000000A695|36
20.7529411765|2|20.753|0.000|00000000A696|36
22.2260869565|2|22.226|0.000|00000000A697|36
17.9294117647|2|17.929|0.000|000000010B3D|36
16.1007874016|2|16.101|0.000|000000010B72|36
15.2597014925|2|15.260|0.000|0000000128B6|36
18.4216216216|2|18.422|0.000|000000012945|36
18.4373831776|2|18.437|0.000|0000000146CB|36
18.4373831776|6|20.857|66.843|0000000146CE|36
13.8330708661|3|17.086|21.160|0000000146E3|36
19.6615384615|4|17.360|7.218|000000014701|36
17.6142857143|4|20.559|73.463|000000014702|36
18.2571428571|3|15.997|10.215|000000014728|36
25.6351648352|3|21.583|32.838|00000001474C|36
21.7531914894|4|23.970|5.563|000000015FD1|36
18.9|4|23.100|19.375|000000015FD5|36
17.1831932773|3|22.267|51.684|000000015FE1|36
18.9|3|26.371|111.644|000000015FF4|36
15.5338582677|4|29.052|182.787|000000015FFE|36
19.6615384615|3|21.430|6.255|000000016003|36
22.2260869565|7|23.994|64.217|00000001C4D3|36
17.6275862069|4|17.844|0.886|00000001DC8D|36
16.5781512605|8|36.099|170.681|00000001F194|36
20.4631578947|9|24.350|81.697|00000001F196|36
20.2455445545|7|28.714|117.072|00000001F1AD|36
19.7831775701|4|26.236|81.544|00000001F1BB|36
13.252173913|2|13.252|0.000|00000002808D|36
16.44|2|15.427|1.027|00000002808E|36
13.5123287671|2|13.512|0.000|00000002808F|36
12.5447852761|3|13.116|0.653|000000028090|36
10.3272727273|2|10.327|0.000|000000028092|36
20.6545454545|2|20.655|0.000|00000002A19B|36
14.2067114094|4|16.063|7.234|00000002A698|36
