19.3411764706|3|21.148|6.529|00000000A6D2|36
35.325|2|23.733|134.365|00000000A6DA|36
34.6576271186|2|34.658|0.000|00000000A6DC|36
31.8193548387|2|31.819|0.000|00000000A6E1|36
37.1368421053|2|37.137|0.000|00000000A6E2|36
41.9744680851|3|44.271|10.546|00000000A6E7|36
35.1692307692|2|35.169|0.000|00000000A6E9|36
29.6347826087|2|29.635|0.000|00000000A6EB|36
37.1368421053|2|37.137|0.000|00000000A6ED|36
37.1368421053|2|37.137|0.000|00000000A6EF|36
32.3409836066|2|32.341|0.000|00000000A6F0|36
30.5194029851|2|30.519|0.000|00000000D5A2|36
29.4447761194|3|34.714|55.531|000000010CD8|36
26.9052631579|5|27.641|63.385|000000012A15|36
18.6893617021|4|20.974|5.488|0000000147E5|36
37.8|4|31.698|82.325|000000014806|36
18.7596330275|3|15.936|15.946|000000014833|36
32.9806451613|4|23.359|96.558|000000014835|36
20.3381443299|7|27.273|109.653|000000016054|36
30.5194029851|3|31.157|0.814|00000001605E|36
43.2|2|37.093|37.297|00000001606E|36
34.6105263158|5|30.454|104.713|000000016070|36
50.4|3|45.906|40.385|00000001607A|36
25.4608695652|9|30.871|81.871|00000001C5F6|36
17.4769230769|7|27.139|156.656|00000001DD50|36
37.9384615385|4|35.643|6.747|00000001DD97|36
10.8|1|10.800|0.000|00000002A1A2|36
10.6909090909|5|13.784|19.326|00000002A6BE|36
11.7906040268|2|11.791|0.000|00000002A6C2|36
13.7958041958|3|13.136|0.871|00000002BF7A|36
14.8173913043|6|17.295|14.825|00000002BF7C|36
15.975|3|13.946|2.137|00000002C38A|36
