29.814084507|3|32.735|17.062|00000000A730|36
39.3230769231|2|39.323|0.000|00000000A735|36
27.8526315789|3|26.822|2.123|00000000A736|36
30.825|4|28.063|46.283|00000000A737|36
31.95|1|31.950|0.000|00000000A73B|36
32.9806451613|2|32.981|0.000|00000000A73F|36
46.4727272727|3|42.192|36.648|00000000A743|36
35.8736842105|2|35.874|0.000|000000012B65|36
34.8179104478|3|35.577|1.153|000000014914|36
29.4447761194|5|28.193|34.083|00000001491A|36
28.4|4|32.162|190.871|000000014949|36
27.6324324324|5|27.892|60.800|000000014977|36
26.5558441558|4|32.779|94.449|0000000160E3|36
35.8736842105|4|29.724|71.964|0000000160E5|36
20.7412844037|5|25.089|110.660|00000001C6DD|36
28.335483871|4|26.567|15.917|00000001F2AD|36
31.5940298507|5|34.483|35.466|00000001F2B0|36
28.6054054054|4|27.794|6.378|00000001F2B5|36
31.5940298507|7|32.252|75.868|00000001F2B7|36
