13.4828025478|3|15.454|7.771|00000000AB19|36
20.6545454545|2|20.655|0.000|00000000AB1B|36
21.4018348624|2|21.402|0.000|00000000AB1E|36
19.5326732673|3|19.978|0.397|00000000AB1F|36
13.7|1|13.700|0.000|00000000AB20|36
21.0804123711|2|21.080|0.000|00000000AB25|36
16.8923076923|5|18.798|33.839|00000000AB27|36
18.4373831776|2|18.437|0.000|00000000AB2C|36
21.0804123711|4|19.704|3.249|00000000AB2E|36
24.3310344828|2|24.331|0.000|00000000AB32|36
17.9368421053|3|23.280|57.098|00000000AB33|36
18.2571428571|2|18.257|0.000|00000000AB35|36
20.2455445545|3|20.033|0.090|00000000AB36|36
18.4373831776|2|18.437|0.000|00000000AB37|36
22.9752808989|3|20.361|13.664|00000000AB3A|36
19.1102803738|3|25.867|91.304|00000000AB3C|36
20.0470588235|4|34.250|214.724|00000000AB3F|36
12.9789473684|2|12.979|0.000|00000000AB40|36
19.7831775701|3|19.847|0.008|00000000AB42|36
17.9368421053|2|17.937|0.000|00000000AB44|36
22.675862069|3|28.846|76.150|00000000AB48|36
21.8226804124|2|21.823|0.000|00000000AB49|36
16.7606557377|2|16.761|0.000|00000000AB4A|36
17.0068965517|3|17.176|0.057|00000000AB4B|36
20.7529411765|2|20.753|0.000|00000000AB4C|36
18.6113207547|2|18.611|0.000|00000000AB4D|36
20.1857142857|2|20.186|0.000|00000000AB4E|36
21.4434782609|2|21.443|0.000|00000000AB51|36
20.7529411765|2|20.753|0.000|00000000AB54|36
18.6893617021|2|18.689|0.000|00000000AB55|36
19.9272727273|2|19.927|0.000|00000000AB59|36
19.4201834862|2|19.420|0.000|00000000AB5A|36
18.7596330275|2|18.760|0.000|00000000AB5B|36
18.2571428571|2|18.257|0.000|00000000AB5F|36
22.2260869565|2|22.226|0.000|00000000FB45|36
17.4769230769|2|17.477|0.000|00000001352C|36
23.5034482759|2|23.503|0.000|00000001353B|36
17.1831932773|4|18.096|1.645|00000001536E|36
18.2571428571|2|18.257|0.000|000000015383|36
18.2571428571|4|24.344|180.124|000000015391|36
13.147826087|2|13.148|0.000|0000000153C2|36
17.1831932773|2|17.183|0.000|0000000153D6|36
18.7596330275|2|18.760|0.000|0000000153E9|36
21.4434782609|6|20.028|16.282|00000001650D|36
19.6615384615|3|21.741|8.644|000000016512|36
19.4742857143|5|19.710|12.124|000000016517|36
19.8315789474|3|20.733|1.624|000000016518|36
16.7606557377|7|21.210|22.274|00000001651C|36
21.3818181818|4|26.159|28.570|00000001652B|36
19.1102803738|4|22.211|13.193|000000016539|36
20.6545454545|4|22.047|2.225|00000001653F|36
22.9752808989|3|19.110|29.886|00000001654A|36
22.2260869565|4|25.759|41.721|00000001654D|36
14.4|3|23.348|65.673|00000001654F|36
17.0709677419|3|14.784|10.461|000000016552|36
22.05|2|29.495|55.422|000000016565|36
21.4434782609|5|22.004|1.995|00000001B827|36
16.7606557377|3|15.171|5.054|00000001B88E|36
18.5684210526|9|21.419|74.623|00000001CEBB|36
16.1704918033|3|17.773|5.136|00000001CF22|36
18.0990825688|4|20.703|14.857|00000001E6E4|36
18.0923076923|2|18.092|0.000|00000001E6EC|36
18.9692307692|6|27.946|218.260|00000001E706|36
17.4769230769|6|24.319|76.182|00000001F6AE|36
23.0086956522|4|27.733|27.319|00000001F6B9|36
10.0729064039|2|10.073|0.000|00000002816A|36
15.975|1|15.975|0.000|00000002816B|36
12.8941176471|2|12.894|0.000|00000002816C|36
25.5036144578|2|25.504|0.000|00000002816D|36
15.9157894737|3|16.107|0.073|00000002816E|36
15.3744360902|2|15.374|0.000|00000002816F|36
13.8352941176|2|13.835|0.000|000000028173|36
19.6|1|19.600|0.000|000000028174|36
12.6222222222|2|12.622|0.000|000000028178|36
14.0185430464|2|14.019|0.000|00000002A416|36
15.3744360902|4|14.676|2.994|00000002A7A3|36
15.6091603053|3|15.167|0.392|00000002A7A6|36
15.3391304348|4|18.459|33.353|00000002B7F8|36
