28.4|6|34.629|124.758|00000000A397|36
31.5940298507|3|34.792|20.452|00000000A39B|36
31.95|2|29.870|4.327|00000000A3A2|36
25.6207792208|4|28.611|30.304|00000000A3A4|36
31.95|5|28.039|70.900|00000000A3A6|36
25.2444444444|4|25.927|1.660|00000000A3AA|36
39.2|1|39.200|0.000|00000000A3AC|36
35.8736842105|3|38.818|17.342|00000000A3AE|36
27.6324324324|2|27.632|0.000|00000000A3B0|36
41.6571428571|2|41.657|0.000|00000000A3B1|36
48.6367346939|3|42.361|78.773|00000000A3B2|36
33.075|5|34.146|1.134|00000000A3B4|36
28.5913043478|6|29.021|64.562|00000000A3B5|36
35.8736842105|4|35.524|0.160|00000000A3B6|36
29.4|3|30.907|4.541|00000000A3BA|36
31.8193548387|2|31.819|0.000|00000000A3BC|36
24.7135135135|3|35.414|228.984|00000000A3BD|36
39.3230769231|2|39.323|0.000|00000000A3C0|36
43.5063829787|2|43.506|0.000|00000000E938|36
24.9365853659|3|25.753|1.334|000000013FF4|36
35.8736842105|3|29.343|85.292|00000001404F|36
29.7762711864|6|28.347|123.266|000000014069|36
46.9714285714|4|34.970|160.582|000000014080|36
16.1704918033|3|14.737|4.112|00000001408F|36
21.3818181818|5|31.471|241.463|000000015C87|36
37.1368421053|5|37.693|73.151|000000015C93|36
34.6576271186|6|32.974|79.380|000000015C98|36
17.6142857143|4|31.357|196.034|00000001D754|36
28.4|1|28.400|0.000|00000001D757|36
24.9365853659|4|31.785|67.616|00000001D760|36
10.8994475138|4|12.799|3.834|000000028007|36
16.3041322314|2|16.304|0.000|000000028E24|36
17.6275862069|2|17.628|0.000|000000029A25|36
