22.9752808989|3|20.361|13.664|00000000AB3A|36
19.1102803738|3|25.867|91.304|00000000AB3C|36
20.0470588235|4|34.250|214.724|00000000AB3F|36
12.9789473684|2|12.979|0.000|00000000AB40|36
19.7831775701|3|19.847|0.008|00000000AB42|36
17.9368421053|2|17.937|0.000|00000000AB44|36
22.675862069|3|28.846|76.150|00000000AB48|36
21.8226804124|2|21.823|0.000|00000000AB49|36
16.7606557377|2|16.761|0.000|00000000AB4A|36
17.0068965517|5|21.768|113.286|00000000AB4B|36
20.7529411765|2|20.753|0.000|00000000AB4C|36
18.6113207547|2|18.611|0.000|00000000AB4D|36
20.1857142857|2|20.186|0.000|00000000AB4E|36
21.4434782609|2|21.443|0.000|00000000AB51|36
20.7529411765|2|20.753|0.000|00000000AB54|36
18.6893617021|2|18.689|0.000|00000000AB55|36
19.9272727273|2|19.927|0.000|00000000AB59|36
19.4201834862|5|41.285|374.167|00000000AB5A|36
18.7596330275|3|19.917|2.677|00000000AB5B|36
18.2571428571|2|18.257|0.000|00000000AB5F|36
14.7107913669|3|15.096|0.297|00000000AB60|36
15.7970149254|2|15.797|0.000|00000000AB61|36
20.6545454545|2|20.655|0.000|00000000AB64|36
17.4769230769|2|17.477|0.000|00000000AB66|36
16.8615384615|2|16.862|0.000|00000000AB68|36
19.2905660377|2|19.291|0.000|00000000AB6A|36
24.3310344828|2|24.331|0.000|00000000AB6B|36
20.6545454545|2|20.655|0.000|00000000AB6E|36
22.2260869565|3|21.831|0.312|00000000FB45|36
17.4769230769|2|17.477|0.000|00000001352C|36
23.5034482759|3|22.123|3.810|00000001353B|36
18.2571428571|2|18.257|0.000|000000015383|36
13.147826087|2|13.148|0.000|0000000153C2|36
17.1831932773|2|17.183|0.000|0000000153D6|36
18.7596330275|2|18.760|0.000|0000000153E9|36
19.7831775701|2|19.783|0.000|000000015405|36
20.3538461538|5|29.915|224.257|00000001540A|36
19.1102803738|4|22.211|13.193|000000016539|36
20.6545454545|4|22.047|2.225|00000001653F|36
22.9752808989|4|19.326|22.555|00000001654A|36
22.2260869565|4|25.759|41.721|00000001654D|36
14.4|4|22.240|52.940|00000001654F|36
17.0709677419|4|16.274|14.504|000000016552|36
22.05|2|29.495|55.422|000000016565|36
16.7606557377|4|28.739|161.393|000000016567|36
16.4186915888|3|16.939|0.542|00000001656B|36
18.0923076923|3|28.128|201.438|000000016572|36
18.2571428571|3|21.653|23.069|000000016578|36
19.9698113208|3|24.436|39.899|000000016582|36
23.5034482759|3|29.776|78.697|000000016585|36
21.4434782609|5|22.004|1.995|00000001B827|36
16.7606557377|5|17.573|11.736|00000001B88E|36
19.7831775701|8|20.757|40.217|00000001CEFB|36
16.1704918033|4|19.134|9.407|00000001CF22|36
15.2597014925|3|19.852|42.175|00000001CF3A|36
18.7596330275|5|26.744|162.755|00000001CF4E|36
18.0990825688|6|23.972|108.308|00000001E6E4|36
18.0923076923|2|18.092|0.000|00000001E6EC|36
18.9692307692|9|26.850|185.005|00000001E706|36
18.5890909091|3|22.485|30.357|00000001E741|36
23.0086956522|4|27.733|27.319|00000001F6B9|36
18.7596330275|2|18.760|0.000|00000001F6E6|36
15.9157894737|3|16.107|0.073|00000002816E|36
15.3744360902|2|15.374|0.000|00000002816F|36
13.8352941176|2|13.835|0.000|000000028173|36
19.6|1|19.600|0.000|000000028174|36
12.6222222222|2|12.622|0.000|000000028178|36
13.2779220779|2|13.278|0.000|000000028179|36
14.7107913669|3|17.250|12.895|00000002817B|36
11.2090909091|2|11.209|0.000|00000002817E|36
20.9584158416|2|20.958|0.000|00000002817F|36
12.6|2|12.600|0.000|000000029E0D|36
15.3744360902|5|15.395|4.465|00000002A7A3|36
15.6091603053|4|14.791|0.718|00000002A7A6|36
15.3391304348|3|18.483|19.773|00000002A7AE|36
15.3391304348|4|18.459|33.353|00000002B7F8|36
11.8196531792|4|12.624|3.368|00000002BC95|36
