31.6|2|39.464|61.846|00000000A7E8|36
31.95|1|31.950|0.000|00000000A7EE|36
34.6576271186|2|34.658|0.000|00000000A7F1|36
26.7949367089|2|26.795|0.000|00000000A7F2|36
20.6545454545|2|20.655|0.000|00000000A7F3|36
34.1419354839|2|34.142|0.000|00000000A7F4|36
39.3230769231|2|39.323|0.000|00000000A7F6|36
31.95|1|31.950|0.000|00000000A7F8|36
39.3230769231|3|41.323|8.000|00000000A7F9|36
21.7531914894|2|21.753|0.000|00000000A7FA|36
39.2|2|33.201|35.983|00000001108A|36
28.4487804878|5|26.895|146.864|000000014BD2|36
27.6324324324|3|22.595|50.748|000000014BD4|36
36.5333333333|5|27.006|142.767|000000014BD8|36
29.4|4|23.641|49.297|000000014BF6|36
25.3565217391|3|24.610|1.113|0000000161B4|36
23.7405405405|4|26.754|28.045|0000000161BC|36
31.5940298507|6|33.432|8.351|0000000161C1|36
40.9263157895|4|38.038|19.569|0000000161C6|36
35.8736842105|3|34.829|2.183|00000001E084|36
38.8|3|34.834|31.457|00000001E089|36
30.6782608696|5|31.363|65.549|00000001F380|36
32.0727272727|4|36.876|26.500|00000001F395|36
19.6|1|19.600|0.000|0000000280CD|36
13.7503759398|2|13.750|0.000|0000000280CF|36
18.9983193277|2|18.998|0.000|000000029C59|36
20.007079646|2|20.007|0.000|00000002A28F|36
13.3775147929|2|13.378|0.000|00000002C3D0|36
