18.2571428571|3|18.004|0.128|00000000A638|36
19.6033613445|2|19.603|0.000|00000000A639|36
19.1102803738|3|19.446|0.226|00000000A63A|36
12.6222222222|2|12.622|0.000|00000000A63B|36
19.2905660377|2|19.291|0.000|00000000A640|36
14.7107913669|2|14.711|0.000|00000000A644|36
19.4201834862|3|17.490|7.454|00000000A648|36
17.091588785|4|17.343|8.810|00000000A649|36
14.0054794521|2|14.005|0.000|00000000A64A|36
21.0804123711|2|21.080|0.000|00000000A64D|36
21.7531914894|2|21.753|0.000|00000000A64F|36
20.3381443299|2|20.338|0.000|00000000A652|36
23.0086956522|3|32.105|165.468|00000000A655|36
16.6677165354|2|16.668|0.000|00000000A656|36
20.3381443299|2|20.338|0.000|00000000A65B|36
13.3090909091|2|13.309|0.000|00000000A65D|36
20.6545454545|2|20.655|0.000|00000000A65F|36
17.1831932773|2|17.183|0.000|00000000EE5D|36
16.1704918033|2|16.170|0.000|000000010B02|36
19.6615384615|3|19.939|0.154|000000012867|36
21.7531914894|7|21.818|55.421|000000014578|36
20.3538461538|5|19.749|8.807|000000014625|36
14.8330827068|2|14.833|0.000|000000014660|36
17.4769230769|4|20.625|74.259|000000014690|36
23.0086956522|3|20.379|13.829|0000000146AE|36
18.2571428571|3|16.521|6.025|0000000146B7|36
18.2571428571|3|22.983|44.661|000000015F59|36
19.1102803738|4|21.732|15.247|000000015F78|36
15.6857142857|4|19.631|23.432|000000015F7A|36
14.2|4|32.688|161.503|000000015F80|36
17.0709677419|3|22.192|52.447|000000015F85|36
19.7831775701|4|24.182|26.772|000000015F93|36
18.0990825688|4|24.346|155.171|000000015F96|36
21.8226804124|3|25.135|21.948|000000015F99|36
20.8653061224|4|24.085|35.024|000000015FA6|36
23.5034482759|3|22.668|1.396|000000015FAE|36
16.7606557377|3|23.039|78.840|000000015FB3|36
18.0990825688|3|25.064|97.015|000000015FBD|36
24.3|15|26.219|141.291|00000001DB2E|36
14.4|7|22.790|62.664|00000001DBF7|36
14.7107913669|7|23.302|190.810|00000001DC01|36
19.1102803738|4|22.068|12.753|00000001DC07|36
21.0804123711|5|22.525|57.651|00000001DC25|36
19.6615384615|5|22.032|33.707|00000001DC2D|36
19.3411764706|5|25.795|46.373|00000001DC43|36
20.1857142857|6|30.875|202.401|00000001F15F|36
15.1448275862|6|25.122|92.308|00000001F17B|36
19.6033613445|2|19.603|0.000|000000028086|36
15.5647058824|2|15.565|0.000|00000002808C|36
12.6|2|12.600|0.000|00000002A14E|36
10.2753768844|3|10.972|0.971|00000002A158|36
13.0242038217|2|13.024|0.000|00000002A15C|36
18.4216216216|3|16.951|4.325|00000002A15D|36
18.9333333333|2|18.933|0.000|00000002A162|36
10.9678756477|2|10.968|0.000|00000002A68A|36
11.8196531792|3|12.739|1.691|00000002A699|36
