37.8666666667|3|38.766|1.618|00000000AEBE|36
30.5194029851|6|36.959|189.932|00000000AEBF|36
40.2612244898|7|36.726|93.587|00000000AEC0|36
10.0235294118|2|10.024|0.000|00000000AEC1|36
51.3818181818|2|51.382|0.000|00000000AEC4|36
43.5063829787|2|43.506|0.000|00000000AEC5|36
33.5213114754|2|33.521|0.000|00000000AEC8|36
48.6857142857|6|40.608|52.172|00000000AEC9|36
35.5701492537|2|35.570|0.000|00000000AECB|36
25.8835443038|2|25.884|0.000|00000000AED1|36
33.075|1|33.075|0.000|000000013CF5|36
43.5063829787|4|43.892|10.420|0000000168EC|36
41.7306122449|4|44.912|15.389|0000000168F0|36
29.4447761194|12|36.016|150.834|00000001BD87|36
41.9744680851|3|40.545|4.089|00000001ECA9|36
38.9106382979|4|40.381|10.685|00000001FA64|36
12.5447852761|2|12.545|0.000|00000002821C|36
12.6|3|15.513|16.974|00000002C280|36
