19.6615384615|3|19.124|0.578|00000000A4D7|36
16.1174311927|2|16.117|0.000|00000000A4E2|36
16.5781512605|2|16.578|0.000|00000000A4FD|36
19.1102803738|2|19.110|0.000|00000000A4FE|36
17.6142857143|4|18.998|10.964|00000000A500|36
19.6615384615|2|19.662|0.000|00000000A502|36
16.8615384615|2|16.862|0.000|00000000A50A|36
23.5034482759|5|28.425|205.930|00000000A50B|36
16.6677165354|2|16.668|0.000|00000000A50C|36
14.0054794521|2|14.005|0.000|00000000A50E|36
20.7529411765|2|20.753|0.000|00000000A517|36
16.8615384615|2|16.862|0.000|00000000A518|36
18.7327433628|2|18.733|0.000|00000000A519|36
15.4510948905|2|15.451|0.000|00000000A51A|36
19.6615384615|2|19.662|0.000|00000000A51D|36
19.4201834862|4|34.193|243.498|00000000A520|36
16.1007874016|3|22.436|80.267|00000000A523|36
17.9368421053|2|17.937|0.000|00000000A525|36
21.0804123711|2|21.080|0.000|00000000A526|36
21.7531914894|2|21.753|0.000|00000000A528|36
20.0470588235|3|28.267|135.144|00000000A529|36
19.9698113208|2|19.970|0.000|00000000A52C|36
21.3818181818|2|21.382|0.000|00000000A52E|36
17.8076335878|2|17.808|0.000|00000000A531|36
20.3538461538|2|20.354|0.000|00000000A532|36
18.6113207547|2|18.611|0.000|00000000A535|36
20.6545454545|2|20.655|0.000|00000000A53A|36
18.0990825688|2|18.099|0.000|00000000A53B|36
16.7606557377|2|16.761|0.000|000000010879|36
20.3538461538|4|28.080|60.873|000000012556|36
17.9368421053|2|17.937|0.000|000000014370|36
18.0990825688|3|19.273|2.755|0000000143AD|36
23.5636363636|3|20.124|23.662|0000000143C1|36
20.6545454545|3|17.509|19.788|0000000143CE|36
15.6091603053|3|20.934|56.704|000000015DED|36
22.8363636364|4|21.535|1.700|000000015DF0|36
15.4105263158|5|26.770|148.097|000000015DFD|36
21.0804123711|5|23.190|15.681|000000015E00|36
13.9102040816|3|19.816|69.765|000000015E10|36
18.0923076923|4|22.773|50.650|000000015E12|36
16.7606557377|4|17.629|29.602|000000015E1A|36
20.4631578947|4|20.849|1.711|000000015E22|36
20.1857142857|4|23.605|17.198|000000015E25|36
21.4434782609|3|27.592|75.614|000000015E2C|36
16.6243902439|3|19.847|20.765|000000015E2D|36
17.3052631579|3|26.560|171.308|000000015E34|36
17.4769230769|6|24.480|66.917|00000001C1C9|36
22.2260869565|7|29.845|151.298|00000001C1CE|36
19.6615384615|4|28.153|96.483|00000001C201|36
17.4769230769|8|19.880|19.297|00000001D8E6|36
17.1831932773|4|19.167|60.217|00000001D95B|36
20.0470588235|3|24.706|43.409|00000001D97A|36
18.0990825688|5|28.851|77.736|00000001D98D|36
17.0068965517|5|21.790|34.575|00000001D992|36
17.6625|4|27.268|61.043|00000001D9AB|36
20.6545454545|5|29.981|85.564|00000001D9B0|36
20.6545454545|5|32.534|114.396|00000001F014|36
18.2571428571|4|21.114|18.634|00000001F02A|36
21.8037735849|4|25.729|24.624|00000001F02F|36
22.4307692308|5|25.396|21.923|00000001F033|36
22.2260869565|4|27.761|31.664|00000001F036|36
16.7779816514|4|21.557|41.804|00000001F03D|36
21.0804123711|5|29.792|112.849|00000001F042|36
11.36|3|25.684|127.280|00000001F047|36
14.8330827068|3|14.611|0.099|000000028042|36
10.5497326203|2|10.550|0.000|000000028044|36
12.700621118|2|12.701|0.000|000000028046|36
15.1140495868|2|15.114|0.000|000000028047|36
18.9658536585|2|18.966|0.000|000000029454|36
15.2287769784|2|15.229|0.000|00000002949C|36
22.4181818182|2|22.418|0.000|00000002A0A8|36
28.0109589041|3|22.154|68.603|00000002A0AE|36
11.2731428571|4|12.144|3.258|00000002A64A|36
15.4909090909|4|15.969|0.979|00000002A64C|36
15.3744360902|3|14.768|0.735|00000002A651|36
13.4204081633|3|13.915|0.490|00000002A655|36
15.3744360902|8|16.893|13.343|00000002B595|36
12.3567567568|3|14.394|8.304|00000002BEB5|36
11.7428571429|6|13.419|4.265|00000002C31A|36
15.0352941176|5|14.921|0.551|00000002C325|36
