00000001E9DD,25.3421052632,1477915177
00000002BD25,16.7692307692,1477915175
00000001E96A,18.3495145631,1477915254
000000013739,23.7735849057,1477914946
00000001A5A2,21.3260869565,1477914976
000000013968,17.4193548387,1477915168
0000000157D5,45.8571428571,1477915650
0000000139C6,32.974789916,1477915454
000000013910,37.3980582524,1477915404
00000001BB59,18.8823529412,1477914948
000000015766,18.2608695652,1477915155
000000016739,36.0,1477915432
0000000139A6,12.1514195584,1477915600
00000001D28D,21.976744186,1477915676
000000015752,16.6271186441,1477915050
0000000190DC,20.5445026178,1477915241
