18.9375|7|31.325|164.023|0000000108C6|30
19.0693069307|7|21.101|17.171|0000000125FD|30
22.9473684211|4|21.628|3.912|000000012666|30
18.3495145631|4|19.284|7.761|000000012687|30
19.3567839196|6|22.503|33.006|000000012697|30
21.3260869565|4|20.088|4.815|00000001269F|30
23.0658682635|5|20.522|25.318|0000000126AF|30
14.8725868726|4|16.280|13.051|0000000126B2|30
21.7627118644|6|21.670|3.619|000000015E66|30
23.487804878|10|32.063|101.521|000000016AC3|30
15.2252964427|9|23.181|51.599|00000001AC95|30
22.3953488372|4|21.952|10.132|00000001AD1D|30
22.3953488372|11|26.350|88.827|00000001C258|30
14.4269662921|5|17.834|7.878|00000001C309|30
16.6519823789|10|27.381|163.267|00000001D9B9|30
23.0658682635|9|26.300|91.609|00000001D9CF|30
15.5951417004|8|23.339|44.953|00000001DA12|30
10.2717391304|2|10.272|0.000|0000000294C1|30
18.2511627907|3|15.843|11.601|0000000294C5|30
12.7128712871|5|15.193|13.221|000000029AF4|30
