15.7590361446|3|17.770|8.090|0000000117BF|30
22.2658959538|5|21.271|2.533|00000001353C|30
21.1648351648|4|20.495|0.552|00000001358D|30
12.5472312704|10|19.921|53.019|000000015244|30
17.135371179|7|18.939|2.372|000000015251|30
22.1379310345|8|19.957|3.267|000000015343|30
22.8139534884|7|22.074|19.067|00000001651C|30
18.1698113208|10|21.376|106.549|00000001B786|30
19.4545454545|7|20.018|5.055|00000001CEC9|30
17.4298642534|4|15.169|6.709|000000029D6D|30
13.6113074205|4|12.903|1.096|00000002A3D7|30
