00000002B965,11.8936708861,1477928913
00000001203F,39.9829787234,1477928729
00000001203D,31.8508474576,1477928719
000000013DCE,46.4571428571,1477928739
0000000299B8,18.3661016949,1477928629
00000001BE6D,38.0210526316,1477929128
000000012047,39.9829787234,1477929032
000000013DBD,41.6769230769,1477929207
000000012036,42.7090909091,1477928638
00000002BE0A,18.0692307692,1477929061
00000001BE64,34.7538461538,1477928923
00000001A8B3,36.1384615385,1477929244
00000001204A,37.5230769231,1477928915
000000012058,35.3872340426,1477929254
000000013DCC,39.9829787234,1477928663
000000012052,34.2315789474,1477929148
00000002B96D,14.0949152542,1477929154
000000015B93,39.2869565217,1477929007
000000012037,36.8816326531,1477928662
00000002B125,11.3204819277,1477928611
000000012035,36.1636363636,1477928606
00000001BE5C,38.4510638298,1477928492
