000000010769,34.8,1477870597
000000010767,19.3731958763,1477870617
000000019701,31.8508474576,1477870272
00000001AB92,22.3422680412,1477870442
0000000183C1,30.3096774194,1477870123
000000012455,28.047761194,1477870181
000000010778,25.8,1477870681
000000010777,41.514893617,1477870659
00000001245B,29.3625,1477870235
000000019738,29.5636363636,1477870703
00000002A069,13.5879699248,1477870164
000000012449,37.5230769231,1477870317
000000012444,39.8204081633,1477870078
000000010745,26.3675675676,1477870404
000000010741,33.8625,1477870379
000000017270,16.9714285714,1477869958
000000029A8A,12.2823529412,1477870195
00000001AB4F,24.0923076923,1477870100
00000001ABAB,18.2446601942,1477870639
00000001075C,29.8285714286,1477870551
00000001C0F4,24.4051948052,1477869951
000000012477,34.2315789474,1477870501
000000012474,25.3945945946,1477870400
000000010751,31.7052631579,1477870478
000000010752,29.6262295082,1477870497
000000010754,46.1106382979,1477870502
000000010759,28.2782608696,1477870537
00000001247F,32.9684210526,1477870736
00000001C0FC,33.5571428571,1477869981
0000000106FE,36.8470588235,1477869928
00000001074D,38.3510204082,1477870455
00000002944A,14.1293233083,1477870321
0000000106FB,23.4253521127,1477869921
000000019702,21.6,1477870266
000000010727,17.9009174312,1477870229
00000001AB52,29.3625,1477870064
000000010722,22.9170731707,1477870193
0000000196E1,31.8508474576,1477870074
000000010743,30.6305084746,1477870380
00000001073D,31.4709677419,1477870366
00000001073C,40.1333333333,1477870354
000000010658,34.2315789474,1477869956
0000000106FC,29.5636363636,1477869919
0000000141BE,34.8,1477870028
00000001AB64,32.9684210526,1477870202
00000001C125,34.7538461538,1477870336
0000000196F8,31.8508474576,1477870181
00000001ABBD,34.8,1477870749
00000001AB5A,33.5571428571,1477870077
00000001D828,32.9684210526,1477870012
0000000196A0,49.8857142857,1477870486
00000001AB8B,34.8,1477870423
00000001AB8F,36.1384615385,1477870473
000000029A81,15.9254237288,1477870062
000000029A9C,21.3545454545,1477870425
000000012433,30.3096774194,1477870024
000000010785,31.4709677419,1477870739
00000001071E,32.3462686567,1477870427
00000001071C,34.7538461538,1477870156
000000010711,21.8511627907,1477870416
000000010712,25.3945945946,1477870119
00000001243B,32.9684210526,1477870379
00000001EF60,36.1384615385,1477870573
00000001C11E,23.7873417722,1477870324
000000010782,33.7935483871,1477870724
00000002B588,18.6059405941,1477870281
