000000029F9F,12.1192546584,1477927380
00000001BE31,46.4571428571,1477927317
00000001D55C,31.7052631579,1477927546
00000001D578,52.7351351351,1477928036
000000012000,39.8204081633,1477927442
00000001943C,48.8432432432,1477927249
000000012009,34.8,1477927598
00000001200D,34.2315789474,1477927694
000000013DB0,33.6413793103,1477927978
00000001BE46,36.1333333333,1477927916
00000001A88D,36.1384615385,1477927270
0000000299A9,16.6300884956,1477927584
00000001A854,27.9157894737,1477927839
00000001944E,58.572972973,1477927673
000000012016,39.9829787234,1477927843
000000015B3F,36.1384615385,1477927878
000000012010,37.5230769231,1477927720
