00000001B763,20.4260869565,1477908287
00000001A256,21.9235955056,1477908152
0000000117AF,22.9170731707,1477908281
0000000297E4,26.1108433735,1477908265
00000001B7A1,21.8511627907,1477908153
00000001F63C,21.9235955056,1477908107
0000000297E1,14.7333333333,1477908201
00000002B819,15.7915966387,1477908135
000000013453,28.047761194,1477907799
000000015257,32.9684210526,1477907997
00000001A262,21.6,1477908183
00000001349E,18.4235294118,1477908247
00000001345A,34.2315789474,1477907876
00000001CE23,19.3731958763,1477908087
0000000117D6,16.8897196262,1477908508
0000000297EC,14.1293233083,1477908485
0000000297EB,12.0461538462,1477908458
0000000134B6,23.2285714286,1477908342
00000002B821,21.7734939759,1477908319
000000013482,20.4260869565,1477908085
00000001B80B,20.4260869565,1477908119
00000001178D,14.7333333333,1477908103
00000001178B,16.5798165138,1477908100
00000001CE8B,12.4450331126,1477908464
000000013473,16.5798165138,1477908255
00000001CE8F,18.6059405941,1477908464
000000011792,16.8206896552,1477908125
000000011790,13.6447552448,1477908135
00000001177D,39.9829787234,1477908011
00000001349F,15.8526315789,1477908253
000000029D9B,11.6720496894,1477908046
000000011798,18.4235294118,1477908147
00000001179B,22.4275862069,1477908152
000000011772,28.4727272727,1477907956
00000001F62D,31.7052631579,1477907901
000000017C3C,29.1483870968,1477907700
00000001179E,13.0426229508,1477908183
00000001B7CB,30.3096774194,1477908033
000000011733,15.993442623,1477908283
00000001A280,18.2355140187,1477908405
000000011787,22.3422680412,1477908448
000000011780,26.5764705882,1477908028
0000000117A9,19.9914893617,1477908267
00000001348E,23.7951219512,1477908135
00000001B805,21.6,1477908085
0000000164B8,17.2956521739,1477908444
000000011760,28.4727272727,1477907875
00000001B7FF,18.0692307692,1477908299
000000011766,24.9103448276,1477907897
000000011764,21.2086956522,1477907899
0000000117D5,20.4260869565,1477908493
0000000117D7,21.6,1477908513
00000001520C,22.4275862069,1477908095
000000011782,21.1146067416,1477908048
00000001E5EA,38.3510204082,1477907735
00000001CE6B,15.8526315789,1477908264
00000001CE6A,20.7574468085,1477908310
0000000297A6,13.3643835616,1477907729
0000000117CA,15.3,1477908417
00000001CE60,22.3714285714,1477908126
0000000117C7,20.4260869565,1477908400
0000000117C1,24.4051948052,1477908369
00000001E5E0,33.0711864407,1477907798
00000001A186,20.5411764706,1477908278
00000001B7F3,17.4,1477908222
00000001176F,39.2869565217,1477907933
00000001B7F4,22.9170731707,1477908421
000000011796,19.3731958763,1477908132
0000000297DC,10.3787234043,1477908078
00000001B740,15.3637795276,1477908098
0000000297DD,17.2672566372,1477908049
00000001174D,16.4842105263,1477907792
0000000152CA,22.9170731707,1477908539
00000001CE55,13.7408450704,1477908036
0000000117B2,20.2542056075,1477908303
00000002A3CA,13.6447552448,1477907774
000000011749,26.1,1477907752
0000000117B4,21.2086956522,1477908302
0000000117AB,15.2780487805,1477908276
0000000117AC,18.4235294118,1477908276
0000000117AA,19.6434782609,1477908266
00000001B7DF,22.9170731707,1477907819
000000029DCC,15.2780487805,1477908137
00000001A22E,29.3625,1477907887
00000001175F,46.4571428571,1477907843
00000001175A,22.0390243902,1477908182
00000001B83D,21.5142857143,1477908474
0000000117A3,17.2956521739,1477908211
0000000117A6,17.7176470588,1477908249
0000000117BE,17.5626168224,1477908372
0000000117BD,17.8930693069,1477908359
00000002BC63,18.2355140187,1477907878
000000013444,34.7538461538,1477907725
0000000297D7,11.7350649351,1477907815
