000000011A34,28.2782608696,1477911690
0000000136D8,26.4292682927,1477911393
0000000119D4,22.688372093,1477912028
000000011A2B,18.4235294118,1477911670
000000011A2D,26.1,1477911654
000000011A2F,22.3714285714,1477911677
00000002980B,12.0461538462,1477911791
0000000119F9,17.5626168224,1477911412
00000001D0AB,28.047761194,1477912123
00000001D0AC,32.9684210526,1477912109
00000002BCE9,19.1755102041,1477911907
000000011A20,17.5783783784,1477911600
00000001197D,28.047761194,1477911743
00000001BA0F,30.3096774194,1477911764
000000011A3D,20.7574468085,1477911745
0000000119FF,19.7090909091,1477911435
00000001B9E3,22.9170731707,1477911448
00000001B9CA,19.3188118812,1477911322
000000029877,21.3545454545,1477912038
000000029870,15.2780487805,1477911839
000000029871,10.1528089888,1477911892
0000000119F7,20.7574468085,1477911394
0000000119F2,21.6,1477911327
000000011A35,12.3631578947,1477911741
00000002986A,13.2957055215,1477911677
000000011A54,30.4875,1477911857
000000011A51,32.7375,1477911842
00000001BA3A,29.1223880597,1477912108
00000001D093,30.6305084746,1477911944
000000011A80,34.8428571429,1477912153
000000011A5D,31.7052631579,1477911911
0000000136CC,20.3056179775,1477911410
000000029869,21.3545454545,1477911623
000000011A5C,24.4051948052,1477911919
000000011A72,23.4701298701,1477912059
000000013712,20.6505494505,1477911689
000000013713,36.1384615385,1477911976
00000001E7C1,20.7724137931,1477911411
000000011A1E,16.1357142857,1477911580
0000000136FD,14.68125,1477911582
000000029857,17.2672566372,1477911885
000000011A6C,27.1,1477912034
000000011A6B,31.4709677419,1477912024
00000001BA42,36.1384615385,1477912171
000000011A73,37.5230769231,1477912048
00000001B9FD,18.0692307692,1477911615
000000013748,30.6305084746,1477911952
0000000119F0,17.3769230769,1477911328
00000001661D,30.3096774194,1477912158
000000015537,36.1384615385,1477912094
00000001E824,29.3625,1477912038
0000000154ED,19.8,1477911361
0000000119ED,20.1154639175,1477911319
000000011A67,37.5230769231,1477911979
00000002985F,17.9009174312,1477911489
000000011A63,30.6305084746,1477911953
00000001D064,40.1333333333,1477911657
00000001B9A8,19.3731958763,1477911527
0000000119EB,21.1146067416,1477911305
0000000119FA,19.575,1477911414
000000011A0B,16.7785714286,1477911489
000000015485,30.1,1477911785
00000001555F,26.7287671233,1477911923
000000013682,21.6,1477911331
000000029E70,18.6059405941,1477912116
00000001194C,16.4842105263,1477911363
000000013723,26.1,1477911797
000000029879,11.9682119205,1477912109
00000001B9C8,21.2086956522,1477911738
000000011A10,19.1294117647,1477911508
00000001B9D4,12.6701298701,1477911491
00000001B9D5,18.9818181818,1477911472
00000002AC6A,17.4,1477911687
000000011A1D,20.7574468085,1477911550
00000001BA2E,30.4875,1477911970
00000002B88E,11.8117647059,1477911939
