00000001C981,25.3945945946,1477893614
00000002968D,11.4474820144,1477893654
000000012F10,38.4510638298,1477893871
00000001B347,29.8285714286,1477893985
00000001113D,27.1,1477893326
000000011185,32.9684210526,1477893792
000000014C8C,23.7492537313,1477893419
000000011164,36.1384615385,1477893319
00000001B34C,33.4666666667,1477893523
000000029687,15.3152542373,1477893342
000000011166,22.9170731707,1477893357
000000029689,18.6059405941,1477893416
00000002968F,14.3470588235,1477893696
00000001116F,16.9297297297,1477893419
00000001C9A4,32.7829787234,1477893705
000000029697,14.6706766917,1477894030
000000029C8B,12.7529411765,1477893720
000000012F04,31.7052631579,1477893733
000000016216,31.4709677419,1477893975
000000012F27,30.4875,1477894125
000000014C93,26.9731343284,1477893313
00000001B34B,36.1384615385,1477893616
000000011171,44.7428571429,1477893454
00000001B34E,32.9684210526,1477894081
000000011199,29.6262295082,1477894059
000000012EF6,22.9170731707,1477893644
000000011172,32.7375,1477894014
000000011173,29.1789473684,1477893492
000000014C78,27.1,1477893323
