00000001D335,31.4709677419,1477918146
000000013ABF,30.3096774194,1477917951
00000002BD90,19.575,1477917733
000000029F0E,10.3862068966,1477918082
00000001D30E,36.8816326531,1477917714
000000011D73,41.0727272727,1477917662
000000011D74,34.8,1477917679
0000000158AA,34.8,1477918162
00000001BC54,41.514893617,1477917612
00000001D317,31.4709677419,1477917744
000000011DA2,41.6769230769,1477918101
000000011DA4,34.8,1477918131
000000011DA6,34.7538461538,1477918150
00000002B904,18.9818181818,1477918443
000000015858,30.8,1477917910
00000001BC79,19.7090909091,1477918293
00000001BC76,28.4727272727,1477918202
00000001587A,32.9684210526,1477917665
000000011DAA,21.8511627907,1477918205
00000002A4EF,24.0923076923,1477918259
00000001EAD7,28.2375,1477918206
000000029916,11.7542168675,1477918192
00000001D342,42.7090909091,1477918334
000000011DB3,24.7263157895,1477918314
00000001D33A,35.4352941176,1477918106
000000011D96,19.1755102041,1477918029
000000011D98,37.5230769231,1477918015
000000013AF2,38.3510204082,1477918458
00000002BCF8,14.11875,1477917623
00000002B907,20.325,1477917948
00000001EAF8,26.4292682927,1477917920
000000011D7A,30.4875,1477917760
000000011DA0,32.9684210526,1477918089
0000000158C6,43.7023255814,1477918357
000000013ADA,30.8,1477918358
000000013AD1,32.2714285714,1477918084
00000002B0C3,11.6720496894,1477918245
000000013AD6,30.3096774194,1477918344
000000011DB0,34.8,1477918283
000000011DB9,36.1384615385,1477918382
000000011D78,34.2315789474,1477917732
