000000011B9C,25.6736842105,1477913879
000000011BC1,28.047761194,1477914118
0000000138A1,31.8508474576,1477913882
0000000298B0,14.1293233083,1477913794
00000001387A,36.1384615385,1477914071
000000011BDA,21.5027027027,1477914215
00000001BB29,34.2315789474,1477913988
000000029EAF,13.6173913043,1477914143
00000001BB22,25.3945945946,1477914006
000000011B81,28.047761194,1477913694
000000011B82,38.3510204082,1477913688
000000011B6E,30.4875,1477913585
000000011B8C,33.8553191489,1477913778
000000011B56,36.1384615385,1477914032
000000011BD5,39.9829787234,1477914187
000000013872,28.2375,1477913624
0000000138B9,34.7538461538,1477914023
00000001560B,36.1384615385,1477914217
0000000298A8,19.1755102041,1477913512
00000001386F,22.0390243902,1477913724
00000001386D,34.8,1477913606
0000000138AB,36.1384615385,1477913952
000000011B97,30.3096774194,1477913834
000000013772,17.3769230769,1477914080
000000011B99,30.3096774194,1477913852
00000001D1A2,26.1,1477913958
000000011BE4,28.2375,1477914263
000000029EA3,11.6142857143,1477913883
00000001BB07,31.8508474576,1477913688
000000011BB1,29.8285714286,1477914006
00000002B444,13.1412587413,1477913922
000000013887,33.4666666667,1477913709
00000002C1BD,12.4450331126,1477914192
00000001912E,26.9731343284,1477914150
00000001D1AA,28.6941176471,1477913946
000000011B94,24.8625,1477913823
0000000155EC,26.9731343284,1477913595
00000001E8B3,24.6987341772,1477913793
00000001D148,22.3714285714,1477914097
0000000138CE,30.6305084746,1477914142
00000002A498,17.8930693069,1477914062
0000000138CF,23.7951219512,1477914141
00000001BAF1,31.7052631579,1477913500
00000001BADC,32.9684210526,1477913630
0000000138E4,38.4510638298,1477914263
000000011B5F,24.4051948052,1477914200
00000001D177,21.8511627907,1477913703
00000001A566,32.9684210526,1477914125
00000001669C,36.1384615385,1477913537
00000002B8B7,16.9297297297,1477913851
00000002B8B5,11.7350649351,1477913634
000000011B58,28.047761194,1477913419
00000002B452,15.5305785124,1477913893
00000002BCF4,12.6972972973,1477913571
00000001BAD0,29.1483870968,1477913410
000000019077,26.9731343284,1477913679
00000001F812,34.2315789474,1477913571
000000011BA1,27.2347826087,1477913891
000000011BA7,34.2315789474,1477913941
00000001BB3D,25.1,1477914187
000000011B66,29.3625,1477913500
00000001E946,21.6,1477913790
000000011B64,37.5230769231,1477913474
0000000190F3,23.7492537313,1477913691
00000001BAE5,26.1,1477913483
000000011BBD,13.5194244604,1477914142
000000011BBE,36.1333333333,1477914102
00000001D05C,25.3945945946,1477913511
000000011BB4,44.3454545455,1477914007
000000011BB5,26.1,1477914051
000000011BB0,25.6736842105,1477914005
000000011BB9,29.3625,1477914084
000000011B77,39.9829787234,1477913627
000000011B71,36.1333333333,1477913592
000000011B67,27.2347826087,1477913506
00000001384E,41.514893617,1477913972
0000000138B1,34.8,1477914004
00000001D15C,28.047761194,1477913405
0000000138CC,36.1384615385,1477914137
000000011BAF,32.52,1477913997
