000000011D5F,39.9829787234,1477917391
000000013ABF,30.3096774194,1477917951
00000002BD90,19.575,1477917733
00000001BC44,32.9684210526,1477917439
00000001BC46,44.7428571429,1477917427
000000029F0E,10.3862068966,1477918082
00000001D30E,36.8816326531,1477917714
00000001BC4D,21.1146067416,1477917541
000000011D74,34.8,1477917679
0000000158AA,34.8,1477918162
00000001586F,35.3872340426,1477917475
00000001BC54,41.514893617,1477917612
00000001D317,31.4709677419,1477917744
00000001F93D,30.6,1477917571
00000001D2FF,39.2869565217,1477917353
000000011DA2,41.6769230769,1477918101
000000011DA4,34.8,1477918131
000000011DA6,34.7538461538,1477918150
00000002990C,14.1293233083,1477917570
000000015858,30.8,1477917910
00000001587A,32.9684210526,1477917665
00000001A691,34.2315789474,1477917404
00000001D33A,35.4352941176,1477918106
000000011D96,19.1755102041,1477918029
000000011D98,37.5230769231,1477918015
0000000298E7,12.9,1477917424
000000013A8E,43.0054054054,1477917381
00000002BCF8,14.11875,1477917623
00000002B907,20.325,1477917948
00000001EAF8,26.4292682927,1477917920
000000011D7A,30.4875,1477917760
000000011DA0,32.9684210526,1477918089
000000013AD1,32.2714285714,1477918084
000000011D73,41.0727272727,1477917662
000000011D78,34.2315789474,1477917732
00000001D335,31.4709677419,1477918146
00000001D331,36.1333333333,1477918128
000000011D70,36.1333333333,1477917569
