27.3818181818|2|27.382|0.000|000000012027|54
42.7090909091|4|40.643|5.750|00000001202E|54
36.1636363636|2|36.164|0.000|000000012035|54
42.7090909091|2|42.709|0.000|000000012036|54
36.8816326531|2|36.882|0.000|000000012037|54
31.8508474576|3|29.912|7.515|00000001203D|54
39.9829787234|5|41.512|13.116|00000001203F|54
46.4571428571|2|46.457|0.000|000000012046|54
37.5230769231|2|37.523|0.000|00000001204A|54
39.9829787234|3|32.239|119.953|000000013DBA|54
39.9829787234|3|42.822|16.116|000000013DCC|54
46.4571428571|3|48.518|8.492|000000013DCE|54
34.8|5|38.474|21.092|000000015B70|54
28.047761194|2|28.048|0.000|000000019454|54
48.8432432432|2|48.843|0.000|000000019457|54
38.4510638298|4|42.261|19.907|00000001BE5C|54
34.7538461538|3|32.946|6.535|00000001BE64|54
18.3661016949|2|18.366|0.000|0000000299B8|54
12.2108108108|6|14.926|6.901|00000002A5AD|54
13.8176470588|5|15.986|7.458|00000002A9D5|54
11.3204819277|2|11.320|0.000|00000002B125|54
11.8936708861|3|13.400|4.537|00000002B965|54
