19.1755102041|5|26.161|52.064|000000011D96|54
37.5230769231|2|37.523|0.000|000000011D98|54
32.9684210526|2|32.968|0.000|000000011DA0|54
41.6769230769|5|38.045|53.437|000000011DA2|54
34.8|3|34.648|0.046|000000011DA4|54
34.7538461538|3|37.003|10.113|000000011DA6|54
21.8511627907|2|21.851|0.000|000000011DAA|54
34.8|2|34.800|0.000|000000011DB0|54
24.7263157895|2|24.726|0.000|000000011DB3|54
36.1384615385|2|36.138|0.000|000000011DB9|54
26.4676056338|2|26.468|0.000|000000011DCE|54
30.3096774194|3|36.023|65.295|000000013ABF|54
32.2714285714|3|34.575|10.613|000000013AD1|54
30.3096774194|6|25.624|56.858|000000013AD6|54
30.8|3|37.624|42.916|000000013ADA|54
38.3510204082|4|36.249|11.209|000000013AF2|54
37.5230769231|4|39.593|31.071|000000013AFC|54
27.9157894737|4|26.909|80.454|000000013AFE|54
18.2446601942|3|23.957|65.251|000000013B00|54
31.8508474576|3|31.911|0.007|000000013B0C|54
30.8|5|28.682|65.593|000000015858|54
34.8|4|31.806|42.252|0000000158AA|54
43.7023255814|4|42.599|1.221|0000000158C6|54
28.4727272727|3|32.692|35.607|00000001BC76|54
19.7090909091|4|24.622|28.818|00000001BC79|54
31.4709677419|4|31.370|36.621|00000001D335|54
35.4352941176|4|37.305|22.844|00000001D33A|54
29.3625|4|34.617|40.367|00000001D350|54
23.7492537313|4|30.311|55.609|00000001D363|54
28.2375|7|31.830|99.164|00000001EAD7|54
26.4292682927|9|30.762|71.925|00000001EAF8|54
11.7542168675|2|11.754|0.000|000000029916|54
10.3862068966|3|13.948|25.378|000000029F0E|54
24.0923076923|3|21.499|13.446|00000002A4EF|54
11.6720496894|2|11.672|0.000|00000002B0C3|54
18.9818181818|4|17.858|2.065|00000002B904|54
20.325|3|19.696|0.238|00000002B907|54
12.6972972973|3|13.293|0.709|00000002BD99|54
