44.7428571429|4|41.239|15.253|000000011308|54
36.7322033898|2|36.732|0.000|000000011318|54
32.9684210526|2|32.968|0.000|00000001131C|54
30.3096774194|2|30.310|0.000|000000011320|54
24.4051948052|5|30.406|40.462|000000011324|54
36.8816326531|2|36.882|0.000|000000011329|54
31.8508474576|3|34.481|13.832|00000001132B|54
19.3395348837|2|19.340|0.000|000000011333|54
26.9731343284|2|26.973|0.000|000000011338|54
39.8204081633|3|35.685|34.211|00000001133E|54
37.5230769231|2|37.523|0.000|00000001133F|54
34.8|2|34.800|0.000|000000011344|54
31.8508474576|2|31.851|0.000|00000001134E|54
42.7090909091|2|42.709|0.000|000000011354|54
39.9829787234|3|38.645|3.578|000000013093|54
34.8428571429|3|34.129|1.020|0000000130B7|54
32.9684210526|9|33.584|41.131|0000000179CE|54
26.1|9|32.391|59.257|000000018B92|54
24.823880597|2|24.824|0.000|000000018B9F|54
27.2347826087|5|29.237|6.605|000000019F61|54
30.3096774194|4|28.593|63.368|000000019F7C|54
30.6305084746|9|34.354|82.556|00000001B490|54
44.7428571429|3|42.620|9.010|00000001B492|54
25.1|2|30.100|25.000|00000001B4A7|54
32.9684210526|6|31.934|36.634|00000001B4AA|54
31.8508474576|3|36.073|35.652|00000001B4AB|54
31.4709677419|4|35.471|19.714|00000001CAF4|54
34.8|7|33.297|53.712|00000001CB04|54
34.2315789474|4|32.559|3.349|00000001CB0F|54
30.3096774194|8|32.462|26.654|00000001E25F|54
20.7724137931|4|26.406|32.909|00000001E268|54
24.4051948052|5|34.704|126.611|00000001E2A1|54
14.11875|1|14.119|0.000|0000000296DB|54
19.575|2|18.466|1.230|0000000296DE|54
13.4608695652|2|13.461|0.000|0000000296E6|54
15.7915966387|9|15.952|17.028|00000002BBCB|54
11.3660377358|4|16.019|25.068|00000002C085|54
10.6772727273|5|14.766|16.924|00000002C08A|54
