27.1|1|27.100|0.000|00000001113D|54
30.3096774194|4|36.840|44.399|000000011144|54
36.8816326531|2|36.882|0.000|000000011148|54
34.8|6|39.805|43.741|00000001114D|54
43.0054054054|2|43.005|0.000|00000001114F|54
38.3510204082|2|38.351|0.000|000000011158|54
29.3625|1|29.363|0.000|00000001115D|54
36.1384615385|3|40.157|32.294|000000011164|54
22.9170731707|2|22.917|0.000|000000011166|54
16.9297297297|2|16.930|0.000|00000001116F|54
44.7428571429|4|39.714|25.679|000000011171|54
29.1789473684|2|29.179|0.000|000000011173|54
32.9684210526|2|32.968|0.000|000000011185|54
34.2315789474|3|35.324|2.385|000000012EDC|54
45.15|3|40.479|43.635|000000012EDF|54
22.9170731707|5|25.881|19.064|000000012EF6|54
31.7052631579|3|35.433|27.792|000000012F04|54
38.4510638298|3|35.416|18.428|000000012F10|54
27.1|2|24.150|8.703|000000014C78|54
23.7492537313|4|29.922|39.738|000000014C8C|54
26.9731343284|7|33.174|111.449|000000014C93|54
25.7424657534|4|29.913|33.044|00000001B335|54
35.5118644068|3|33.698|6.579|00000001B33C|54
36.1384615385|4|32.408|51.074|00000001B34B|54
33.4666666667|4|33.715|31.540|00000001B34C|54
26.1|5|31.455|19.186|00000001C96D|54
25.3945945946|7|27.284|62.074|00000001C981|54
31.4086956522|6|30.999|5.933|00000001C98D|54
32.7829787234|5|36.292|28.842|00000001C9A4|54
15.3152542373|2|15.315|0.000|000000029687|54
18.6059405941|2|18.606|0.000|000000029689|54
11.4474820144|2|11.447|0.000|00000002968D|54
14.3470588235|2|14.347|0.000|00000002968F|54
12.7529411765|2|12.753|0.000|000000029C8B|54
