37.5230769231|2|37.523|0.000|000000010EF0|54
39.9829787234|2|39.983|0.000|000000010EF6|54
29.1223880597|2|29.122|0.000|000000010EFA|54
21.1146067416|2|21.115|0.000|000000010EFC|54
23.7873417722|2|23.787|0.000|000000010F07|54
30.4875|3|31.138|16.715|000000010F0C|54
41.0727272727|3|35.752|56.630|000000010F11|54
39.8204081633|2|39.820|0.000|000000010F19|54
39.9829787234|2|39.983|0.000|000000010F1E|54
36.8816326531|2|36.882|0.000|000000010F22|54
39.8204081633|2|39.820|0.000|000000010F24|54
36.1384615385|2|36.138|0.000|000000010F29|54
34.8|3|35.810|2.042|000000012C54|54
36.7322033898|3|28.325|141.364|000000012C55|54
26.1913043478|3|30.736|41.306|000000012C61|54
30.4875|1|30.488|0.000|000000014A34|54
28.047761194|2|28.048|0.000|00000001895B|54
46.1106382979|4|42.806|10.933|00000001B198|54
41.0727272727|3|38.246|15.980|00000001B1BC|54
52.7351351351|3|46.626|74.643|00000001B1BE|54
24.4216216216|4|31.627|59.035|00000001C7A8|54
26.1|6|30.395|60.306|00000001DF49|54
34.8428571429|6|34.142|15.149|00000001DF4C|54
10.2658064516|2|10.266|0.000|0000000230D5|54
11.2786127168|2|11.279|0.000|0000000295FD|54
22.6409638554|2|22.641|0.000|0000000295FF|54
17.9107438017|3|18.832|1.699|000000029600|54
16.3966386555|3|17.316|1.689|00000002960B|54
20.0385542169|2|20.039|0.000|00000002960C|54
14.1391304348|5|15.186|12.304|000000029C14|54
11.6142857143|4|15.184|14.454|000000029C23|54
11.3204819277|4|15.718|24.165|00000002A228|54
15.2780487805|6|13.964|5.046|00000002B6C1|54
