36.1384615385|7|30.029|33.080|000000010742|54
26.8258064516|2|26.826|0.000|000000010807|54
33.0711864407|3|29.768|21.817|00000001082C|54
15.735483871|3|17.175|4.144|000000010834|54
26.1|2|24.468|2.664|000000010839|54
34.8|4|29.767|29.607|00000001083A|54
49.2545454545|4|38.260|159.786|00000001083B|54
27.9157894737|2|27.916|0.000|00000001083C|54
34.8|3|29.753|50.952|000000010843|54
28.4727272727|2|28.473|0.000|000000010853|54
32.4|1|32.400|0.000|000000010854|54
30.4875|1|30.488|0.000|000000010864|54
30.6|2|24.879|32.730|000000010866|54
29.1483870968|3|26.632|12.662|00000001086C|54
31.7052631579|4|31.727|70.543|00000001086D|54
34.2315789474|2|34.232|0.000|000000010871|54
28.047761194|2|28.048|0.000|000000010875|54
14.9142857143|2|14.914|0.000|000000010876|54
32.9684210526|2|32.968|0.000|000000010887|54
37.5230769231|3|31.700|67.818|000000010893|54
24.4051948052|2|24.405|0.000|000000010894|54
23.4701298701|2|23.470|0.000|000000010896|54
29.1483870968|2|29.148|0.000|000000010897|54
36.1333333333|2|36.133|0.000|000000010898|54
44.7428571429|3|36.273|143.490|0000000124BA|54
51.6|5|32.223|256.642|00000001254C|54
44.7428571429|3|36.407|138.962|000000012582|54
38.4510638298|4|28.966|92.096|00000001258D|54
24.7263157895|4|22.916|3.751|000000012594|54
23.4701298701|4|20.646|12.566|00000001259F|54
39.9829787234|4|29.184|116.761|0000000125A4|54
36.8150943396|3|31.610|54.185|0000000125A8|54
30.3096774194|3|25.747|41.629|0000000125B0|54
28.047761194|3|26.442|5.155|0000000125C1|54
28.047761194|3|26.521|4.662|0000000125CA|54
23.3032258065|7|21.324|8.061|000000014303|54
46.1106382979|4|32.772|178.163|000000014314|54
36.1384615385|4|27.765|70.193|00000001432F|54
24.7263157895|4|21.191|14.482|000000014373|54
37.5230769231|6|27.377|60.389|000000015DAD|54
26.9731343284|4|21.489|46.924|0000000197E6|54
28.047761194|4|23.209|49.774|0000000197FC|54
30.3096774194|3|23.963|80.570|00000001981E|54
22.0390243902|4|21.838|3.539|00000001AC79|54
32.9684210526|4|31.351|40.940|00000001AC7B|54
28.6857142857|3|24.863|29.220|00000001AC7D|54
36.1384615385|4|25.391|117.115|00000001AC83|54
44.3454545455|5|29.453|159.547|00000001AC91|54
32.2714285714|4|26.128|37.748|00000001AC92|54
30.4875|5|25.222|49.946|00000001C1F7|54
17.4214285714|4|19.051|3.249|00000001C1FB|54
42.7090909091|5|31.752|118.539|00000001C211|54
30.12|8|27.280|70.712|00000001D8C9|54
38.3510204082|5|29.402|73.124|00000001D921|54
34.8|8|30.272|36.219|00000001D935|54
33.0711864407|6|27.405|35.685|00000001D93A|54
19.8593406593|5|21.902|5.539|00000001D93F|54
39.9829787234|6|25.842|100.734|00000001D965|54
36.1384615385|5|28.858|57.790|00000001D983|54
14.68125|1|14.681|0.000|000000029491|54
13.3276595745|2|13.328|0.000|000000029497|54
18.0666666667|2|18.067|0.000|000000029498|54
14.023880597|2|14.024|0.000|000000029499|54
19.1755102041|2|19.176|0.000|00000002949F|54
18.2446601942|2|18.245|0.000|0000000294A5|54
17.8930693069|2|17.893|0.000|0000000294AA|54
16.5355932203|2|16.536|0.000|0000000294AF|54
21.0139534884|2|21.014|0.000|0000000294B1|54
16.5798165138|2|16.580|0.000|0000000294B3|54
12.2025974026|2|12.203|0.000|00000002B5B6|54
12.0461538462|6|13.910|12.364|00000002B9F6|54
14.6926829268|4|15.380|0.641|00000002BA1D|54
10.268852459|4|12.822|7.875|00000002BEAD|54
