26.1|3|30.494|17.346|000000010F2F|54
42.7090909091|2|42.709|0.000|000000010F31|54
34.8|2|34.800|0.000|000000010F3D|54
42.7090909091|2|42.709|0.000|000000010F4A|54
33.5571428571|2|33.557|0.000|000000010F4B|54
32.9684210526|2|32.968|0.000|000000010F4D|54
33.0711864407|3|34.194|2.521|000000010F4E|54
11.7350649351|2|11.735|0.000|000000010F50|54
28.047761194|2|28.048|0.000|000000010F53|54
33.8625|3|34.721|1.475|000000010F65|54
30.4875|1|30.488|0.000|000000010F6B|54
29.1483870968|2|29.148|0.000|000000010F6C|54
30.3096774194|2|30.310|0.000|000000010F6D|54
31.4709677419|4|38.768|62.825|000000012C9B|54
31.7052631579|4|31.585|0.838|000000012CA1|54
26.1|3|33.391|54.624|000000012CAE|54
33.525|4|31.441|3.861|000000012CBD|54
42.7090909091|3|39.555|19.902|000000012CC0|54
38.3510204082|4|36.326|4.102|000000012CD0|54
31.7052631579|4|33.387|2.853|000000014A71|54
33.4666666667|3|32.652|1.329|000000018985|54
25.3402597403|3|21.838|24.530|000000019D2E|54
46.1106382979|4|41.381|27.368|00000001B1CD|54
47.1130434783|7|35.112|139.392|00000001B1D8|54
29.3625|4|29.338|14.948|00000001B1DC|54
34.2315789474|5|30.880|20.952|00000001C7EF|54
39.9829787234|5|33.759|65.003|00000001C7FD|54
39.9829787234|17|31.265|65.108|00000001DF35|54
41.6769230769|6|38.432|24.572|00000001DF7F|54
14.9142857143|2|14.914|0.000|0000000295D6|54
10.268852459|2|10.269|0.000|00000002960E|54
14.023880597|2|14.024|0.000|000000029613|54
11.2248447205|4|14.764|12.523|000000029C17|54
13.1912408759|2|13.191|0.000|00000002B6CB|54
10.898630137|5|15.435|25.989|00000002BFEF|54
