31.8508474576|3|29.912|7.515|00000001203D|54
39.9829787234|5|41.512|13.116|00000001203F|54
39.9829787234|2|39.983|0.000|000000012047|54
37.5230769231|2|37.523|0.000|00000001204A|54
34.2315789474|2|34.232|0.000|000000012052|54
35.3872340426|2|35.387|0.000|000000012058|54
38.3510204082|2|38.351|0.000|00000001205C|54
41.6769230769|6|40.248|39.396|000000013DBD|54
46.4571428571|6|37.772|194.256|000000013DCE|54
33.0711864407|3|35.108|8.299|000000013DEC|54
39.2869565217|5|40.004|4.552|000000015B93|54
39.8204081633|2|39.820|0.000|000000015BA6|54
36.1384615385|8|38.622|120.047|00000001A8B3|54
34.7538461538|4|35.275|21.169|00000001BE64|54
38.0210526316|4|37.577|7.693|00000001BE6D|54
30.6305084746|4|37.266|69.422|00000001D5AA|54
11.8936708861|3|13.400|4.537|00000002B965|54
14.0949152542|3|16.569|12.241|00000002B96D|54
18.0692307692|3|18.192|0.030|00000002BE0A|54
