18.2769230769|2|18.277|0.000|00000001061C|54
28.047761194|3|24.809|20.980|00000001061F|54
19.9914893617|3|21.018|2.107|000000010624|54
26.1|2|23.458|6.979|000000010625|54
26.1|1|26.100|0.000|000000010629|54
36.1384615385|2|36.138|0.000|00000001062C|54
33.4666666667|5|30.394|61.218|00000001063C|54
24.4051948052|2|24.405|0.000|000000010643|54
30.4875|1|30.488|0.000|000000010647|54
18.2896551724|3|17.503|1.236|00000001064A|54
38.0210526316|4|33.943|58.167|000000010655|54
31.8508474576|4|31.692|66.842|000000010656|54
39.9829787234|3|32.110|123.972|000000010657|54
25.3945945946|2|25.395|0.000|00000001065C|54
37.5230769231|2|37.523|0.000|00000001065E|54
34.7538461538|2|34.754|0.000|000000010661|54
30.4875|3|23.797|23.724|000000010665|54
21.2086956522|3|19.908|3.382|00000001066E|54
28.047761194|2|28.048|0.000|000000010672|54
25.664516129|2|25.665|0.000|000000010673|54
25.4535211268|2|25.454|0.000|000000010679|54
31.8508474576|2|31.851|0.000|00000001067A|54
32.9684210526|2|32.968|0.000|00000001067C|54
34.2315789474|2|34.232|0.000|00000001067D|54
36.1333333333|2|36.133|0.000|000000010684|54
36.1384615385|2|36.138|0.000|000000010687|54
36.1333333333|2|36.133|0.000|000000010692|54
30.6305084746|5|26.514|36.874|00000001234C|54
27.2347826087|3|25.089|9.207|000000012363|54
51.6|3|41.141|218.781|0000000123B7|54
22.8759493671|10|25.184|70.637|0000000140C0|54
24.4216216216|7|26.384|16.901|000000014108|54
31.9868852459|13|29.539|87.121|000000019627|54
28.2782608696|4|22.266|37.320|00000001963A|54
32.9684210526|3|25.511|111.230|000000019667|54
26.1|1|26.100|0.000|000000019678|54
24.7263157895|3|27.705|17.742|00000001AA97|54
27.6352941176|4|26.872|4.954|00000001AABE|54
28.2782608696|3|26.711|4.914|00000001AAC9|54
36.1384615385|4|28.021|65.944|00000001C090|54
23.7492537313|4|26.335|22.872|00000001EEE1|54
15.5305785124|2|15.531|0.000|000000029423|54
11.1857142857|2|11.186|0.000|000000029427|54
18.2446601942|2|18.245|0.000|00000002942B|54
15.1255813953|2|15.126|0.000|00000002942F|54
12.6377622378|2|12.638|0.000|000000029431|54
14.68125|1|14.681|0.000|000000029437|54
10.8624277457|7|14.086|13.455|00000002AA09|54
