21.8511627907|2|21.851|0.000|000000010711|54
32.3462686567|2|32.346|0.000|00000001071E|54
17.9009174312|2|17.901|0.000|000000010727|54
40.1333333333|2|40.133|0.000|00000001073C|54
31.4709677419|5|35.195|201.194|00000001073D|54
33.8625|5|30.580|22.134|000000010741|54
26.3675675676|2|26.368|0.000|000000010745|54
38.3510204082|5|32.122|50.192|00000001074D|54
31.7052631579|2|31.705|0.000|000000010751|54
29.6262295082|2|29.626|0.000|000000010752|54
28.2782608696|3|26.285|7.946|000000010759|54
29.8285714286|3|24.372|59.544|00000001075C|54
19.3731958763|2|19.373|0.000|000000010767|54
34.8|4|29.954|34.915|000000010769|54
41.514893617|2|41.515|0.000|000000010777|54
25.8|3|23.753|8.383|000000010778|54
33.7935483871|2|33.794|0.000|000000010782|54
31.4709677419|2|31.471|0.000|000000010785|54
14.7818181818|2|14.782|0.000|000000010789|54
20.4260869565|3|21.308|1.554|00000001078C|54
27.1|1|27.100|0.000|000000010794|54
28.2375|1|28.238|0.000|000000010797|54
38.4510638298|2|38.451|0.000|0000000107A4|54
21.2086956522|2|21.209|0.000|0000000107A7|54
25.6736842105|2|25.674|0.000|0000000107A9|54
36.1384615385|2|36.138|0.000|0000000107AF|54
26.1|1|26.100|0.000|0000000107B0|54
21.6|1|21.600|0.000|0000000107B4|54
27.2347826087|2|27.235|0.000|0000000107BB|54
22.1|1|22.100|0.000|0000000107BC|54
34.2315789474|2|34.232|0.000|0000000107C1|54
34.2315789474|2|34.232|0.000|0000000107C2|54
32.9684210526|4|26.599|40.760|00000001243B|54
37.5230769231|3|28.542|161.325|000000012449|54
29.3625|2|25.103|18.146|00000001245B|54
25.3945945946|3|23.591|6.507|000000012474|54
34.2315789474|4|26.158|72.731|000000012477|54
39.9829787234|3|33.707|78.772|00000001248E|54
44.7428571429|4|30.773|201.878|0000000124B0|54
39.9829787234|5|30.058|73.696|0000000124BB|54
22.3714285714|3|21.847|0.550|0000000124CD|54
49.8857142857|8|32.391|163.427|0000000196A0|54
31.8508474576|2|31.851|0.000|000000019701|54
21.6|2|16.018|31.154|000000019702|54
29.5636363636|3|23.566|71.944|000000019738|54
32.9684210526|7|27.267|44.098|00000001AB64|54
34.2315789474|5|28.466|73.667|00000001AB73|54
34.8|3|29.472|56.772|00000001AB8B|54
36.1384615385|5|27.988|79.786|00000001AB8F|54
22.3422680412|3|22.900|0.622|00000001AB92|54
18.2446601942|3|19.038|1.258|00000001ABAB|54
20.3056179775|3|20.044|0.137|00000001ABD5|54
38.3510204082|5|28.118|69.912|00000001C106|54
23.7873417722|5|23.925|23.171|00000001C11E|54
31.4709677419|4|25.748|37.899|00000001C134|54
36.1384615385|6|31.905|87.733|00000001EF60|54
14.1293233083|2|14.129|0.000|00000002944A|54
18.2446601942|2|18.245|0.000|00000002946B|54
11.9705521472|2|11.971|0.000|00000002946C|54
10.4462427746|2|10.446|0.000|00000002946E|54
14.1293233083|2|14.129|0.000|00000002946F|54
13.2338028169|2|13.234|0.000|000000029471|54
11.2526946108|2|11.253|0.000|000000029472|54
21.3545454545|3|18.839|12.651|000000029A9C|54
22.1727272727|5|16.191|24.703|00000002A051|54
11.6720496894|3|13.207|4.712|00000002B19B|54
18.6059405941|3|16.651|7.642|00000002B588|54
16.6300884956|2|16.630|0.000|00000002B9F8|54
