46.4571428571|4|38.849|62.980|0000000110F8|54
36.8470588235|3|36.418|0.368|00000001111B|54
20.2064516129|5|23.675|55.576|00000001112B|54
33.4666666667|2|33.467|0.000|00000001112D|54
22.1727272727|2|22.173|0.000|000000011131|54
34.8|4|31.033|16.584|00000001113C|54
27.1|1|27.100|0.000|00000001113D|54
31.7052631579|2|31.705|0.000|00000001113E|54
30.3096774194|4|36.840|44.399|000000011144|54
36.8816326531|2|36.882|0.000|000000011148|54
34.8|5|37.014|5.724|00000001114D|54
43.0054054054|2|43.005|0.000|00000001114F|54
38.3510204082|2|38.351|0.000|000000011158|54
29.3625|1|29.363|0.000|00000001115D|54
36.1384615385|3|40.157|32.294|000000011164|54
22.9170731707|2|22.917|0.000|000000011166|54
16.9297297297|2|16.930|0.000|00000001116F|54
44.7428571429|3|41.686|18.692|000000011171|54
29.1789473684|2|29.179|0.000|000000011173|54
22.9970149254|3|27.422|39.163|000000012E98|54
29.1483870968|4|24.062|41.156|000000012EBB|54
23.0608695652|5|29.984|150.820|000000012EC1|54
28.2375|2|32.399|17.319|000000012EC2|54
34.2315789474|3|35.324|2.385|000000012EDC|54
45.15|3|40.479|43.635|000000012EDF|54
29.3625|6|31.342|43.597|000000014C3A|54
33.0711864407|3|30.574|12.474|000000014C72|54
27.1|2|24.150|8.703|000000014C78|54
23.7492537313|4|29.922|39.738|000000014C8C|54
26.9731343284|7|33.174|111.449|000000014C93|54
46.4571428571|5|36.646|141.358|000000019E54|54
28.047761194|9|29.531|119.520|000000019E5B|54
38.3510204082|4|30.428|77.090|00000001B328|54
25.7424657534|4|29.913|33.044|00000001B335|54
35.5118644068|3|33.698|6.579|00000001B33C|54
33.4666666667|3|36.277|15.797|00000001B34C|54
26.1|5|31.455|19.186|00000001C96D|54
31.4086956522|5|31.106|7.051|00000001C98D|54
12.8322580645|2|12.832|0.000|00000002967F|54
15.3152542373|2|15.315|0.000|000000029687|54
18.6059405941|2|18.606|0.000|000000029689|54
