41.514893617|4|38.780|7.554|000000010D6A|54
44.7428571429|3|41.553|20.354|000000010DCF|54
31.4709677419|3|33.532|8.499|000000010DD2|54
31.8508474576|3|31.295|0.619|000000010DD3|54
28.4727272727|4|34.219|34.199|000000010DD6|54
26.3675675676|2|26.368|0.000|000000010DD8|54
38.3510204082|3|34.804|25.163|000000010DDA|54
39.9829787234|2|39.983|0.000|000000010DDB|54
30.4875|1|30.488|0.000|000000010DDD|54
46.4571428571|3|46.156|0.181|000000010DE2|54
25.3945945946|2|25.395|0.000|000000010DE5|54
20.9454545455|2|20.945|0.000|000000010DE8|54
34.8|3|38.066|21.329|000000010DE9|54
29.8285714286|2|29.829|0.000|000000010DF3|54
31.7052631579|2|31.705|0.000|000000010DF4|54
30.3096774194|5|31.632|8.540|000000012B3A|54
38.4510638298|4|41.973|62.956|000000012B3B|54
25.056|3|26.021|1.863|000000012B50|54
38.3510204082|3|39.238|1.575|000000012B54|54
29.3625|4|31.241|1.436|0000000148CA|54
23.4701298701|4|22.541|50.216|000000019C1A|54
24.4051948052|3|21.321|19.022|000000019C1D|54
35.4352941176|7|30.359|42.385|00000001B096|54
36.8816326531|4|30.785|38.332|00000001B0A3|54
41.0727272727|4|36.602|54.672|00000001B0B8|54
28.2782608696|5|29.319|6.451|00000001B0BA|54
36.1333333333|4|31.302|25.606|00000001B0C4|54
40.852173913|6|37.614|89.676|00000001C68C|54
39.9829787234|4|37.514|6.623|00000001C69A|54
34.65|11|31.710|108.389|00000001DE0F|54
38.4510638298|7|29.453|64.786|00000001DE15|54
27.2347826087|6|31.832|17.645|00000001DE44|54
33.8553191489|8|35.067|30.315|00000001F27F|54
46.4571428571|6|41.693|18.389|00000001F281|54
13.3276595745|2|13.328|0.000|0000000295A8|54
15.9254237288|2|15.925|0.000|0000000295A9|54
10.3304347826|2|10.330|0.000|0000000295AE|54
16.4842105263|2|16.484|0.000|0000000295AF|54
11.1857142857|2|11.186|0.000|0000000295B1|54
16.2|1|16.200|0.000|0000000295B8|54
10.886746988|2|10.887|0.000|0000000295B9|54
12.6377622378|3|12.737|0.020|000000029BDB|54
12.9365853659|6|14.369|5.181|00000002A1CD|54
13.3777777778|3|12.919|0.422|00000002B286|54
14.023880597|2|14.024|0.000|00000002B697|54
18.4235294118|4|17.954|28.090|00000002BB09|54
