27.2347826087|4|23.482|16.151|000000011A53|54
44.7428571429|2|44.743|0.000|000000011A82|54
22.0390243902|4|24.281|27.386|000000011A87|54
22.9170731707|3|22.217|0.981|000000011A8C|54
31.8508474576|2|31.851|0.000|000000011A8D|54
25.3945945946|2|25.395|0.000|000000011A92|54
28.2375|2|24.553|13.576|000000011A99|54
37.5230769231|4|32.279|61.468|000000011A9A|54
31.8508474576|2|31.851|0.000|000000011A9C|54
20.1417721519|8|30.916|185.894|000000011A9D|54
17.8971428571|2|17.897|0.000|000000011A9E|54
21.1146067416|2|21.115|0.000|000000011AA0|54
41.6769230769|2|41.677|0.000|000000011AA1|54
36.8470588235|2|36.847|0.000|000000011AA2|54
23.2|1|23.200|0.000|000000011AA6|54
22.3714285714|4|26.521|91.833|000000011AA7|54
24.4051948052|2|24.405|0.000|000000011AA8|54
30.3096774194|4|29.177|33.636|000000011AA9|54
30.3096774194|3|27.171|19.696|000000011AAD|54
24.4051948052|2|24.405|0.000|000000011AB8|54
44.2285714286|2|44.229|0.000|000000011AC3|54
28.2782608696|2|28.278|0.000|000000011AC8|54
26.3675675676|3|23.769|13.500|000000011AC9|54
20.2542056075|2|20.254|0.000|000000011ACA|54
24.4051948052|2|24.405|0.000|000000011AD3|54
28.047761194|2|28.048|0.000|000000011AD6|54
39.9829787234|2|39.983|0.000|000000011AD8|54
31.8508474576|2|31.851|0.000|000000011ADF|54
31.4709677419|3|26.874|42.262|000000011AE4|54
33.0711864407|2|33.071|0.000|000000011AE8|54
30.3096774194|3|27.009|21.789|000000011AEA|54
32.9684210526|2|32.968|0.000|000000011AF5|54
30.6305084746|3|26.917|27.578|000000011AF6|54
30.1|3|25.337|45.382|000000011AF7|54
17.8971428571|3|19.295|3.908|000000011AFA|54
26.9731343284|2|26.973|0.000|000000011AFE|54
34.8|2|34.800|0.000|000000011B14|54
30.806557377|2|30.807|0.000|000000011B19|54
29.5636363636|7|24.189|24.041|000000013784|54
27.2347826087|3|24.638|13.491|000000013789|54
29.1483870968|2|29.148|0.000|00000001378A|54
26.1913043478|3|24.248|7.555|00000001379B|54
38.3510204082|3|32.117|77.723|0000000137EE|54
33.5571428571|5|31.868|140.608|0000000154C8|54
26.9731343284|6|24.286|37.176|0000000155B9|54
46.4571428571|4|33.490|169.634|000000015612|54
27.2347826087|2|27.235|0.000|000000016619|54
37.5230769231|5|28.049|66.238|00000001662C|54
32.3462686567|3|29.110|20.952|000000019060|54
36.1384615385|3|30.015|75.004|00000001908C|54
32.2714285714|2|32.271|0.000|00000001A4F6|54
24.6987341772|6|24.924|16.598|00000001BA46|54
32.9684210526|4|25.490|56.188|00000001BA51|54
23.2|3|27.894|96.828|00000001BA5A|54
28.9107692308|5|26.791|16.751|00000001BA88|54
32.9684210526|4|25.737|53.181|00000001BAA3|54
34.8|6|22.494|83.930|00000001D07C|54
28.2782608696|8|27.225|57.209|00000001D0C3|54
32.9142857143|4|26.754|38.373|00000001D0D0|54
34.7538461538|5|27.119|45.138|00000001D0D7|54
28.047761194|7|26.070|58.685|00000001D0DE|54
31.4709677419|5|30.492|29.906|00000001D119|54
36.8816326531|5|29.687|86.048|00000001D11A|54
19.3731958763|4|20.334|5.665|00000001D11C|54
38.0210526316|5|28.850|78.178|00000001E89E|54
30.4875|6|21.488|20.094|00000001E8A2|54
44.3454545455|3|36.634|118.930|00000001E8D5|54
12.1238709677|2|12.124|0.000|000000023310|54
12.4280254777|3|13.215|1.239|00000002986E|54
18.2446601942|2|18.245|0.000|00000002986F|54
10.5573033708|2|10.557|0.000|00000002987C|54
18.2446601942|4|16.358|10.346|00000002987D|54
15.2780487805|2|15.278|0.000|00000002987E|54
18.2446601942|2|18.245|0.000|000000029883|54
14.1391304348|2|14.139|0.000|000000029884|54
12.7482352941|3|12.421|0.215|000000029E6C|54
15.4058823529|4|16.012|3.278|00000002A486|54
15.12|3|14.986|0.036|00000002B89E|54
11.9705521472|6|14.169|6.243|00000002C172|54
12.6377622378|5|13.392|2.050|00000002C49A|54
