00000001A5AC,22.9170731707,1477914335
00000001A5F8,20.4260869565,1477915103
00000001BB22,20.325,1477914352
00000001A5BB,19.575,1477914503
000000019151,19.3188118812,1477914499
000000019152,19.3731958763,1477914332
000000019158,24.9103448276,1477914406
00000002B444,11.6720496894,1477914968
00000001914D,18.2545454545,1477914313
000000019125,18.0782608696,1477914689
00000001BB78,20.4260869565,1477914614
000000017F5A,21.1146067416,1477914516
00000001A5C3,23.2285714286,1477914637
00000001D21D,19.3731958763,1477914959
00000001A5DC,12.6120805369,1477914807
000000013947,21.1146067416,1477915131
00000002B464,18.2446601942,1477914457
00000001D177,20.1154639175,1477914706
00000001A5B6,20.4260869565,1477914468
00000001A5B0,18.2545454545,1477914993
00000002B46D,14.9355371901,1477914823
00000001BB6D,18.4235294118,1477914511
000000017F69,19.3731958763,1477914763
00000002ACC2,18.6059405941,1477914823
00000001917F,21.8511627907,1477914637
000000019190,17.5783783784,1477914983
000000016F26,16.7785714286,1477914636
000000019192,18.4235294118,1477914940
000000017F78,20.1154639175,1477914962
00000001A5D5,19.2255319149,1477914779
00000001916C,23.7951219512,1477914566
00000001A5DF,18.4235294118,1477914808
