000000019033,18.4235294118,1477912015
000000017E53,22.9170731707,1477912553
000000019038,21.6,1477911944
000000016EA8,19.575,1477912188
0000000136E2,21.5142857143,1477912112
000000019057,22.9170731707,1477912221
00000001A48F,22.0390243902,1477912012
00000002A427,13.3276595745,1477912419
00000001A4DF,20.4260869565,1477912505
000000019083,16.4041237113,1477912597
000000019084,22.9170731707,1477912685
000000019085,19.3731958763,1477912677
00000002B433,15.1865546218,1477912109
00000001A496,23.7951219512,1477912062
00000001A498,23.4701298701,1477912045
00000002B437,13.0956521739,1477912402
00000001A4AC,16.5798165138,1477912182
00000001A4AF,17.5626168224,1477912446
00000001A478,22.0390243902,1477911996
00000001D094,18.9818181818,1477911991
00000001A4F8,18.2355140187,1477912711
00000002B05A,14.3450381679,1477912385
00000001A4A4,18.0692307692,1477912186
0000000154E7,16.7785714286,1477912001
00000001A4DD,18.825,1477912483
00000001A4D9,17.2403669725,1477912458
00000001BA4D,14.7968503937,1477912235
00000001BA36,20.4260869565,1477912084
00000001D107,18.9818181818,1477912681
000000019070,18.9818181818,1477912490
00000001A4E1,19.3731958763,1477912570
00000001A431,22.3422680412,1477911975
00000001A4EE,19.3731958763,1477912623
000000016E9F,18.6309278351,1477912164
00000001A4BE,19.2255319149,1477912366
00000001A4B0,13.2338028169,1477912544
00000001A4EC,21.1146067416,1477912607
00000002B89B,12.2823529412,1477912631
00000002B899,21.7734939759,1477912524
00000002B88F,17.2403669725,1477912021
00000001BA38,14.8710280374,1477912086
00000001D0B4,19.3731958763,1477912054
