000000018604,17.4214285714,1477874713
00000001AE16,21.6,1477875243
00000002AE31,10.1528089888,1477874855
00000001AE04,20.6505494505,1477875076
000000019939,18.3789473684,1477874431
0000000185D5,16.8897196262,1477874765
00000002B200,13.1504132231,1477874499
00000002B208,17.5783783784,1477874674
00000002B209,18.6059405941,1477874695
00000001998D,18.4235294118,1477874944
000000018616,15.7915966387,1477874871
0000000185E3,18.6309278351,1477874441
00000002B1F5,14.68125,1477875186
000000014426,18.4235294118,1477874417
00000001860C,19.3731958763,1477874706
0000000199AB,21.5142857143,1477875157
00000001C382,15.4032786885,1477874970
00000001997C,20.7724137931,1477875023
00000001997A,14.7968503937,1477874849
00000001997F,17.4,1477874892
000000019942,20.1154639175,1477874513
000000019940,14.8131147541,1477874439
000000017474,22.5290322581,1477874564
00000001994C,20.7724137931,1477874489
00000001746E,19.9914893617,1477874724
000000018606,19.8593406593,1477874748
000000019973,23.7951219512,1477874806
0000000199B3,21.1146067416,1477875195
0000000199B4,18.2446601942,1477875189
00000001AD9E,18.4075471698,1477875066
000000018632,22.3714285714,1477874975
000000018633,17.9009174312,1477875194
0000000185BD,17.3769230769,1477874501
000000019966,19.575,1477874653
0000000174DD,23.7873417722,1477875253
0000000185B4,21.6,1477874507
000000015E62,21.8511627907,1477874481
