00000001894B,40.852173913,1477885030
0000000295DC,18.9436893204,1477884780
000000019CDE,29.2864864865,1477884983
000000019CDC,33.8553191489,1477885001
000000016C30,30.6,1477885461
000000010E6F,30.3096774194,1477885035
0000000295E6,14.6926829268,1477884908
000000019CE6,26.4676056338,1477885299
000000019C99,28.6857142857,1477884764
00000002B2B0,15.5793103448,1477885347
00000002B6B7,11.6720496894,1477884855
00000002AEDF,14.1293233083,1477885319
000000018939,34.7538461538,1477884680
000000018935,29.3625,1477884614
