00000001BE11,37.5230769231,1477926356
000000018163,34.8,1477926336
00000002BDF2,10.4903225806,1477925938
00000002B11C,12.8170212766,1477926413
00000001941F,36.8816326531,1477926350
00000001BDF9,36.1384615385,1477925778
00000001A851,44.3454545455,1477925843
000000013D53,42.7090909091,1477926224
00000001A876,39.9829787234,1477926465
00000001A84F,50.7891891892,1477925868
00000001A86C,31.8508474576,1477926336
00000001BE08,48.1846153846,1477926155
00000001A852,35.4352941176,1477925828
00000001D52F,10.1098445596,1477925985
