000000019742,20.4260869565,1477870666
000000019745,20.7574468085,1477870719
000000019744,23.7873417722,1477870692
000000019746,22.9170731707,1477870716
000000018426,18.6059405941,1477870772
0000000141E9,22.8759493671,1477871019
000000018460,18.6309278351,1477871195
00000001973C,16.7785714286,1477870617
000000018417,18.2896551724,1477870727
00000001C18E,17.5626168224,1477871162
0000000172BD,20.7574468085,1477870611
0000000172BA,24.6987341772,1477871123
000000016A33,20.3056179775,1477871185
0000000196B2,18.6059405941,1477871004
00000001974C,19.4322580645,1477870762
00000001974E,18.4235294118,1477870784
00000001974F,19.3731958763,1477870815
00000001842F,21.6,1477870847
00000001ABB1,20.4260869565,1477870678
00000001D8ED,22.3714285714,1477871205
00000001ABA6,14.7968503937,1477870582
00000001972E,13.3276595745,1477870795
00000001972C,13.8176470588,1477870527
000000019790,21.6,1477871317
000000019794,18.9818181818,1477871338
000000019785,20.4260869565,1477871241
000000019784,20.7574468085,1477871269
00000001ABA5,22.4275862069,1477870851
00000001977F,19.3188118812,1477871178
000000019772,19.575,1477871030
000000017307,18.0692307692,1477871250
00000001ABBC,21.2086956522,1477870679
0000000183D6,20.4260869565,1477870615
00000001C197,17.3769230769,1477871075
000000019764,20.1154639175,1477870970
0000000172EE,17.5626168224,1477870992
00000001843E,19.3731958763,1477871079
000000019754,20.7724137931,1477870843
000000024BC4,11.0541176471,1477871030
00000001AB83,22.9170731707,1477870630
000000019735,21.2086956522,1477870531
00000001844A,19.3731958763,1477871102
00000001AB7B,18.4235294118,1477870605
