000000011C11,28.047761194,1477915667
00000001A5F9,22.4275862069,1477915187
00000001A5EB,36.1384615385,1477915265
0000000191D6,29.7,1477915696
00000002B8E3,11.8936708861,1477915619
00000002BD5F,20.2064516129,1477915584
00000001A5FF,15.7915966387,1477915167
00000001A61E,28.047761194,1477915488
00000001A619,28.2782608696,1477915284
00000002B444,11.6720496894,1477914968
000000016F59,29.3625,1477915319
00000001D21D,19.3731958763,1477914959
000000013947,21.1146067416,1477915131
000000017FB3,28.2375,1477915398
00000001A5B0,18.2545454545,1477914993
00000001A622,46.4571428571,1477915434
00000001A620,34.8,1477915560
000000019190,17.5783783784,1477914983
000000019192,18.4235294118,1477914940
00000001D23F,20.4260869565,1477915239
00000001A638,34.7538461538,1477915766
000000017F78,20.1154639175,1477914962
00000001EA4B,36.8470588235,1477915728
0000000138B0,18.825,1477914973
