00000002AFF3,19.1755102041,1477908469
000000018E61,19.575,1477908416
00000001346D,19.9914893617,1477908089
000000029DB9,14.4553846154,1477908141
000000017C82,21.8909090909,1477908300
000000018E2E,21.6,1477907860
00000001A24E,23.2285714286,1477907956
00000001CE2C,18.4235294118,1477907748
00000001A265,20.7724137931,1477908045
00000001A221,21.6,1477908081
00000001E5FE,19.3731958763,1477907920
0000000152A7,19.7090909091,1477908467
00000001A27E,15.4032786885,1477908379
00000001A27D,17.0645669291,1477908305
00000001A27B,16.2,1477908340
000000018E6B,18.9818181818,1477908487
00000001B79A,22.3714285714,1477908017
00000002AFC2,11.6838323353,1477908155
00000001A289,19.6434782609,1477908395
00000001A273,21.4417582418,1477908153
00000001B800,18.0692307692,1477908101
00000001A23A,19.6434782609,1477907825
00000001A298,18.0692307692,1477908510
000000018E17,17.7176470588,1477908053
00000001B837,18.2446601942,1477908517
00000001B7E8,22.3714285714,1477907844
00000001B83B,21.8511627907,1477908532
000000013424,19.575,1477907736
00000001E618,19.1294117647,1477908025
00000001A29E,17.5626168224,1477908545
00000002AFBC,14.6926829268,1477907941
000000018E46,22.0390243902,1477908055
000000018E31,20.4260869565,1477908074
000000018DE3,20.4260869565,1477907864
000000018E3F,18.0692307692,1477908021
000000017C94,23.7951219512,1477908491
00000001B7D9,19.9914893617,1477907742
00000002B3BC,12.9365853659,1477907743
00000002B3BB,19.1755102041,1477907901
