22.0390243902|3|20.759|3.275|000000015145|53
25.8|6|30.033|21.288|000000016D89|53
11.8188679245|7|29.158|202.200|000000016D8D|53
20.4260869565|8|29.846|93.320|000000017B7C|53
14.68125|2|26.708|144.636|000000017B9A|53
20.6505494505|5|28.742|49.216|000000017BA1|53
15.1865546218|8|24.017|90.109|000000018D02|53
23.5565217391|4|19.265|22.497|000000018D44|53
23.2285714286|2|23.229|0.000|000000018D52|53
20.7574468085|5|22.163|16.283|000000018D5B|53
23.7873417722|5|29.107|33.259|000000018D65|53
19.3731958763|2|19.373|0.000|000000018D76|53
13.7172413793|3|19.895|76.335|000000018D7D|53
18.2545454545|3|21.568|21.960|00000001A129|53
19.3731958763|3|23.771|38.673|00000001A134|53
20.3056179775|3|23.043|14.982|00000001A138|53
16.7785714286|3|22.358|62.263|00000001A139|53
21.2086956522|3|24.231|18.268|00000001A157|53
24.0888888889|3|29.623|61.260|00000001A163|53
15.9254237288|3|16.129|0.083|00000001A167|53
18.6059405941|5|25.291|49.607|00000001A16D|53
19.7090909091|4|23.860|21.560|00000001A170|53
22.3714285714|4|29.320|51.218|00000001A17E|53
14.9355371901|3|22.034|100.766|00000001A18E|53
16.0615384615|6|20.376|44.855|00000001CCF2|53
20.7724137931|6|20.277|32.574|00000001CD05|53
17.5626168224|6|26.671|122.971|00000001CD2A|53
19.3188118812|12|30.377|148.061|00000001F566|53
26.1|7|30.495|84.004|00000001F5B4|53
14.1293233083|3|17.204|18.909|00000002AFB7|53
14.6706766917|3|15.561|1.584|00000002B38A|53
17.7283018868|3|17.796|0.009|00000002B398|53
13.4129032258|3|12.291|2.515|00000002B7D7|53
19.1787610619|7|16.282|8.130|00000002BC4C|53
