30.3096774194|12|28.917|126.742|000000010E6F|53
30.6|3|31.143|9.563|000000016C30|53
29.3625|3|31.093|6.425|000000018935|53
34.7538461538|2|34.754|0.000|000000018939|53
40.852173913|6|35.033|63.797|00000001894B|53
28.6857142857|11|33.498|129.755|000000019C99|53
33.8553191489|4|29.834|21.302|000000019CDC|53
29.2864864865|3|30.582|3.358|000000019CDE|53
26.4676056338|7|27.660|57.950|000000019CE6|53
18.9436893204|2|18.944|0.000|0000000295DC|53
14.6926829268|3|15.789|2.406|0000000295E6|53
14.1293233083|4|15.001|5.636|00000002AEDF|53
15.5793103448|3|16.877|3.366|00000002B2B0|53
11.6720496894|4|13.910|12.681|00000002B6B7|53
