36.1333333333|4|38.563|68.409|000000016C15|53
25.3945945946|6|32.615|45.860|000000016C18|53
31.7052631579|2|31.705|0.000|000000017745|53
51.6|3|39.810|278.000|0000000188E1|53
38.4510638298|3|35.196|21.188|0000000188F1|53
30.806557377|4|31.314|7.848|00000001890A|53
32.4734693878|7|30.534|106.912|000000019C5A|53
34.8|10|36.288|87.423|000000019C6C|53
41.0727272727|7|40.538|35.348|000000019C74|53
44.3454545455|6|36.476|42.888|000000019C7D|53
34.8|4|27.622|53.342|000000019C7F|53
30.3096774194|3|32.400|8.742|000000019C84|53
46.1106382979|3|42.444|26.896|000000019C8D|53
32.7375|5|27.924|92.787|00000001B11B|53
44.3454545455|6|36.944|74.543|00000001B126|53
44.7428571429|5|38.966|89.733|00000001B127|53
24.4051948052|6|28.582|86.344|00000001C6F9|53
11.1624161074|4|13.223|12.496|000000029599|53
17.2672566372|4|16.661|0.498|00000002B294|53
20.9806451613|4|20.637|11.031|00000002B296|53
12.6|9|13.550|5.121|00000002BAF0|53
