26.0852459016|15|27.365|75.418|000000012988|53
16.9297297297|6|24.891|69.081|0000000129A7|53
36.1384615385|6|26.643|59.951|000000014781|53
34.8|2|34.800|0.000|000000017684|53
16.6769230769|4|25.437|76.747|0000000187FF|53
44.3454545455|2|44.345|0.000|00000001881E|53
43.0285714286|3|44.321|3.343|000000018837|53
29.1483870968|4|28.390|5.605|00000001883A|53
16.1357142857|7|28.451|78.856|000000019B4D|53
28.047761194|3|28.929|1.553|000000019BB4|53
10.9255813953|7|20.149|119.426|00000001B004|53
34.8|5|29.341|58.034|00000001B015|53
32.9684210526|5|30.490|61.854|00000001B025|53
31.9868852459|6|31.074|33.860|00000001B027|53
34.8|5|30.235|70.149|00000001B03C|53
21.1146067416|5|24.660|124.983|00000001B043|53
46.4571428571|9|27.585|109.772|00000001C53A|53
23.7873417722|8|29.392|89.069|00000001C602|53
27.2347826087|6|30.974|65.854|00000001C604|53
10.2658064516|2|10.266|0.000|000000024C90|53
14.9142857143|7|15.698|11.465|00000002AE96|53
10.4|2|15.823|29.408|00000002B271|53
12.1322834646|3|14.816|14.405|00000002B275|53
