42.7090909091|5|34.017|113.854|000000013D53|53
34.8|2|34.800|0.000|000000018163|53
36.8816326531|7|36.864|98.789|00000001941F|53
50.7891891892|3|40.861|197.152|00000001A84F|53
44.3454545455|3|39.262|51.683|00000001A851|53
35.4352941176|4|37.832|16.890|00000001A852|53
31.8508474576|3|35.605|28.192|00000001A86C|53
39.9829787234|3|40.972|1.955|00000001A876|53
36.1384615385|3|40.320|34.964|00000001BDF9|53
48.1846153846|6|41.013|225.907|00000001BE08|53
37.5230769231|5|39.907|122.606|00000001BE11|53
10.1098445596|8|26.574|242.131|00000001D52F|53
12.8170212766|4|13.739|0.894|00000002B11C|53
10.4903225806|8|12.214|4.411|00000002BDF2|53
