25.8|5|28.572|12.742|000000016D89|53
20.4260869565|8|29.846|93.320|000000017B7C|53
14.68125|2|26.708|144.636|000000017B9A|53
20.6505494505|5|28.742|49.216|000000017BA1|53
21.1146067416|7|20.692|13.350|000000018D39|53
18.4075471698|2|18.408|0.000|000000018D3A|53
20.8384615385|6|26.031|29.359|000000018D3B|53
23.5565217391|3|19.743|29.083|000000018D44|53
23.2285714286|2|23.229|0.000|000000018D52|53
20.7574468085|5|22.163|16.283|000000018D5B|53
23.7873417722|5|29.107|33.259|000000018D65|53
19.3731958763|2|19.373|0.000|000000018D76|53
13.7172413793|3|19.895|76.335|000000018D7D|53
17.7283018868|5|24.893|58.648|00000001A101|53
21.2086956522|4|23.903|20.243|00000001A105|53
23.7873417722|3|25.115|3.527|00000001A10D|53
19.6434782609|5|22.963|48.238|00000001A110|53
17.5626168224|5|28.811|117.402|00000001A11C|53
18.6059405941|5|23.409|54.371|00000001A11F|53
18.2545454545|3|21.568|21.960|00000001A129|53
19.3731958763|3|23.771|38.673|00000001A134|53
20.3056179775|3|23.043|14.982|00000001A138|53
16.7785714286|3|22.358|62.263|00000001A139|53
21.2086956522|3|24.231|18.268|00000001A157|53
24.0888888889|3|29.623|61.260|00000001A163|53
18.6059405941|3|23.183|41.890|00000001A16D|53
19.7090909091|3|23.457|28.099|00000001A170|53
16.0615384615|6|20.376|44.855|00000001CCF2|53
20.7724137931|5|20.431|38.947|00000001CD05|53
17.5626168224|6|26.671|122.971|00000001CD2A|53
19.3188118812|12|30.377|148.061|00000001F566|53
12.6972972973|3|13.773|2.316|00000002973C|53
17.7283018868|3|18.678|1.804|00000002B389|53
14.6706766917|3|15.561|1.584|00000002B38A|53
19.1787610619|6|17.196|3.641|00000002BC4C|53
