28.047761194|4|25.015|28.765|000000011C11|53
29.3625|4|28.322|47.995|000000011C82|53
34.8|8|29.746|75.434|00000001673C|53
29.3625|8|24.303|85.750|000000017F37|53
29.5098591549|5|32.054|20.419|000000017FDB|53
29.7|1|29.700|0.000|0000000191D6|53
35.4352941176|4|37.603|31.290|0000000191F6|53
34.8|4|30.530|21.014|00000001A620|53
26.9731343284|4|30.547|145.267|00000001A631|53
34.7538461538|3|31.854|16.817|00000001A638|53
31.8508474576|10|31.544|71.711|00000001A63A|53
34.7538461538|4|35.668|2.837|00000001A642|53
32.9684210526|5|36.265|22.819|00000001A648|53
48.1846153846|4|39.020|85.488|00000001A652|53
37.5230769231|3|38.849|3.517|00000001A65E|53
36.8470588235|8|31.957|68.808|00000001EA4B|53
15.912|4|14.303|3.745|0000000298C7|53
16.6300884956|3|16.042|0.692|00000002B0A7|53
13.5194244604|4|13.506|0.642|00000002B480|53
11.8936708861|5|12.348|2.827|00000002B8E3|53
20.2064516129|7|18.478|5.126|00000002BD5F|53
