22.9170731707|4|20.960|4.446|000000011867|53
17.5626168224|7|24.669|92.230|000000016E29|53
19.2255319149|2|19.226|0.000|000000017D3B|53
18.0692307692|6|20.411|45.364|000000017D6A|53
24.4051948052|6|23.353|16.569|000000017D80|53
19.3731958763|7|23.231|81.736|000000018F02|53
19.9914893617|4|20.011|2.762|000000018F0A|53
16.7785714286|4|18.897|4.489|000000018F10|53
16.8897196262|4|20.065|19.345|000000018F1D|53
20.4260869565|4|18.963|2.466|000000018F1F|53
22.9170731707|3|23.019|0.021|000000018F2D|53
23.2285714286|3|22.293|1.752|000000018F43|53
22.9170731707|4|21.111|4.308|000000018F53|53
20.6505494505|7|23.997|57.912|000000018F55|53
21.1146067416|3|20.646|0.439|00000001A314|53
18.9818181818|4|20.984|6.767|00000001A319|53
21.6|5|19.983|5.396|00000001A350|53
19.9914893617|9|25.143|89.627|00000001A353|53
16.1357142857|3|16.417|0.158|00000001A372|53
21.2086956522|4|19.778|2.715|00000001A374|53
21.9235955056|4|20.333|6.862|00000001A375|53
22.0390243902|6|21.856|3.470|00000001A383|53
20.3056179775|5|24.511|43.842|00000001A392|53
15.4461538462|3|16.520|2.307|00000001A3AE|53
17.8930693069|3|18.673|1.216|00000001A3B4|53
14.7818181818|3|16.310|4.672|00000001A3B6|53
20.7724137931|5|22.056|20.637|00000001B8ED|53
19.3188118812|5|19.816|6.494|00000001B908|53
18.4235294118|5|21.552|106.826|00000001B916|53
18.4235294118|4|18.166|0.474|00000001B91A|53
21.6|4|22.937|125.707|00000001B92D|53
16.7785714286|5|20.576|84.027|00000001B930|53
15.4032786885|5|21.403|157.370|00000001B95D|53
21.6|5|22.462|72.044|00000001CF71|53
20.7724137931|5|22.485|15.998|00000001CF97|53
23.7873417722|6|19.265|23.348|00000002AC55|53
13.0956521739|4|13.603|1.198|00000002B015|53
13.3276595745|3|15.306|7.831|00000002B402|53
