00000001B60C,23.3526315789,1477904836
0000000163DD,21.2550898204,1477904894
00000002A38B,13.1727272727,1477904770
00000002A38A,24.3188811189,1477904708
00000001E499,23.1673469388,1477905335
0000000150DA,18.9857142857,1477905132
0000000150AB,21.0222222222,1477904858
00000001512A,20.7116883117,1477905511
0000000150AF,23.6571428571,1477904870
0000000150A1,25.018705036,1477904778
000000015124,23.2,1477905477
000000015120,19.6474576271,1477905483
0000000150E3,21.9111111111,1477905189
0000000163D9,20.9493975904,1477904714
0000000163D4,18.8733727811,1477904885
00000002C434,10.2584070796,1477904788
0000000163D3,21.0035502959,1477904969
000000015090,21.2048780488,1477904703
000000015092,20.2186046512,1477904725
000000015094,23.6571428571,1477904718
000000015097,12.557480315,1477904782
00000001E44A,21.8716981132,1477904856
0000000150F8,20.7,1477905450
0000000150F9,20.8239520958,1477905472
0000000150C3,22.1142857143,1477905027
0000000150F1,19.9862068966,1477905255
0000000150F2,22.8789473684,1477905246
00000001E470,22.6089171975,1477905186
0000000163E6,20.5775147929,1477904892
0000000163E0,21.2550898204,1477904799
00000001E47F,20.8239520958,1477905041
00000002C0EE,15.9140186916,1477904807
00000001509C,19.5724137931,1477904909
00000002C0EA,11.325,1477905113
00000002A39A,10.570212766,1477905151
0000000163F0,23.0304635762,1477905088
00000001F596,21.8716981132,1477905369
00000001F57E,17.9208791209,1477905206
00000001E4B7,18.7978378378,1477905404
00000001B64F,22.6089171975,1477905280
00000002A770,14.0225806452,1477905327
0000000150ED,21.4666666667,1477905229
00000001CCD0,23.3395973154,1477905496
00000001E458,23.1673469388,1477904781
0000000150D9,17.4753768844,1477905150
0000000150D2,20.5775147929,1477905101
0000000150D3,21.4666666667,1477905104
0000000150D0,21.8716981132,1477905088
00000001E452,22.8502994012,1477904790
00000001F563,21.2550898204,1477905125
00000001F56E,22.4052631579,1477904795
00000001F56C,12.6,1477904840
00000002A374,16.3267605634,1477905366
00000001E480,19.9862068966,1477905040
00000001E45C,22.5818181818,1477904838
00000001E45B,19.2132596685,1477904878
0000000150DE,21.9111111111,1477905141
0000000150E5,23.8191780822,1477905183
0000000150E4,22.1503184713,1477905189
0000000150E6,20.8239520958,1477905204
0000000150E1,17.8189944134,1477905176
00000001510A,25.018705036,1477905340
0000000150E8,12.3391304348,1477905271
00000001F572,22.187755102,1477904973
00000002A398,15.3876106195,1477905089
00000001E48D,22.461971831,1477905295
00000001B62F,19.025698324,1477905115
00000001510F,22.8563758389,1477905367
0000000150CA,13.0981549815,1477905112
00000001510D,21.4188679245,1477905362
0000000150CE,22.6089171975,1477905068
0000000150B2,22.5818181818,1477904918
0000000150B3,20.8044198895,1477904941
0000000150B6,20.5775147929,1477904945
0000000150B7,21.6,1477904949
000000015116,19.6474576271,1477905436
0000000150BF,21.6979591837,1477904997
00000001640C,21.4666666667,1477905488
000000015107,13.4078740157,1477905385
00000001E4A7,18.4,1477905444
000000016409,16.8,1477905476
0000000150C5,20.1333333333,1477905034
00000001E488,22.2923076923,1477905125
00000001E4A9,24.4901408451,1477905298
00000001E482,18.9818181818,1477905064
