00000001B572,40.7688311688,1477902334
00000001E386,37.0173913043,1477902418
000000014FBE,20.3368421053,1477902419
000000014FBF,37.0173913043,1477902832
000000014FC0,54.3375,1477902372
000000016386,35.8515463918,1477903061
00000001E383,27.0961832061,1477902393
00000001637B,49.3,1477902785
000000014F98,46.0987012987,1477902404
00000001E3AA,35.1092783505,1477902617
000000018C62,55.128358209,1477902665
00000002C0B4,12.1594405594,1477902988
00000001F500,39.9724137931,1477902734
000000016363,35.8515463918,1477902692
00000001E39E,48.3,1477902377
000000014FEC,35.8515463918,1477903056
000000014FD0,11.8285714286,1477902781
000000014FCB,50.4,1477902598
00000002A359,15.3662337662,1477902471
000000014FCE,42.4097560976,1477902629
00000001CBB8,45.9219512195,1477902300
00000001E3D8,42.4097560976,1477903089
000000014FC6,36.9957446809,1477902464
000000014FC4,34.4,1477902444
000000014FEB,40.4372093023,1477903046
000000014FED,35.475,1477903056
00000001E3D7,38.5826086957,1477903038
00000002C0D5,12.509352518,1477902613
00000002C0D4,13.2228136882,1477902681
000000014FDE,10.2887573964,1477903013
00000002A35B,13.427027027,1477902794
00000001E3B0,37.8,1477902616
000000016329,46.9945945946,1477902491
00000002C41A,13.6913385827,1477902390
000000016373,37.8,1477902693
00000001B595,34.1307692308,1477902878
00000001E3CF,45.1636363636,1477902925
000000014FF0,38.5826086957,1477903092
00000001E390,47.6658227848,1477902420
000000014FD8,39.0741573034,1477902812
000000014FD6,50.4,1477902764
