000000014801,21.0222222222,1477879157
000000014805,19.6474576271,1477879173
000000014806,16.1,1477879201
00000001DD5F,22.8789473684,1477879052
0000000147FE,23.4972972973,1477879141
0000000147FF,23.3526315789,1477879146
0000000147FA,24.9971830986,1477879093
0000000147A6,19.2132596685,1477879249
00000001C59F,19.7433962264,1477878948
00000001605C,56.0903225806,1477879328
00000001DD63,20.9493975904,1477879092
00000001DD62,20.1681818182,1477879077
00000001DD6F,18.1125,1477879232
000000016055,40.9304347826,1477879615
000000016050,22.2923076923,1477879228
00000001DD58,24.7736842105,1477878972
00000001AF9A,22.7538461538,1477879241
00000001DD50,12.6133333333,1477879144
00000002BF7D,15.0545454545,1477878985
00000001F221,56.2029850746,1477879422
0000000147F5,22.2923076923,1477879047
0000000147F2,23.8191780822,1477879019
00000001C5AA,34.4316831683,1477879348
00000001F20D,20.6372093023,1477879198
000000016049,21.4666666667,1477879140
00000001F213,25.3839416058,1477879261
00000002BF82,13.4790697674,1477879308
00000001F1FB,22.5818181818,1477878921
00000001AFA4,44.9316455696,1477879445
000000016069,38.2153846154,1477879655
00000002BF76,12.6927835052,1477878930
00000002A1AE,14.9253218884,1477878919
000000014847,35.8515463918,1477879696
000000014840,44.0202531646,1477879606
000000014842,29.7230769231,1477879646
0000000147E4,23.5072847682,1477878904
0000000147E7,17.9257731959,1477878963
00000001483C,42.4097560976,1477879545
0000000147E9,21.6,1477878954
00000001601A,26.5183098592,1477879019
00000001482C,45.043902439,1477879386
00000001DD65,22.9609756098,1477879115
000000014833,10.2886956522,1477879588
000000014835,16.56,1477879521
000000014836,39.0741573034,1477879471
000000014838,43.1088607595,1477879470
000000014747,22.8789473684,1477879018
000000019BB6,34.4,1477879746
00000001AFC7,23.6571428571,1477879167
00000001F1DA,16.6941176471,1477878910
00000001C5EE,38.2651685393,1477879527
000000014823,27.464516129,1477879298
000000014826,39.0065934066,1477879316
00000002BACC,16.3267605634,1477879216
000000025D7B,11.7884745763,1477879278
00000002A1C2,18.9,1477879223
00000001AFD6,23.1673469388,1477879111
00000002A68D,12.9278810409,1477879333
00000001481C,45.7578947368,1477879241
00000001DD0F,21.4666666667,1477878905
00000002A1BB,17.8371859296,1477879005
00000002A1BC,17.3014925373,1477879055
00000002A6BF,10.2888217523,1477879321
00000002BADE,16.2825688073,1477879236
00000001482E,30.4071428571,1477879418
00000001DD70,24.15,1477879226
00000001DD74,42.4097560976,1477879249
00000002A1C4,13.4965779468,1477879325
00000001DD77,35.8515463918,1477879272
00000001DD78,43.8222222222,1477879285
