000000018FC2,18.3917098446,1477911928
0000000155EA,23.8191780822,1477912415
00000001D0C0,17.5252747253,1477912240
0000000155BB,21.0222222222,1477912128
0000000155BD,19.6474576271,1477912150
00000001E899,18.8154696133,1477912160
00000002C486,14.4325791855,1477912562
00000002C4C8,16.2825688073,1477912527
00000001BA1A,23.3526315789,1477912346
00000001E892,21.643902439,1477912221
0000000155C3,22.1503184713,1477912171
00000001A485,22.4142857143,1477912317
00000001D0AD,23.6571428571,1477912233
00000001D0AE,21.0035502959,1477912221
00000001F7DD,21.9111111111,1477912599
00000001E8EE,19.5680981595,1477912680
000000016648,20.0542372881,1477912212
00000001E89F,21.4188679245,1477912637
0000000155DF,18.780952381,1477912374
00000001E8A3,19.2132596685,1477912241
0000000155B4,20.6372093023,1477912092
00000001E8D0,22.5536423841,1477912496
00000001E8D1,22.2923076923,1477912509
000000016632,21.8716981132,1477912070
0000000155E4,21.6979591837,1477912385
0000000155E0,21.8716981132,1477912362
0000000155EF,19.4279329609,1477912451
00000001D090,23.6571428571,1477912009
00000001E8EB,21.1527950311,1477912674
000000015599,21.7766871166,1477911913
00000001E8E9,22.1503184713,1477912660
000000015593,21.2550898204,1477912667
00000001A443,22.8789473684,1477912080
0000000155EC,21.2048780488,1477912428
00000001E8DB,21.8716981132,1477912570
000000016625,23.0304635762,1477912570
00000001E841,22.8789473684,1477912102
0000000155F8,23.6571428571,1477912483
000000018FEA,25.5705882353,1477912103
00000001E87D,21.9111111111,1477911948
00000002A494,11.2909090909,1477912318
0000000155D3,23.6571428571,1477912261
00000001A4A7,23.9830985915,1477912683
0000000155FE,22.1503184713,1477912505
00000001D0DF,22.1503184713,1477912508
00000002A489,16.532038835,1477911992
00000001D09D,24.1469387755,1477912097
00000002A487,11.110543131,1477911935
00000001F7BC,18.5967914439,1477912241
00000001D070,12.1170731707,1477911983
00000001D078,20.7578947368,1477911906
00000001B9F5,10.9015673981,1477912065
00000001F7B9,19.8301675978,1477912212
00000001E8C6,24.4901408451,1477912584
00000001E8C5,23.65,1477912399
000000018FF2,21.4666666667,1477912089
00000002BCEC,10.7094339623,1477912395
000000015603,25.3839416058,1477912516
000000015532,19.1076923077,1477912135
00000001BA53,19.6888888889,1477912553
00000001BA59,20.8239520958,1477912570
0000000155F0,25.5366906475,1477912440
0000000155F2,19.4279329609,1477912478
00000001558B,21.0035502959,1477912022
00000001CF4E,11.3647058824,1477912002
00000001E8BD,21.2550898204,1477912398
00000001E8BF,11.5622149837,1477912453
00000002C1C1,19.5370786517,1477912408
00000001F7CD,20.1514792899,1477912523
00000002A7C2,13.0736842105,1477912317
00000002B886,13.865625,1477912382
00000001E88F,20.8239520958,1477912248
00000001E88D,21.643902439,1477912119
000000015615,22.8563758389,1477912679
0000000155A3,10.2282352941,1477912079
00000001E8AD,20.5156626506,1477912277
0000000155A8,21.0222222222,1477912031
0000000154C6,20.8239520958,1477912483
0000000155AE,21.4744186047,1477912068
00000001E8A9,25.018705036,1477912352
0000000165E0,21.9111111111,1477912292
00000001D0CF,12.6919708029,1477912399
000000016662,22.5818181818,1477912419
000000016666,20.6372093023,1477912473
00000001667B,19.6474576271,1477912620
00000001667D,23.6571428571,1477912614
00000001E882,23.9830985915,1477911984
00000001E871,20.1514792899,1477912477
00000001D0B3,22.8789473684,1477912069
00000001D0B0,19.5305389222,1477912135
00000001D0B5,21.2048780488,1477912202
