00000001CE39,24.1469387755,1477907949
00000001E65B,24.9971830986,1477908387
00000001CE33,14.0586206897,1477907912
00000001532B,25.6163265306,1477908346
0000000152D1,22.1142857143,1477907967
0000000152EE,21.4188679245,1477908094
0000000152D6,11.5786833856,1477908078
0000000152D8,20.5775147929,1477908022
00000001E645,19.8,1477908091
000000015319,14.131120332,1477908319
00000001E640,23.3526315789,1477908494
0000000164A9,22.1503184713,1477908042
000000015334,22.6089171975,1477908387
000000015335,25.6163265306,1477908384
00000001CE2A,21.4666666667,1477907757
00000001E648,22.7538461538,1477908086
000000015333,12.2021052632,1477908449
00000001532D,15.12,1477908400
0000000152DE,23.6830188679,1477908288
0000000152E7,18.6098360656,1477908090
00000001B7AA,20.6372093023,1477907760
0000000152E3,17.4,1477908087
0000000152E2,22.2923076923,1477908056
0000000152E1,21.4666666667,1477908062
0000000152E0,20.2186046512,1477908067
0000000152E6,23.6571428571,1477908076
0000000152E5,21.2048780488,1477908077
0000000152E4,23.0493506494,1477908068
000000015240,20.5132075472,1477907782
000000015314,12.3758007117,1477908326
00000001E651,21.6,1477908177
0000000152A6,22.0101265823,1477907766
000000015322,24.3123287671,1477908324
000000015320,11.8285714286,1477908394
00000001530F,24.15,1477908246
00000001530A,10.9218461538,1477908299
0000000164A3,19.6474576271,1477907822
00000001F675,21.9111111111,1477908397
0000000152F8,19.8,1477908156
0000000152F9,22.8789473684,1477908155
0000000152F5,20.5775147929,1477908143
0000000152F3,12.2883392226,1477908195
00000002A3F1,18.019047619,1477907730
00000001B79E,23.4972972973,1477907810
0000000152AC,20.7,1477908336
00000002A40E,20.3368421053,1477908512
00000001E660,20.5775147929,1477908313
00000001E661,17.147826087,1477908326
00000001531C,23.5072847682,1477908291
000000015313,13.0247191011,1477908315
000000015259,21.9111111111,1477908017
0000000164C4,20.2186046512,1477908128
00000002A405,16.7192307692,1477908339
00000002A404,17.1310344828,1477908334
00000001E66A,23.3395973154,1477908380
00000002A403,12.7550561798,1477908330
0000000164CC,22.1503184713,1477908190
00000001531A,10.08,1477908383
00000001531E,20.5156626506,1477908324
000000018DAE,22.4052631579,1477907715
00000002A78F,17.5636363636,1477908290
0000000152FC,23.3395973154,1477908159
0000000152FA,22.4052631579,1477908159
000000015304,19.2406779661,1477908202
0000000164B7,21.3349693252,1477907991
00000002A78E,16.8815533981,1477908114
00000001F616,20.5775147929,1477907722
000000015303,13.8549800797,1477908235
0000000164DA,16.7433962264,1477908375
0000000164DD,19.7590909091,1477908434
00000001A1B3,12.075,1477907813
00000001528F,20.2186046512,1477907746
00000001CE77,21.0222222222,1477908437
00000001530D,22.8789473684,1477908241
00000001F67D,22.8789473684,1477908512
00000001E61D,21.0222222222,1477907818
00000001649A,25.9094890511,1477908307
0000000164E2,19.9862068966,1477908444
0000000164E3,22.5536423841,1477908450
00000001F655,22.0101265823,1477907954
00000001517F,24.1469387755,1477908148
0000000152A4,12.9547445255,1477907811
000000015289,20.8239520958,1477908251
0000000164D0,22.8789473684,1477908462
00000002C0A5,12.6919708029,1477908435
0000000152CD,20.6372093023,1477907961
0000000152CB,24.4901408451,1477907938
00000002C149,10.9015673981,1477908226
00000001F668,16.4037735849,1477908215
0000000152B2,19.025698324,1477907838
0000000152B7,22.1503184713,1477907864
000000015299,18.7120879121,1477907713
00000001529C,17.3014925373,1477907733
00000001529B,21.4666666667,1477907868
0000000152BB,18.5967914439,1477907914
0000000152BD,24.65,1477907895
000000015348,21.9111111111,1477908505
00000001E632,22.5818181818,1477907952
0000000152C0,23.6571428571,1477907903
000000015343,22.1503184713,1477908472
000000015346,22.1503184713,1477908493
0000000152DC,24.15,1477908025
