000000014E4F,29.0950819672,1477898279
000000014E68,35.8545454545,1477898596
000000014E34,32.1283018868,1477898326
0000000162AC,28.6258064516,1477898142
00000001B46D,41.5317073171,1477898419
00000002A317,10.3486880466,1477898135
00000002C087,17.2,1477898217
000000014E80,37.8,1477898857
00000002C089,20.8932515337,1477898169
000000014E72,38.5826086957,1477898692
000000014E75,45.7578947368,1477898735
000000014E77,27.6,1477898759
00000001F455,45.1636363636,1477898487
00000001E28E,41.5011235955,1477898647
00000001F45D,37.8,1477898581
00000002A31C,22.1503184713,1477898363
00000002A31B,11.1461538462,1477898351
00000001E26D,30.4071428571,1477898196
000000014E7F,37.8,1477898832
0000000162AE,10.1225806452,1477898120
000000014E73,16.2310344828,1477898779
000000014E47,39.8831460674,1477898178
00000001E29E,54.3375,1477898894
00000001E276,39.9724137931,1477898205
00000002C090,22.2588235294,1477898391
000000014E4B,42.4097560976,1477898215
000000014E87,44.0202531646,1477898941
0000000162B6,41.4,1477898539
00000002A73E,12.7074626866,1477898466
000000014E66,33.1738317757,1477898571
0000000162CA,41.4,1477898905
000000014E62,47.9675675676,1477898502
