000000015C9B,32.5009345794,1477867191
0000000140A4,39.0741573034,1477867274
000000014095,35.8515463918,1477867131
00000001D761,38.5826086957,1477866938
0000000140A9,46.9945945946,1477867301
00000002C2DE,10.050867052,1477867147
000000014090,39.9724137931,1477867097
00000001405A,34.5196261682,1477866628
00000002B9BB,13.4924369748,1477867078
000000015C87,15.3198237885,1477866890
000000014062,35.1092783505,1477866677
000000014080,17.2158415842,1477866938
000000014069,13.8077922078,1477866776
000000014091,43.287804878,1477867096
00000002A601,11.911409396,1477867072
00000001EEA8,40.8,1477867271
00000001AA3D,40.9304347826,1477866810
00000002BE4C,12.976119403,1477866852
000000014072,44.0202531646,1477866759
0000000140B4,38.8206185567,1477867411
00000001406B,50.8298507463,1477866714
00000001406A,42.4097560976,1477866705
000000015C88,50.8298507463,1477867143
00000001C006,34.4,1477866837
00000001C000,31.3297297297,1477866689
00000001408F,11.8689419795,1477867188
00000002A039,24.6638297872,1477867354
000000014070,41.5317073171,1477866749
000000014098,46.4888888889,1477867143
00000002A034,19.0181818182,1477867147
00000002BE57,14.8615384615,1477866842
00000001D76A,48.3,1477867001
