10.8675|2|14.025|9.972|00000001418D|37
21.1527950311|2|21.153|0.000|000000014194|37
20.2714285714|4|29.986|103.425|000000014196|37
23.3395973154|6|34.144|99.329|000000014197|37
22.4052631579|2|22.405|0.000|0000000141A1|37
21.0035502959|3|30.062|164.109|0000000141A6|37
16.1402843602|4|18.884|24.330|0000000141A8|37
19.2132596685|2|19.213|0.000|0000000141A9|37
21.7766871166|2|21.777|0.000|0000000141AF|37
21.2048780488|2|21.205|0.000|0000000141C1|37
18.5086956522|2|18.509|0.000|0000000141C4|37
21.643902439|2|21.644|0.000|0000000141CF|37
22.1503184713|2|22.150|0.000|0000000141D7|37
19.1076923077|2|19.108|0.000|0000000141D9|37
24.1469387755|3|23.356|1.252|0000000141DF|37
22.8789473684|4|22.988|9.904|0000000141E2|37
13.5315175097|3|15.344|6.571|0000000141E6|37
21.2048780488|2|21.205|0.000|0000000141E9|37
11.6763157895|3|14.467|15.571|0000000141ED|37
24.4901408451|3|29.569|51.587|0000000141EE|37
20.5775147929|2|20.578|0.000|0000000141F7|37
11.8572490706|3|13.277|4.033|0000000141F8|37
23.2444444444|3|21.926|3.478|0000000141F9|37
20.9842105263|2|20.984|0.000|0000000141FF|37
23.3526315789|3|22.453|1.619|000000014200|37
20.4|2|37.534|293.575|000000014203|37
21.4666666667|2|21.467|0.000|000000014204|37
21.2048780488|2|21.205|0.000|000000014206|37
18.0413793103|3|20.940|16.801|00000001420D|37
19.0736842105|2|19.074|0.000|000000014217|37
24.65|1|24.650|0.000|000000014219|37
23.1673469388|2|23.167|0.000|00000001421F|37
20.0603773585|9|30.330|85.951|000000015CFC|37
20.774522293|4|22.682|4.552|000000015CFD|37
24.1469387755|4|22.529|2.993|000000015D0E|37
18.3096774194|2|18.310|0.000|000000015D14|37
21.6917197452|4|27.486|60.512|000000015D16|37
22.2923076923|5|24.900|111.131|000000015D1D|37
22.4052631579|10|22.417|52.065|00000001AAA7|37
19.0838709677|5|25.892|127.555|00000001AAD2|37
18.6526315789|5|21.542|34.192|00000001C083|37
20.7658536585|3|20.435|0.219|00000001C092|37
22.3245283019|3|24.926|13.537|00000001C0E8|37
23.1673469388|2|23.167|0.000|00000001C0FD|37
22.6089171975|4|19.806|28.513|00000001D80C|37
22.6089171975|5|28.085|139.324|00000001D824|37
19.5680981595|3|21.674|8.869|00000001D82A|37
25.8|3|23.759|2.641|00000001D852|37
21.1527950311|3|22.289|2.581|00000001D857|37
24.8583941606|4|20.910|29.251|00000001D860|37
23.3395973154|3|21.839|4.504|00000001D869|37
24.1384615385|4|31.312|170.664|00000001D870|37
20.5156626506|7|24.466|137.145|00000001EF23|37
24.65|4|27.951|109.910|00000001EF33|37
24.4901408451|4|29.057|87.030|00000001EF3C|37
23.0493506494|4|25.258|22.599|00000001EF48|37
10.08|1|10.080|0.000|000000025D37|37
14.3111111111|3|13.334|1.909|00000002A03C|37
13.8549800797|3|12.814|2.168|00000002A06D|37
15.076056338|2|15.076|0.000|00000002A070|37
15.0406779661|7|17.436|15.893|00000002A606|37
23.9837837838|4|19.056|25.494|00000002BE8C|37
16.4815165877|2|16.482|0.000|00000002BE8E|37
