23.9844155844|3|20.992|17.913|00000001464B|37
19.1076923077|2|19.108|0.000|000000014676|37
21.0035502959|4|31.308|119.145|000000014679|37
20.6372093023|2|20.637|0.000|00000001467C|37
18.7976047904|3|23.797|49.996|00000001467E|37
21.4666666667|3|22.342|1.532|00000001467F|37
21.8716981132|2|21.872|0.000|000000014685|37
21.2550898204|2|21.255|0.000|000000014688|37
23.0304635762|2|23.030|0.000|00000001468A|37
19.2132596685|2|19.213|0.000|00000001468C|37
12.4291970803|5|19.443|69.611|000000014690|37
23.65|1|23.650|0.000|000000014696|37
21.2550898204|3|20.113|2.607|000000014698|37
22.8789473684|4|29.499|53.746|0000000146A0|37
15.12|3|24.988|80.562|0000000146AE|37
24.15|1|24.150|0.000|0000000146B5|37
18.7120879121|3|24.649|70.492|0000000146B6|37
22.6089171975|2|22.609|0.000|0000000146B8|37
22.2923076923|4|29.660|62.126|0000000146BE|37
13.1230188679|3|14.834|5.858|0000000146C2|37
21.4666666667|2|21.467|0.000|0000000146C6|37
25.5705882353|2|25.571|0.000|0000000146C9|37
14.0727272727|4|21.261|101.795|0000000146CE|37
24.4901408451|2|24.490|0.000|0000000146D1|37
19.2406779661|3|19.328|0.015|0000000146D6|37
24.6315789474|3|24.821|0.072|0000000146DD|37
19.8301675978|2|19.830|0.000|0000000146DE|37
19.025698324|2|19.026|0.000|0000000146DF|37
21.2550898204|2|21.255|0.000|0000000146E2|37
21.4188679245|3|31.138|188.926|0000000146E5|37
22.0101265823|2|22.010|0.000|0000000146E9|37
19.2406779661|2|19.241|0.000|0000000146EC|37
19.1076923077|2|19.108|0.000|0000000146F0|37
24.5007194245|2|24.501|0.000|0000000146F2|37
20.2186046512|2|20.219|0.000|0000000146F9|37
22.0472049689|2|22.047|0.000|0000000146FA|37
23.3395973154|2|23.340|0.000|0000000146FB|37
21.4067114094|4|20.274|1.792|000000015F53|37
20.6372093023|5|20.864|29.576|000000015F84|37
21.6917197452|5|23.396|24.153|000000015F8C|37
17.4226415094|3|19.562|9.158|000000015F9E|37
20.8239520958|4|21.887|8.266|000000015F9F|37
23.9844155844|5|23.238|6.209|000000015FB5|37
21.4666666667|4|29.883|91.369|000000015FBB|37
23.5072847682|3|20.890|13.696|000000015FBC|37
20.8239520958|4|22.965|19.342|000000015FC0|37
24.15|4|23.089|63.846|000000015FC8|37
22.1503184713|3|23.017|1.502|000000015FCE|37
21.2550898204|5|23.298|8.668|000000019A59|37
19.1076923077|6|20.578|17.998|00000001AE47|37
23.8191780822|6|28.901|111.165|00000001AE99|37
23.3395973154|3|20.921|11.703|00000001AEAE|37
24.4901408451|3|21.928|13.127|00000001AEB6|37
22.8789473684|9|28.360|129.176|00000001AECD|37
21.0035502959|5|26.167|135.318|00000001C4B5|37
21.643902439|6|25.561|22.823|00000001C4C6|37
23.6769230769|3|22.561|2.489|00000001C4CB|37
12.7384615385|7|22.639|80.031|00000001C4D3|37
12.6458181818|4|25.040|154.028|00000001C4DF|37
23.8228187919|3|25.069|3.108|00000001C4F4|37
19.6474576271|6|25.650|192.299|00000001DC46|37
21.9111111111|5|24.964|25.787|00000001DC57|37
23.3526315789|4|23.256|0.234|00000001DC5D|37
22.1142857143|4|25.986|57.107|00000001DC65|37
23.6571428571|3|22.483|2.759|00000001DC6A|37
21.4666666667|3|21.463|0.000|00000001DC75|37
22.1503184713|5|21.942|1.866|00000001DC78|37
25.4693877551|5|29.081|21.406|00000001DC8A|37
23.8228187919|3|23.117|0.997|00000001DCA0|37
23.184|5|28.757|123.435|00000001F178|37
23.0493506494|4|25.927|21.699|00000001F191|37
12.8608695652|6|19.321|45.374|00000001F196|37
11.7884745763|2|11.788|0.000|000000023BF4|37
11.4503225806|2|11.450|0.000|000000023C02|37
20.7578947368|3|20.139|0.767|00000002A176|37
14.9253218884|3|15.239|0.197|00000002A177|37
25.2724832215|3|23.943|3.533|00000002A186|37
19.35|2|19.350|0.000|00000002A187|37
12.225974026|2|12.226|0.000|00000002A18A|37
15.2526315789|2|15.253|0.000|00000002A18E|37
15.0690265487|3|13.538|4.686|00000002BF29|37
12.1195729537|4|14.107|14.442|00000002BF3B|37
16.6647887324|4|16.696|0.571|00000002C36E|37
