22.9609756098|5|23.308|22.065|000000015447|37
24.9971830986|4|27.832|98.165|00000001545F|37
11.9915492958|6|26.365|201.770|0000000154C9|37
18.5441860465|2|18.544|0.000|0000000154CE|37
12.3758007117|4|16.094|15.087|0000000154D4|37
21.6|3|21.467|0.036|0000000154DA|37
19.2406779661|3|24.996|66.244|0000000154DB|37
17.3755102041|4|24.058|122.641|0000000154DF|37
24.1531914894|2|24.153|0.000|0000000154E0|37
21.2048780488|2|21.205|0.000|0000000154EC|37
22.1503184713|3|26.941|45.903|0000000154F7|37
23.65|1|23.650|0.000|000000015501|37
20.2186046512|3|20.365|0.043|000000015504|37
24.4901408451|2|24.490|0.000|000000015507|37
22.8789473684|5|23.343|34.959|00000001550B|37
20.1681818182|3|18.833|3.566|000000015512|37
22.8789473684|2|22.879|0.000|000000015517|37
23.3526315789|3|29.664|79.654|00000001551C|37
23.1673469388|2|23.167|0.000|000000015521|37
23.0493506494|2|23.049|0.000|000000015523|37
20.2186046512|3|20.435|0.094|000000015524|37
21.8716981132|3|25.492|26.217|000000015526|37
22.8789473684|3|22.791|0.016|00000001552B|37
22.6089171975|2|22.609|0.000|00000001552C|37
21.3831325301|2|21.383|0.000|000000015545|37
24.9971830986|2|24.997|0.000|000000015549|37
20.2186046512|2|20.219|0.000|00000001554F|37
22.5219512195|2|22.522|0.000|000000015551|37
18.0203389831|2|18.020|0.000|000000015552|37
19.9157894737|2|19.916|0.000|000000015555|37
12.3157894737|15|24.778|133.260|000000016521|37
21.9111111111|2|21.911|0.000|0000000165B1|37
24.1469387755|4|22.423|3.716|0000000165B8|37
20.2186046512|3|23.883|26.860|0000000165D9|37
20.8239520958|4|22.845|4.090|0000000165DC|37
17.8371859296|3|21.136|21.769|0000000165DF|37
22.0101265823|4|23.361|18.084|0000000165E3|37
20.3159235669|4|27.602|76.659|0000000165E9|37
22.1503184713|3|23.179|2.115|000000016604|37
21.4666666667|6|23.629|18.944|000000017D9F|37
23.3526315789|5|21.055|10.667|000000018F43|37
18.1125|2|18.479|0.134|000000018F6F|37
23.3526315789|5|25.665|80.976|00000001B900|37
23.8191780822|4|21.476|6.221|00000001B951|37
22.8789473684|10|24.698|89.276|00000001CF4E|37
23.6571428571|5|19.439|14.652|00000001CF98|37
21.8930232558|5|30.346|52.460|00000001CFE7|37
20.2186046512|7|21.717|5.305|00000001CFF0|37
23.3395973154|5|23.637|52.240|00000001CFF8|37
17.4753768844|4|18.894|2.594|00000001D01F|37
23.6571428571|2|23.657|0.000|00000001D02D|37
21.6917197452|2|21.692|0.000|00000001D03D|37
22.548502994|6|24.549|13.508|00000001E7A4|37
20.0542372881|4|20.617|0.454|00000001E7C5|37
22.3245283019|3|21.409|1.676|00000001E7C7|37
20.5775147929|4|21.590|1.716|00000001E7C8|37
22.8563758389|3|23.761|1.636|00000001E7CA|37
23.3526315789|3|18.974|38.348|00000001E7CD|37
21.8716981132|4|18.665|10.282|00000001E7DB|37
25.3839416058|3|23.370|8.110|00000001E7DC|37
12.075|2|18.318|38.972|00000001E7DF|37
20.1514792899|5|20.246|0.482|00000001E7FB|37
17.1483870968|3|18.584|4.122|00000001E827|37
15.6648648649|7|20.289|25.363|00000001F713|37
21.8716981132|5|29.760|105.663|00000001F72F|37
18.6967741935|5|33.177|202.678|00000001F733|37
25.3839416058|4|24.981|4.863|00000001F741|37
20.2186046512|2|20.219|0.000|00000001F744|37
22.3245283019|5|23.120|8.536|00000001F74E|37
25.018705036|4|23.559|2.130|00000001F76D|37
22.6089171975|4|24.191|6.990|00000001F76F|37
23.0304635762|4|25.337|6.862|00000001F779|37
12.5427561837|4|12.160|0.214|00000002A3E4|37
12.5545126354|4|12.474|0.035|00000002A453|37
14.5506276151|3|14.858|0.189|00000002A45C|37
11.110543131|3|12.338|3.013|00000002A45D|37
15.952293578|2|15.952|0.000|00000002A460|37
14.4305084746|2|14.431|0.000|00000002A461|37
15.5946188341|2|15.595|0.000|00000002A462|37
13.051590106|2|13.052|0.000|00000002A467|37
14.3111111111|3|17.243|17.189|00000002A46A|37
10.4746987952|2|10.475|0.000|00000002A46B|37
10.8883435583|2|10.888|0.000|00000002A470|37
15.0545454545|2|15.055|0.000|00000002A471|37
15.8218487395|2|15.822|0.000|00000002A474|37
10.5436532508|9|13.657|15.310|00000002A77F|37
12.6362416107|4|13.199|0.397|00000002C4A0|37
17.9272727273|5|16.867|7.565|00000002C4A5|37
