47.9675675676|3|38.808|167.785|000000014E62|37
33.1738317757|3|35.632|12.087|000000014E66|37
35.8545454545|2|35.855|0.000|000000014E68|37
16.2310344828|5|23.788|122.249|000000014E73|37
45.7578947368|4|45.851|1.722|000000014E75|37
27.6|3|29.666|8.534|000000014E77|37
37.8|2|34.071|13.902|000000014E80|37
44.0202531646|2|44.020|0.000|000000014E87|37
41.5317073171|2|41.532|0.000|000000014E89|37
46.0987012987|2|46.099|0.000|000000014E8A|37
44.2285714286|2|44.229|0.000|000000014E8D|37
41.5317073171|2|41.532|0.000|000000014E96|37
34.6695652174|2|34.670|0.000|000000014E98|37
41.4|1|41.400|0.000|000000014E9A|37
41.4|1|41.400|0.000|000000014E9C|37
41.4|4|33.053|134.110|0000000162B6|37
41.4|2|30.998|108.208|0000000162CA|37
38.5826086957|3|39.449|1.501|0000000162D7|37
31.904587156|3|34.076|9.427|0000000162DC|37
48.3|2|41.138|51.290|000000019F76|37
41.5317073171|3|38.296|20.938|00000001B46D|37
56.2029850746|6|42.206|145.042|00000001CAFA|37
14.7982978723|4|27.650|176.449|00000001CAFD|37
52.9791044776|4|41.147|152.860|00000001CB0E|37
51.9044776119|2|51.904|0.000|00000001CB10|37
41.5011235955|4|35.110|98.867|00000001E28E|37
54.3375|3|39.280|150.640|00000001E29E|37
46.0987012987|3|46.894|1.263|00000001E2AE|37
45.1636363636|4|39.308|59.687|00000001F455|37
37.8|4|38.879|14.216|00000001F45D|37
13.1727272727|2|13.173|0.000|00000002A325|37
12.7074626866|3|16.903|35.200|00000002A73E|37
