41.5317073171|7|36.954|46.001|000000014E96|37
34.6695652174|5|37.688|11.383|000000014E98|37
41.4|2|38.381|9.117|000000014E9C|37
10.9858064516|6|22.376|99.354|000000014E9E|37
37.0173913043|3|37.240|0.099|000000014E9F|37
42.4097560976|3|41.246|2.707|000000014EA0|37
37.8|1|37.800|0.000|000000014EA1|37
25.2850393701|3|29.526|35.970|000000014EA4|37
43.1027027027|5|34.859|126.143|000000014EB1|37
16.7433962264|3|22.768|72.597|000000014EB2|37
14.6793103448|4|26.035|132.830|000000014EB4|37
35.8515463918|3|31.562|36.804|000000014EB6|37
32.8824742268|2|32.882|0.000|000000014EBA|37
51.4434782609|2|51.443|0.000|000000014EC7|37
28.6258064516|2|28.626|0.000|000000014ECD|37
38.5826086957|6|31.580|95.032|0000000162D7|37
31.904587156|4|37.894|50.799|0000000162DC|37
47.9661971831|3|48.939|1.893|0000000162E2|37
37.0173913043|3|43.444|82.608|0000000162E9|37
48.3|6|31.616|154.939|000000019F76|37
43.287804878|4|38.635|31.039|00000001B4C6|37
56.2029850746|6|42.206|145.042|00000001CAFA|37
14.7982978723|4|27.650|176.449|00000001CAFD|37
52.9791044776|6|39.130|111.096|00000001CB0E|37
51.9044776119|4|39.362|211.622|00000001CB10|37
33.7188118812|7|30.022|79.011|00000001E2A5|37
47.9675675676|7|38.560|94.771|00000001E2B5|37
47.3|3|41.092|57.153|00000001E2BF|37
43.1088607595|4|38.689|25.372|00000001E2CD|37
45.1636363636|3|45.861|0.973|00000001E2D4|37
13.1727272727|2|13.173|0.000|00000002A325|37
13.7581395349|3|15.804|8.368|00000002BBDB|37
12.4783783784|3|13.413|1.747|00000002C0A3|37
18.3096774194|3|18.370|0.007|00000002C0A5|37
11.6150943396|5|13.585|7.945|00000002C3FD|37
