46.9945945946|4|46.250|8.774|000000015B69|37
56.0903225806|2|56.090|0.000|000000015B6B|37
45.1636363636|4|42.628|14.396|000000015B6F|37
51.9044776119|2|51.904|0.000|000000015B72|37
11.3647058824|3|23.832|310.874|000000015B73|37
41.4233766234|3|43.516|8.755|000000015B79|37
52.6909090909|3|51.423|3.217|000000015B7B|37
56.0903225806|2|56.090|0.000|000000015B7C|37
35.8515463918|3|27.947|124.967|00000001692C|37
47.6059701493|3|35.589|288.823|000000016933|37
51.9044776119|5|39.592|167.563|00000001D56C|37
61.0105263158|4|49.552|134.982|00000001D582|37
53.2125|7|37.111|198.455|00000001ED74|37
11.4772277228|2|11.477|0.000|00000002A5B7|37
15.8686567164|8|16.753|39.604|00000002A9D7|37
20.5770491803|2|20.577|0.000|00000002B94F|37
17.1310344828|3|16.976|0.048|00000002C2A0|37
15.7061946903|4|17.267|37.805|00000002C583|37
