11.3647058824|5|13.772|12.592|0000000143AB|37
17.7375|4|17.983|1.144|0000000143DE|37
20.8239520958|4|17.823|16.551|0000000143FD|37
16.8815533981|3|22.360|60.029|000000014424|37
22.1503184713|2|22.150|0.000|000000014435|37
24.1469387755|3|31.001|93.943|000000014439|37
21.643902439|2|21.644|0.000|00000001443B|37
20.7658536585|2|20.766|0.000|00000001443C|37
22.1503184713|3|22.386|0.111|00000001443F|37
22.6089171975|4|20.976|2.723|000000014447|37
11.5534883721|4|20.814|114.314|000000014448|37
21.0222222222|2|21.022|0.000|00000001444B|37
24.15|2|27.800|13.323|00000001444E|37
21.0222222222|2|21.022|0.000|00000001444F|37
21.9111111111|2|21.911|0.000|000000014451|37
23.6571428571|2|23.657|0.000|000000014452|37
20.101734104|2|20.102|0.000|000000014460|37
20.6901098901|3|25.351|43.453|00000001446C|37
24.15|2|26.779|6.911|00000001446E|37
22.7538461538|3|21.025|5.981|000000014470|37
20.1681818182|3|30.211|201.710|000000014471|37
20.8239520958|3|23.778|17.456|000000014472|37
20.2186046512|3|18.389|6.692|000000014473|37
23.6571428571|3|21.844|6.578|000000014476|37
16.0641509434|3|18.335|10.314|000000014481|37
23.184|2|20.454|7.452|000000014482|37
24.9971830986|3|23.496|4.507|000000014487|37
23.5072847682|3|21.294|9.795|000000014489|37
21.0368715084|2|21.037|0.000|00000001448D|37
21.8716981132|2|21.872|0.000|00000001448E|37
22.1503184713|2|22.150|0.000|000000014495|37
21.4666666667|2|21.467|0.000|000000014499|37
26.5183098592|2|26.518|0.000|00000001449D|37
23.6571428571|2|23.657|0.000|00000001449E|37
20.4|2|31.343|119.741|00000001449F|37
20.3928143713|3|22.172|6.334|0000000144A0|37
17.6597014925|3|24.566|95.404|0000000144A8|37
14.0793522267|3|17.045|17.586|0000000144AB|37
20.5156626506|2|20.516|0.000|0000000144AF|37
22.8789473684|2|22.879|0.000|0000000144B1|37
23.3395973154|5|21.424|9.566|000000015E55|37
22.5536423841|2|22.554|0.000|000000015E59|37
23.6571428571|4|23.607|6.927|000000015E5D|37
19.9862068966|5|21.067|4.262|000000015E62|37
20.1514792899|4|20.485|3.485|000000015E69|37
23.5072847682|4|23.013|3.229|000000015E74|37
17.9191011236|4|21.283|14.778|000000015E7C|37
21.643902439|4|28.830|108.753|000000015E81|37
21.2048780488|3|22.155|1.805|000000015E88|37
22.8789473684|4|24.138|2.482|000000015E91|37
23.3395973154|6|24.095|13.904|0000000184CE|37
17.147826087|2|17.148|0.000|00000001986C|37
20.2186046512|3|22.126|7.277|000000019875|37
21.9111111111|3|28.899|97.667|00000001988D|37
17.2158415842|8|22.489|66.252|00000001ACC8|37
10.6348623853|6|23.330|220.672|00000001ACEC|37
21.5544303797|6|22.071|6.685|00000001C281|37
21.7766871166|4|20.161|2.865|00000001C2A2|37
26.5726618705|3|28.666|8.765|00000001C2B6|37
25.018705036|3|27.645|13.791|00000001C2B8|37
22.5536423841|4|21.058|3.581|00000001C2CB|37
25.5366906475|4|23.337|5.037|00000001C2D4|37
13.865625|6|25.678|113.976|00000001C2DB|37
23.8191780822|4|21.246|7.309|00000001C2EE|37
20.0542372881|3|27.347|106.377|00000001C2FE|37
22.8789473684|2|22.879|0.000|00000001C30D|37
24.65|5|24.535|42.337|00000001D9DB|37
11.7434482759|9|23.828|198.712|00000001DA0A|37
13.1955390335|6|24.648|95.998|00000001DA38|37
19.8|2|21.640|3.384|00000001DA3A|37
11.6232081911|7|19.587|102.419|00000001DA3E|37
21.2048780488|6|27.842|113.423|00000001DA42|37
16.6392344498|5|19.279|5.128|00000001DA4A|37
22.2816568047|5|29.688|93.511|00000001DA4E|37
21.6917197452|5|24.488|8.237|00000001DA62|37
22.1503184713|4|26.078|36.662|00000001DA6A|37
18.1125|3|21.986|7.573|00000001DA71|37
21.4578947368|4|22.069|7.385|00000001DA83|37
24.4901408451|4|22.448|4.721|00000001DA8E|37
22.1503184713|4|25.468|23.564|00000001DA91|37
22.8563758389|3|23.424|0.645|00000001DA96|37
21.3349693252|4|24.936|29.627|00000001DA9A|37
22.8563758389|3|23.164|0.189|00000001DAA5|37
25.6163265306|7|28.259|46.836|00000001F04A|37
23.3395973154|7|25.156|66.583|00000001F066|37
20.0542372881|4|28.279|102.547|00000001F072|37
25.6163265306|6|26.807|34.585|00000001F07C|37
22.1503184713|4|23.535|2.284|00000001F094|37
20.8239520958|4|28.350|109.304|00000001F095|37
20.8239520958|4|24.827|20.034|00000001F09F|37
17.3014925373|4|24.548|72.679|00000001F0A0|37
15.456|1|15.456|0.000|000000023B7F|37
13.0984615385|2|13.098|0.000|000000025915|37
10.8883435583|4|12.261|2.231|00000002A0E1|37
12.5667896679|3|13.931|3.721|00000002A0F0|37
10.8|2|10.800|0.000|00000002A0FB|37
17.6597014925|2|17.660|0.000|00000002A0FE|37
18.4978723404|2|18.498|0.000|00000002A0FF|37
22.4658227848|7|17.392|15.918|00000002BA38|37
13.4608695652|5|15.331|6.148|00000002BED0|37
17.6788732394|4|16.371|1.922|00000002C33A|37
