21.2048780488|10|27.576|137.275|000000014625|37
23.9844155844|3|20.992|17.913|00000001464B|37
20.7658536585|3|20.919|0.047|000000014699|37
23.3395973154|2|23.340|0.000|0000000146BD|37
19.8301675978|2|19.830|0.000|0000000146DE|37
19.025698324|2|19.026|0.000|0000000146DF|37
21.2550898204|3|17.577|27.054|0000000146E2|37
21.4188679245|3|31.138|188.926|0000000146E5|37
22.0101265823|5|20.473|5.957|0000000146E9|37
24.5007194245|2|24.501|0.000|0000000146F2|37
20.2186046512|3|29.539|173.726|0000000146F9|37
22.0472049689|2|22.047|0.000|0000000146FA|37
23.3395973154|3|25.301|7.690|0000000146FB|37
13.0984615385|4|15.719|7.741|000000014701|37
12.1195729537|4|19.185|87.214|000000014702|37
22.1503184713|6|30.525|112.903|00000001470C|37
25.1265306122|3|31.654|85.205|00000001470D|37
24.1469387755|4|27.250|42.800|000000014719|37
18.5967914439|4|22.674|24.200|00000001471F|37
21.643902439|2|21.644|0.000|000000014721|37
11.4772277228|3|13.737|10.215|000000014728|37
19.7590909091|2|19.759|0.000|00000001472A|37
22.1503184713|2|22.150|0.000|00000001472E|37
23.1673469388|2|23.167|0.000|000000014731|37
18.4|1|18.400|0.000|00000001473D|37
19.6474576271|3|18.771|1.538|00000001473E|37
20.5775147929|3|19.473|2.441|000000014744|37
20.2186046512|3|20.818|0.717|000000014748|37
13.4790697674|3|17.531|32.838|00000001474C|37
20.8239520958|2|20.824|0.000|00000001474E|37
19.025698324|2|19.026|0.000|000000014750|37
21.8716981132|2|21.872|0.000|000000014753|37
19.8|1|19.800|0.000|000000014759|37
22.1503184713|2|22.150|0.000|00000001475B|37
21.2048780488|3|25.076|29.967|00000001475D|37
25.3839416058|3|30.123|44.910|00000001475E|37
22.5818181818|2|22.582|0.000|000000014763|37
24.15|1|24.150|0.000|000000014768|37
20.2186046512|2|20.219|0.000|00000001476E|37
22.8789473684|2|22.879|0.000|000000014773|37
22.1503184713|5|28.791|85.245|000000015F66|37
20.6372093023|6|20.090|27.644|000000015F84|37
23.5072847682|3|20.890|13.696|000000015FBC|37
24.6638297872|5|24.865|53.480|000000015FC4|37
24.15|4|23.089|63.846|000000015FC8|37
22.1503184713|4|22.467|2.032|000000015FCE|37
19.9862068966|4|29.745|194.077|000000015FF1|37
24.1469387755|3|29.225|51.567|00000001AF12|37
12.6458181818|4|25.040|154.028|00000001C4DF|37
21.2048780488|3|20.423|1.222|00000001C4E5|37
23.8228187919|3|25.069|3.108|00000001C4F4|37
24.9971830986|4|21.001|32.109|00000001C4FC|37
23.3395973154|3|28.951|62.968|00000001C505|37
19.9415730337|2|19.942|0.000|00000001C50A|37
21.0222222222|3|20.697|0.212|00000001C512|37
19.2406779661|4|18.916|6.024|00000001C52E|37
19.9157894737|2|19.916|0.000|00000001C54D|37
19.1076923077|5|23.400|68.191|00000001DC72|37
17.6527918782|4|19.580|28.869|00000001DC9A|37
23.8228187919|3|23.117|0.997|00000001DCA0|37
22.1503184713|3|21.341|1.309|00000001DCAD|37
17.6527918782|4|20.777|38.632|00000001DCC9|37
21.0222222222|4|24.406|35.141|00000001DCCF|37
21.2048780488|3|22.063|1.472|00000001DCEB|37
12.8608695652|9|23.505|93.971|00000001F196|37
21.4666666667|5|29.821|98.125|00000001F1A6|37
11.4503225806|2|11.450|0.000|000000023C02|37
29.3586206897|3|25.884|24.153|00000002A162|37
10.4432432432|2|10.443|0.000|00000002A174|37
12.225974026|3|11.738|0.476|00000002A18A|37
15.2526315789|2|15.253|0.000|00000002A18E|37
12.6919708029|3|12.360|0.221|00000002A192|37
11.592|1|11.592|0.000|00000002A1A1|37
12.325|4|18.432|31.950|00000002BF3D|37
16.6392344498|2|16.639|0.000|00000002BF48|37
13.7581395349|4|14.870|5.095|00000002BF51|37
11.4135048232|3|14.250|16.090|00000002BF58|37
15.2343347639|2|15.234|0.000|00000002C36D|37
16.6647887324|4|16.696|0.571|00000002C36E|37
16.5869158879|4|18.831|5.130|00000002C371|37
