50.4|2|41.139|85.771|000000013F23|37
57.2516129032|2|57.252|0.000|000000013F25|37
52.6909090909|2|52.691|0.000|000000013F2F|37
50.8298507463|2|50.830|0.000|000000013F3A|37
17.4857142857|3|17.513|0.001|000000013F3D|37
57.2516129032|2|57.252|0.000|000000013F44|37
56.0903225806|2|56.090|0.000|000000015C2C|37
40.8|7|39.848|112.486|00000001A991|37
19.4605714286|6|39.687|228.769|00000001D6A0|37
12.7074626866|3|13.642|1.745|000000029FEF|37
19.0032786885|2|19.003|0.000|000000029FF1|37
13.427027027|2|13.427|0.000|000000029FF3|37
13.9909090909|2|13.991|0.000|000000029FF4|37
