11.0751592357|4|20.996|145.503|000000015893|37
46.9945945946|2|46.995|0.000|000000015898|37
49.3565217391|3|43.721|63.518|0000000158A6|37
50.4|2|41.480|79.560|0000000158A8|37
42.4097560976|2|42.410|0.000|0000000158AE|37
39.9724137931|2|39.972|0.000|0000000158AF|37
53.5304347826|2|53.530|0.000|0000000158B0|37
42.4097560976|6|29.903|189.879|0000000158B4|37
36.9957446809|2|36.996|0.000|0000000158BD|37
42.2571428571|2|42.257|0.000|0000000158BE|37
43.1088607595|2|43.109|0.000|0000000158C3|37
45.7578947368|3|43.599|9.318|0000000158C4|37
43.1088607595|3|37.204|69.724|0000000158C8|37
14.5506276151|3|18.632|33.316|0000000158D0|37
52.9791044776|3|44.846|132.297|0000000158D5|37
31.904587156|2|31.905|0.000|0000000158D9|37
28.0451612903|2|28.045|0.000|0000000158DE|37
45.3|2|38.345|48.370|00000001682B|37
22.4052631579|2|22.405|0.000|00000001BC6B|37
39.9724137931|3|34.775|54.029|00000001D313|37
43.1088607595|3|42.965|0.041|00000001D319|37
18.3031578947|5|33.570|158.002|00000001D321|37
49.3565217391|5|37.297|107.214|00000001D332|37
37.8|5|29.601|131.123|00000001EAEC|37
40.4372093023|4|42.257|43.664|00000001EAF2|37
51.9044776119|6|38.645|194.608|00000001EAFA|37
44.0202531646|5|42.619|14.533|00000001EB00|37
11.7884745763|7|27.360|136.816|00000001EB02|37
54.3375|3|47.934|79.050|00000001EB10|37
36.9957446809|5|34.408|79.668|00000001EB18|37
47.9675675676|4|46.761|5.745|00000001EB23|37
46.0987012987|7|36.063|222.749|00000001F94A|37
43.287804878|7|31.161|128.485|00000001F94D|37
38.2153846154|4|36.327|3.583|00000001F96A|37
13.0021978022|2|13.002|0.000|00000002A521|37
17.0653846154|2|17.065|0.000|00000002A52C|37
11.6697986577|3|14.589|17.048|00000002A831|37
17.0653846154|5|17.254|4.434|00000002C22C|37
14.1418326693|3|13.295|1.436|00000002C22E|37
15.7357466063|5|15.718|4.716|00000002C52E|37
