45.1636363636|3|46.629|4.293|0000000148D0|37
49.5473684211|3|42.614|96.152|0000000148E5|37
59.5741935484|3|49.495|203.163|0000000148E6|37
31.8280373832|2|31.828|0.000|0000000148E9|37
47.9675675676|3|42.178|67.029|0000000148EF|37
46.9945945946|3|51.647|43.289|0000000148F1|37
40.3746835443|2|40.375|0.000|0000000148F7|37
44.2285714286|2|44.229|0.000|0000000148FA|37
29.3586206897|3|26.529|16.017|0000000148FC|37
40.8|1|40.800|0.000|000000014900|37
42.3101123596|2|42.310|0.000|000000014905|37
40.4372093023|3|37.441|17.949|000000014909|37
39.8831460674|4|31.856|72.753|00000001490B|37
56.0903225806|4|49.381|70.135|00000001490E|37
44.2285714286|3|40.696|24.959|000000014912|37
43.287804878|5|31.827|125.615|000000014913|37
42.4097560976|2|42.410|0.000|000000014918|37
42.2571428571|3|32.822|178.025|000000014919|37
38.0363636364|3|43.329|56.024|00000001491B|37
40.5428571429|3|33.860|89.326|00000001491E|37
42.4097560976|2|42.410|0.000|000000014931|37
39.9724137931|2|39.972|0.000|000000014933|37
39.0741573034|2|39.074|0.000|000000014936|37
15.8794520548|9|33.888|140.430|0000000160A3|37
44.0202531646|4|36.439|57.859|0000000160C9|37
33.3882352941|3|40.514|101.557|0000000160CF|37
45.1636363636|9|32.910|145.336|00000001B0AE|37
50.4|2|40.180|104.455|00000001B0B4|37
35.8515463918|8|31.757|39.525|00000001C689|37
35.8515463918|2|35.852|0.000|00000001C6A6|37
43.287804878|6|34.472|130.887|00000001C6C6|37
47.9675675676|6|34.238|161.468|00000001DE4E|37
51.9044776119|4|49.448|12.011|00000001DE61|37
15.1228915663|5|30.543|180.769|00000001DE67|37
39.9724137931|4|33.545|50.694|00000001DE68|37
43.1088607595|3|43.915|1.299|00000001DE6B|37
50.8298507463|3|47.267|25.385|00000001DE82|37
12.7074626866|2|12.707|0.000|00000002A1FE|37
14.6074074074|3|16.189|5.005|00000002A6D6|37
