000000018540,42.9931034483,1477873128
0000000173B7,13.9048327138,1477872641
0000000173EC,28.3690140845,1477873185
00000001983B,33.4421052632,1477872637
000000017421,48.5766233766,1477873453
0000000197FC,23.9769230769,1477872741
000000018555,24.7558441558,1477873183
0000000173E1,43.6714285714,1477872883
0000000173BA,28.8818181818,1477872786
00000001ACE6,30.068852459,1477873165
0000000173E2,29.4519685039,1477872910
0000000173E3,43.0043478261,1477872895
0000000173E8,28.9953488372,1477872998
00000002AA8F,19.8443349754,1477872973
00000002AE0D,11.2324324324,1477873128
000000019885,38.5608247423,1477873156
000000018569,34.3155963303,1477873278
0000000173D5,33.0486486486,1477872811
0000000173D0,37.7818181818,1477872768
000000018577,42.8359550562,1477873353
000000018572,28.0030534351,1477873336
0000000173DF,21.1322033898,1477872926
0000000173DE,40.6565217391,1477872881
0000000173DC,30.164516129,1477872886
0000000173DA,35.9678571429,1477872864
00000002AA86,18.0657534247,1477872653
00000002AA88,19.2062827225,1477872950
0000000173F4,24.6078947368,1477873113
0000000173F7,13.1916955017,1477873202
0000000173F6,42.9931034483,1477873097
0000000173F1,31.2491803279,1477873078
00000002AA92,16.1922077922,1477873099
00000002AA90,18.9671641791,1477872989
00000002AA97,17.6365384615,1477873235
00000002AA94,10.7694915254,1477873207
00000002AA98,11.5801857585,1477873324
00000002AE10,10.7482758621,1477873242
0000000173A3,21.0827586207,1477872678
000000019870,35.2730769231,1477873025
000000019876,32.7535714286,1477873104
0000000173FD,13.795890411,1477873228
000000018521,45.6146341463,1477872752
00000001741F,54.752238806,1477873407
000000019845,34.3155963303,1477873089
000000017404,30.6590163934,1477873173
0000000173CC,20.98125,1477872780
00000001853B,37.818556701,1477872981
00000001740D,31.4319327731,1477873287
0000000173C7,25.4448979592,1477872680
0000000173C4,37.3764705882,1477872788
00000001740B,29.4519685039,1477873249
00000001740C,44.7365853659,1477873241
000000017417,32.5846153846,1477873391
000000017414,38.9625,1477873347
000000017419,25.6531468531,1477873409
00000001852D,36.6705882353,1477872837
00000001852C,31.0881355932,1477872832
