000000018B14,40.2193548387,1477895517
00000001B3B9,25.8338028169,1477895588
000000019EBC,42.0269662921,1477895173
00000001796D,21.9664670659,1477895900
000000017963,36.3207920792,1477895465
000000017966,13.8632727273,1477895620
000000017965,27.7909090909,1477895540
000000019ED7,28.8850393701,1477895491
00000001795B,24.9551020408,1477895282
00000001795D,27.0362416107,1477895428
000000019ED3,42.1655172414,1477895362
000000018B0F,27.7909090909,1477895407
000000017964,35.6299065421,1477895508
000000018ADD,31.3538461538,1477895271
000000017960,39.4941176471,1477895448
