00000001790A,28.0030534351,1477893587
000000018AB9,38.5608247423,1477893563
00000001790D,37.4936170213,1477893587
00000001790F,30.0188976378,1477893624
000000017910,38.5090909091,1477893617
000000017918,33.3964285714,1477893891
000000018AC6,32.5846153846,1477893954
000000018AC0,15.6769230769,1477893798
00000001791F,43.6714285714,1477893996
00000001B340,39.7914893617,1477893415
000000019E8E,34.0392857143,1477893909
000000017907,16.1224137931,1477893559
000000017906,34.3155963303,1477893489
000000017922,28.9953488372,1477894125
000000017920,26.8478873239,1477894098
00000001791C,37.818556701,1477893959
