0000000180FA,39.9636363636,1477922369
0000000180FF,40.5574468085,1477922474
00000002AD2D,18.8909090909,1477922332
000000019338,42.9931034483,1477922120
000000019374,45.475862069,1477922732
000000018108,46.3034482759,1477922747
000000018109,58.0695652174,1477922744
000000018106,31.1027027027,1477922644
0000000180F7,49.5116883117,1477922235
00000001D477,38.5608247423,1477922606
00000001A7B2,30.2842105263,1477922674
00000001810D,38.5090909091,1477922876
00000001810F,53.1652173913,1477922951
00000001935F,35.9647058824,1477922405
000000018105,16.3336244541,1477922666
