00000001A49A,47.346835443,1477912150
000000017E57,37.818556701,1477912070
000000017E50,28.3363636364,1477912031
00000002B04C,10.4163934426,1477911811
00000002B031,18.9868020305,1477911495
00000001BA1B,33.3964285714,1477912086
000000017E4A,13.9648351648,1477912050
000000017E4E,24.6078947368,1477912027
000000017E41,31.9692307692,1477911895
000000019007,28.4372093023,1477911433
000000017E48,19.6863157895,1477911964
00000002AC88,11.1988023952,1477911440
00000001A462,16.2626086957,1477911719
000000017DFE,17.8985915493,1477911300
00000001903F,46.4926829268,1477911835
000000017E5D,35.2730769231,1477912143
00000001903D,17.9826923077,1477911871
00000001901B,39.3030927835,1477911550
000000017E34,38.124,1477911736
000000017E37,22.2947368421,1477911818
000000017E30,36.9577981651,1477911707
000000017E31,34.3155963303,1477911725
000000017E38,38.5090909091,1477911979
000000017E39,40.6565217391,1477911788
000000018FE2,38.5090909091,1477912021
000000017E2F,13.0085106383,1477911770
000000017E2C,40.6565217391,1477911658
000000017E2B,18.5168316832,1477911713
00000002B050,16.4052631579,1477911719
000000017E23,32.5846153846,1477911580
000000017E3D,16.624,1477911907
000000017E3E,32.7535714286,1477911871
000000019018,18.8909090909,1477911566
00000001B9C6,33.6550458716,1477911314
000000017E16,35.9647058824,1477911452
000000017E18,10.1918256131,1477911591
000000019063,39.3030927835,1477912138
000000017E0A,34.9570093458,1477911364
000000017E0C,28.5526717557,1477911382
000000017E0B,21.4965517241,1477911406
000000017E09,36.6705882353,1477911334
000000017E08,45.6146341463,1477911323
000000017E05,34.9570093458,1477911311
000000017E06,33.3964285714,1477911335
00000002AC93,23.0716981132,1477911733
000000018FF4,34.3155963303,1477911323
000000018FF7,23.0888888889,1477911365
00000001A425,34.0392857143,1477911694
000000017E1C,30.9123966942,1477911477
000000017E1A,42.0269662921,1477911458
000000017E1F,34.9570093458,1477911517
00000002AC8D,15.3925925926,1477911587
00000002AC8E,19.8957446809,1477911601
0000000246E7,12.2980645161,1477911616
00000001CFF1,22.3976047904,1477911530
00000001905C,32.8105263158,1477912119
00000002B41B,11.6944785276,1477912002
00000001A434,38.5090909091,1477911357
000000017E46,35.9653846154,1477911914
00000002B404,16.9050691244,1477911656
