00000001B06A,36.6705882353,1477881172
00000001B0A1,21.3279069767,1477881502
0000000176E7,38.0423076923,1477881175
0000000176E0,32.5846153846,1477881049
0000000176DC,34.9570093458,1477880956
0000000176DD,40.6565217391,1477881155
000000018894,39.8739130435,1477881425
00000002B687,14.7919354839,1477880807
0000000176EE,34.3459459459,1477881346
0000000176F7,41.2179775281,1477881444
0000000176F1,41.4391304348,1477881381
0000000176D5,14.1147169811,1477880883
000000019C0C,33.2470588235,1477881336
000000018870,16.485,1477880903
000000018874,25.6531468531,1477880943
0000000176EC,25.9346938776,1477881267
