000000018B14,40.2193548387,1477895517
00000001B3B9,25.8338028169,1477895588
00000002B72C,21.8585635359,1477895989
000000018B2B,32.7535714286,1477896055
00000001796D,21.9664670659,1477895900
000000017963,36.3207920792,1477895465
000000017975,34.976146789,1477895965
000000017965,27.7909090909,1477895540
000000019ED7,28.8850393701,1477895491
000000017977,36.6705882353,1477896061
000000017973,29.6857142857,1477895948
00000001797E,25.8338028169,1477896174
000000017966,13.8632727273,1477895620
000000018B36,32.1789473684,1477896230
00000001795D,27.0362416107,1477895428
000000019EF2,22.7850931677,1477896012
00000001797D,34.2841121495,1477896140
000000018B0F,27.7909090909,1477895407
000000017964,35.6299065421,1477895508
000000017960,39.4941176471,1477895448
