00000001C43A,23.5333333333,1477876112
000000019A20,29.5838709677,1477876172
00000002AE4D,15.4134453782,1477876037
00000001C43D,36.6705882353,1477876101
0000000186A7,25.3358490566,1477876169
0000000186A9,34.7052631579,1477876021
00000001759A,30.9123966942,1477876593
000000017561,38.5608247423,1477876008
000000017560,16.4052631579,1477876073
000000017569,38.5608247423,1477876069
00000001755E,16.0192139738,1477876027
000000019963,34.0392857143,1477876521
00000001755A,49.5116883117,1477875931
00000001757B,26.909352518,1477876264
00000001756D,26.8478873239,1477876153
00000001757D,39.3030927835,1477876254
00000001757F,28.4225806452,1477876285
000000017584,31.3538461538,1477876359
000000017587,38.791011236,1477876357
0000000186FA,41.1032967033,1477876746
000000017583,35.2867924528,1477876351
000000019A64,27.7511811024,1477876690
000000018683,12.468,1477876145
000000017559,35.9647058824,1477875932
00000001758E,23.9773584906,1477876490
0000000186BB,33.3964285714,1477876410
00000001758B,12.9425605536,1477876506
000000017567,38.5608247423,1477876063
000000017582,34.3155963303,1477876338
00000001DB87,39.7914893617,1477876554
00000002AAED,15.3925925926,1477876596
000000017555,33.3964285714,1477875918
000000017572,15.0094488189,1477876271
00000001759E,17.3166666667,1477876662
000000017574,35.2867924528,1477876205
000000017576,12.5096989967,1477876310
0000000175AA,50.5459459459,1477876739
00000002B619,16.5504424779,1477875917
00000001755C,33.3964285714,1477875959
00000001753F,24.9551020408,1477876404
000000017599,31.9692307692,1477876591
0000000186AD,47.346835443,1477876048
0000000186AE,42.9931034483,1477876039
0000000186C9,25.5865771812,1477876357
0000000186C4,27.4273381295,1477876278
000000017591,43.6714285714,1477876483
00000001869A,35.9678571429,1477876120
00000001756A,34.8727272727,1477876073
000000017594,34.2841121495,1477876517
