0000000174E9,43.8206896552,1477875047
0000000174E2,45.2629213483,1477874988
000000018659,37.3764705882,1477875296
0000000174FA,27.5819548872,1477875209
0000000174F3,13.4867647059,1477875435
0000000174F1,32.1789473684,1477875129
000000018646,40.6909090909,1477875091
000000018645,30.6590163934,1477875110
000000018644,34.8727272727,1477875088
00000001861F,14.7919354839,1477874810
00000001865A,15.3295081967,1477875374
0000000174EC,32.8105263158,1477875085
0000000174EE,42.9931034483,1477875086
000000018615,26.8478873239,1477874860
00000001ADEC,34.4307692308,1477875489
00000001992B,26.0170212766,1477874727
00000001751F,28.5526717557,1477875438
00000001866E,41.4391304348,1477875505
000000017521,36.6705882353,1477875468
000000017528,35.2867924528,1477875507
00000001AE29,39.7914893617,1477875499
00000001752A,40.6565217391,1477875516
000000018669,30.9123966942,1477875471
000000017513,35.2730769231,1477875357
000000017510,35.325,1477875344
000000017511,31.7196850394,1477875363
000000017517,28.4372093023,1477875401
000000017514,35.6299065421,1477875371
000000017508,15.5203319502,1477875372
00000001997D,16.8486486486,1477874996
0000000199C2,28.8788321168,1477875528
00000002AACD,19.7533678756,1477875123
00000002AAC3,17.9826923077,1477874751
00000002AAC7,10.1641304348,1477874985
00000002AAC9,16.5990950226,1477874950
0000000185FF,25.7727272727,1477874830
000000017519,28.8818181818,1477875410
0000000174C9,35.9653846154,1477874797
0000000174C4,31.2491803279,1477874736
0000000174C2,34.3155963303,1477874708
00000002AAD0,13.7010989011,1477875315
00000002AAD1,13.9482889734,1477875348
00000002AAD2,18.4256157635,1477875325
0000000174DA,27.4040816327,1477874963
0000000174DB,40.6565217391,1477874949
0000000174DC,27.9134328358,1477874979
00000001862D,33.8884615385,1477875064
000000017527,31.9692307692,1477875506
0000000174D0,21.9664670659,1477875181
0000000174D1,22.4181818182,1477874896
0000000174D2,39.0255319149,1477874882
000000019996,30.6590163934,1477875061
0000000174D7,26.909352518,1477874943
0000000174CE,42.1655172414,1477874824
0000000174CB,18.1572815534,1477874872
