000000018FC6,15.650209205,1477911110
000000017DF7,23.0888888889,1477911217
000000017DF0,28.3363636364,1477911167
000000017DF9,28.5526717557,1477911232
00000001900F,18.702,1477911559
000000019007,28.4372093023,1477911433
000000017E1C,30.9123966942,1477911477
00000002AC88,11.1988023952,1477911440
00000001A462,16.2626086957,1477911719
00000002B03F,14.2186046512,1477911123
000000017DFF,27.376119403,1477911265
000000017DFE,17.8985915493,1477911300
000000017DFA,32.2448275862,1477911226
00000001903F,46.4926829268,1477911835
00000001901B,39.3030927835,1477911550
000000017E34,38.124,1477911736
000000017E30,36.9577981651,1477911707
000000017E31,34.3155963303,1477911725
000000018FE5,38.7346153846,1477911196
000000017E39,40.6565217391,1477911788
000000017E2C,40.6565217391,1477911658
000000017E2B,18.5168316832,1477911713
00000001A44A,22.1325443787,1477911549
000000018FDA,29.6857142857,1477911223
00000002B050,16.4052631579,1477911719
000000017E23,32.5846153846,1477911580
000000018FD9,25.1033557047,1477911162
000000018FD2,47.346835443,1477911095
000000019018,18.8909090909,1477911566
00000001B9C6,33.6550458716,1477911314
000000017E16,35.9647058824,1477911452
000000017E14,37.0336633663,1477911409
00000002AC85,19.8957446809,1477911264
000000017E18,10.1918256131,1477911591
000000017E0A,34.9570093458,1477911364
000000017E0C,28.5526717557,1477911382
000000017E0B,21.4965517241,1477911406
000000017E09,36.6705882353,1477911334
000000017E08,45.6146341463,1477911323
000000017E05,34.9570093458,1477911311
000000017E06,33.3964285714,1477911335
00000002AC93,23.0716981132,1477911733
000000018FF4,34.3155963303,1477911323
000000018FF7,23.0888888889,1477911365
00000001A425,34.0392857143,1477911694
000000017E1A,42.0269662921,1477911458
000000017E1F,34.9570093458,1477911517
00000002AC8D,15.3925925926,1477911587
00000002AC8E,19.8957446809,1477911601
0000000246E7,12.2980645161,1477911616
00000001CFF1,22.3976047904,1477911530
00000002AC7D,13.1956834532,1477911006
00000002AC7E,10.4480446927,1477911077
00000001A434,38.5090909091,1477911357
000000017DEC,34.9570093458,1477911106
000000017DED,38.5608247423,1477911293
00000002B404,16.9050691244,1477911656
00000001B9DD,29.4519685039,1477911551
00000001A40D,30.6590163934,1477911117
000000017DE7,47.346835443,1477911018
00000001A454,31.6983050847,1477911708
