0000000179DE,23.8242038217,1477898240
0000000179DA,38.5608247423,1477898059
0000000179BF,31.7943925234,1477897539
0000000179DC,42.9931034483,1477898190
0000000179BD,23.2463414634,1477897672
0000000179C1,35.2867924528,1477897567
0000000179E0,31.3538461538,1477898239
0000000179E6,41.2179775281,1477898326
0000000179E7,42.9931034483,1477898330
0000000179E4,30.9157894737,1477898319
0000000179E5,45.3857142857,1477898304
0000000179CA,33.1513043478,1477897786
0000000179CB,12.4588235294,1477897890
0000000179CE,30.2571428571,1477897820
000000019F44,23.3656050955,1477897682
000000018B92,22.3976047904,1477898219
000000018B8D,32.8105263158,1477898151
0000000179B8,12.9303370787,1477897524
00000002B746,11.6523364486,1477897724
00000001B450,48.5766233766,1477897592
