35.2867924528|2|35.287|0.000|000000017C90|47
10.5363380282|4|18.629|73.908|000000017C92|47
28.3363636364|2|28.336|0.000|000000017C95|47
40.6909090909|4|30.082|125.949|000000017C9A|47
44.5285714286|3|37.219|106.858|000000017C9F|47
45.3857142857|3|37.730|117.224|000000017CA5|47
28.9953488372|3|32.405|23.247|000000017CAA|47
33.3964285714|2|33.396|0.000|000000017CB3|47
25.4448979592|3|24.216|3.019|000000017CB6|47
16.7730941704|6|28.806|191.250|000000017CC0|47
25.7641791045|4|28.377|22.048|000000017CC3|47
31.3538461538|2|31.354|0.000|000000017CC4|47
28.8818181818|3|23.600|55.797|000000017CC6|47
14.008988764|5|26.903|161.947|000000017CCB|47
40.6565217391|2|40.657|0.000|000000017CCD|47
31.9692307692|3|26.172|67.217|000000017CCE|47
32.8105263158|2|32.811|0.000|000000017CD0|47
28.4372093023|2|28.437|0.000|000000017CD9|47
31.9692307692|2|31.969|0.000|000000017CDB|47
32.4295081967|2|32.430|0.000|000000017CDC|47
29.6857142857|2|29.686|0.000|000000017CDD|47
23.0888888889|2|23.089|0.000|000000017CDF|47
34.6333333333|2|34.633|0.000|000000017CE4|47
32.8105263158|2|32.811|0.000|000000017CE5|47
36.6705882353|2|36.671|0.000|000000017CE9|47
29.5838709677|2|29.584|0.000|000000017CEC|47
34.976146789|2|34.976|0.000|000000017CEE|47
39.7914893617|2|39.791|0.000|000000017CF0|47
45.6146341463|2|45.615|0.000|000000017CF2|47
22.1325443787|4|26.188|63.432|000000018E69|47
14.1681818182|6|28.479|133.801|000000018E75|47
35.2730769231|3|31.938|22.239|000000018E7A|47
25.1033557047|3|26.529|4.063|000000018E88|47
21.2522727273|4|22.352|8.509|000000018E8F|47
21.6208092486|3|26.581|49.198|000000018EAC|47
32.1789473684|3|28.940|20.984|000000018EAE|47
28.5526717557|4|32.428|33.525|00000001A257|47
37.818556701|5|31.964|23.469|00000001A25F|47
16.3620853081|5|27.777|91.285|00000001A269|47
37.7465346535|8|27.049|75.674|00000001B7F0|47
19.7904761905|8|25.590|79.349|00000001B80B|47
33.3964285714|6|34.100|19.071|00000001B843|47
35.9653846154|13|27.071|79.906|00000001CDF0|47
30.068852459|11|26.034|35.963|00000001F639|47
33.6550458716|7|24.273|58.508|00000001F65A|47
10.4480446927|2|10.448|0.000|00000002ABF6|47
17.6365384615|3|17.226|0.337|00000002AC43|47
14.2220532319|2|14.222|0.000|00000002AC4B|47
19.007253886|7|15.802|9.241|00000002AFCD|47
17.4880733945|3|16.472|2.065|00000002AFE9|47
13.9482889734|3|15.885|7.504|00000002AFFF|47
