28.9953488372|4|30.478|10.713|000000017166|47
42.9931034483|2|42.993|0.000|00000001716B|47
30.068852459|4|32.273|22.996|00000001716D|47
32.0369747899|3|36.697|43.434|000000017174|47
43.8206896552|4|46.312|7.948|000000017178|47
41.4391304348|3|39.974|4.294|00000001828A|47
34.9570093458|9|29.061|105.140|00000001958B|47
17.814953271|5|28.326|81.879|00000001958D|47
45.3857142857|7|35.139|122.008|00000001A9F4|47
15.8805194805|2|15.881|0.000|00000002AA03|47
17.3857819905|2|17.386|0.000|00000002AA06|47
