40.6565217391|2|40.657|0.000|00000001768C|47
50.5459459459|5|37.477|205.837|00000001768F|47
35.2730769231|4|32.790|11.423|000000017690|47
14.12|5|25.954|96.326|000000017697|47
34.976146789|4|34.590|8.387|00000001769C|47
27.8277372263|2|27.828|0.000|00000001769D|47
16.8690265487|3|24.165|106.477|0000000176A0|47
25.9346938776|2|25.935|0.000|0000000176A1|47
47.95|1|47.950|0.000|0000000176A8|47
37.0545454545|3|31.413|63.649|0000000176A9|47
25.5865771812|3|25.099|0.476|000000018809|47
23.8207792208|3|25.159|3.581|000000018814|47
34.0392857143|5|31.722|94.308|000000018836|47
28.3690140845|4|35.390|83.569|000000019BB0|47
15.6888888889|2|15.689|0.000|00000002AB2A|47
20.2674033149|3|19.633|0.806|00000002AB2B|47
15.0344262295|4|14.598|0.230|00000002AE6D|47
14.3310344828|3|15.250|1.690|00000002AE9C|47
13.1956834532|3|13.999|1.292|00000002AEA5|47
18.5067961165|4|20.113|2.583|00000002B26A|47
11.7253918495|4|13.621|18.809|00000002B26D|47
