40.6565217391|5|36.767|151.272|0000000180C5|47
29.6857142857|3|28.598|2.368|0000000180C8|47
36.6705882353|2|36.671|0.000|0000000180CC|47
42.0269662921|4|37.922|43.367|0000000180CE|47
33.3964285714|2|33.396|0.000|0000000180CF|47
41.4391304348|3|39.070|11.230|0000000180D9|47
35.3368421053|4|32.299|101.178|0000000180DF|47
22.1325443787|2|22.133|0.000|0000000180E7|47
41.1032967033|2|41.103|0.000|0000000180EB|47
34.5529411765|4|29.842|76.082|00000001931F|47
33.6550458716|3|35.511|6.892|000000019324|47
32.3339449541|4|35.579|13.394|000000019328|47
38.5608247423|3|43.015|39.678|000000019343|47
37.0336633663|4|32.444|126.650|000000019346|47
31.2491803279|9|39.239|46.438|00000001BD18|47
34.9570093458|10|32.600|70.884|00000001D436|47
16.2923076923|4|14.968|5.760|00000002AD1D|47
13.4713780919|3|13.452|0.001|00000002AD1E|47
11.4036585366|2|11.404|0.000|00000002AD20|47
12.402507837|3|12.724|0.207|00000002AD21|47
18.3288461538|3|16.377|7.617|00000002AD22|47
24.4384615385|3|20.989|23.794|00000002AD26|47
21.8736842105|2|21.874|0.000|00000002AD29|47
21.6208092486|2|21.621|0.000|00000002AD2B|47
12.7224489796|3|12.633|0.016|00000002B0EC|47
