54.2086956522|3|49.262|48.945|000000018116|47
30.0626865672|2|30.063|0.000|000000018118|47
42.9931034483|6|39.262|22.046|000000018119|47
16.4052631579|4|29.972|216.150|00000001811C|47
28.5526717557|3|31.064|12.610|00000001811F|47
32.8105263158|3|35.674|16.395|000000018120|47
28.5526717557|2|28.553|0.000|000000018122|47
45.6146341463|5|46.472|51.916|00000001939B|47
37.013592233|4|34.257|11.467|00000001939C|47
41.4391304348|4|41.367|9.046|00000001A7C8|47
39.7914893617|4|35.822|15.773|00000001A7CA|47
20.1096774194|7|17.652|10.829|00000002B4C9|47
