13.9048327138|3|20.623|90.259|000000017985|47
30.6590163934|3|30.608|0.005|00000001798A|47
34.9570093458|2|34.957|0.000|00000001798E|47
33.8521008403|2|33.852|0.000|000000017994|47
37.0545454545|3|37.825|1.188|000000017995|47
30.164516129|3|32.139|7.797|000000017997|47
43.8206896552|2|43.821|0.000|00000001799B|47
48.2582278481|2|48.258|0.000|00000001799E|47
40.6565217391|2|40.657|0.000|0000000179A2|47
32.8105263158|3|30.625|9.554|0000000179A4|47
30.9951219512|2|30.995|0.000|0000000179A6|47
35.325|1|35.325|0.000|0000000179AA|47
36.9577981651|3|29.286|117.715|000000018B34|47
26.909352518|5|25.538|91.492|000000018B3C|47
35.4807692308|4|27.969|98.403|000000018B48|47
15.782278481|6|32.198|177.719|000000018B52|47
42.0269662921|3|36.842|53.778|000000018B5B|47
34.3155963303|3|34.710|0.312|000000018B5D|47
35.9678571429|4|34.671|6.568|000000019F1E|47
21.4965517241|4|19.012|7.424|00000002ABB4|47
11.180058651|2|11.180|0.000|00000002AF44|47
