19.0836734694|2|19.084|0.000|000000017123|47
31.4319327731|4|39.106|60.135|00000001712A|47
35.9653846154|4|33.095|9.029|000000017134|47
40.6565217391|4|35.426|145.300|000000017137|47
42.9931034483|4|41.037|5.868|00000001713A|47
39.7914893617|2|39.791|0.000|00000001713F|47
18.9671641791|3|27.806|156.261|000000017140|47
42.0269662921|3|40.753|3.244|000000017141|47
37.3764705882|3|40.330|17.448|000000017142|47
43.6714285714|2|43.671|0.000|000000017145|47
43.8206896552|5|40.438|134.460|000000018240|47
40.6565217391|3|40.789|0.035|000000018242|47
38.5608247423|5|41.832|39.252|000000019558|47
40.6565217391|5|40.451|23.449|000000019564|47
10.5960339943|2|10.596|0.000|00000002A9F7|47
