49.5116883117|4|46.769|91.626|0000000180F7|47
39.9636363636|2|39.964|0.000|0000000180FA|47
40.5574468085|3|40.891|0.222|0000000180FF|47
16.3336244541|5|29.973|131.773|000000018105|47
31.1027027027|3|35.920|46.408|000000018106|47
46.3034482759|2|46.303|0.000|000000018108|47
58.0695652174|5|43.631|274.094|000000018109|47
38.5090909091|2|38.509|0.000|00000001810D|47
53.1652173913|2|53.165|0.000|00000001810F|47
42.9931034483|8|30.169|136.433|000000019338|47
35.9647058824|3|38.106|9.166|00000001935F|47
45.475862069|4|43.872|9.934|000000019374|47
30.2842105263|2|30.284|0.000|00000001A7B2|47
38.5608247423|8|41.940|45.453|00000001D477|47
18.8909090909|2|18.891|0.000|00000002AD2D|47
