28.0030534351|6|33.878|115.714|000000017B1C|47
28.3363636364|3|33.613|55.692|000000017B1E|47
33.3964285714|2|33.396|0.000|000000017B22|47
35.9647058824|2|35.965|0.000|000000017B25|47
21.5389830508|2|21.539|0.000|000000017B27|47
30.068852459|3|29.300|1.183|000000017B2F|47
34.9570093458|2|34.957|0.000|000000017B30|47
41.1032967033|3|38.124|17.753|000000017B32|47
28.9953488372|2|28.995|0.000|000000017B3B|47
26.3408450704|2|26.341|0.000|000000017B3E|47
27.302189781|3|24.371|17.187|000000017B43|47
36.9577981651|2|36.958|0.000|000000017B45|47
15.650209205|4|29.793|200.205|000000017B46|47
29.5838709677|2|29.584|0.000|000000017B48|47
28.9953488372|2|28.995|0.000|000000017B4E|47
31.9692307692|3|30.532|4.134|000000017B4F|47
43.7012658228|2|43.701|0.000|000000017B52|47
37.7818181818|2|37.782|0.000|000000017B59|47
32.8105263158|6|36.553|50.482|000000018CDA|47
32.8105263158|8|26.311|98.551|000000018CDD|47
42.4875|6|37.659|39.679|000000018CE9|47
11.68875|5|26.418|80.619|000000018CEC|47
39.7914893617|3|36.154|26.462|000000018D04|47
43.4930232558|3|43.124|0.272|000000018D17|47
21.8736842105|4|29.738|79.527|00000001A08B|47
16.0894736842|2|16.089|0.000|00000002ABF2|47
16.0532188841|2|16.053|0.000|00000002AC01|47
18.3288461538|2|18.329|0.000|00000002AC06|47
16.7506849315|3|15.952|1.275|00000002AFA2|47
