12.4588235294|6|23.799|93.926|0000000179CB|47
30.2571428571|6|33.196|48.900|0000000179CE|47
38.5608247423|2|38.561|0.000|0000000179DA|47
42.9931034483|3|45.462|12.192|0000000179DC|47
23.8242038217|2|23.824|0.000|0000000179DE|47
31.3538461538|3|31.573|0.096|0000000179E0|47
30.9157894737|2|30.916|0.000|0000000179E4|47
45.3857142857|3|39.307|73.909|0000000179E5|47
41.2179775281|2|41.218|0.000|0000000179E6|47
42.9931034483|2|42.993|0.000|0000000179E7|47
25.6191780822|3|27.713|8.766|0000000179E9|47
32.0369747899|2|32.037|0.000|0000000179EB|47
12.7224489796|3|20.077|108.173|0000000179EC|47
39.7914893617|4|41.706|47.283|0000000179EF|47
38.5090909091|2|38.509|0.000|0000000179F1|47
44.7365853659|2|44.737|0.000|0000000179F4|47
31.9692307692|2|31.969|0.000|0000000179F6|47
41.4391304348|2|41.439|0.000|0000000179FB|47
32.8105263158|3|31.716|2.394|000000018B8D|47
22.3976047904|5|31.065|106.330|000000018B92|47
38.9020408163|6|34.557|125.518|000000018B9B|47
16.5990950226|6|31.628|122.115|000000018B9C|47
33.6550458716|3|32.782|1.526|000000018B9E|47
40.6565217391|5|32.442|94.299|000000018BA5|47
20.0417910448|9|34.657|144.987|00000001B46E|47
