0000000299FD,14.5074626866,1477863241
00000000E868,41.5,1477863186
000000028E19,11.5714285714,1477862954
000000028E13,10.1632653061,1477862737
000000028E14,13.4801762115,1477862818
000000028E15,15.8936170213,1477862829
000000010444,49.4237288136,1477862806
00000000E872,43.3043478261,1477863309
00000000E873,11.0204081633,1477863423
00000000E85F,33.8048780488,1477863003
00000001D69C,29.7707865169,1477863235
00000000E879,44.5,1477863541
00000001A9B5,43.5223880597,1477863212
00000000E854,40.3783783784,1477862865
00000000E876,47.8208955224,1477863544
00000000E853,12.5409836066,1477862917
0000000121B6,38.8051948052,1477863198
000000013F3C,37.8227848101,1477863285
00000001955E,39.7402597403,1477863251
00000001955C,41.3731343284,1477863120
00000001711B,41.3513513514,1477862959
000000028E1E,20.9784172662,1477863428
00000000E86D,43.5223880597,1477863271
00000001BF4D,37.4594594595,1477862716
00000001D68E,34.3448275862,1477862783
00000000E84D,37.5,1477862733
