0000000104BA,10.9852941176,1477864499
00000000E894,56.0769230769,1477864207
0000000121E1,40.3783783784,1477864609
00000001714C,35.5609756098,1477864192
00000000E88C,28.5882352941,1477864084
00000000E88B,31.0212765957,1477864003
00000000E898,53.6842105263,1477864251
00000000E8AA,46.4842105263,1477864716
00000001A9DD,39.0,1477864512
0000000104A9,33.8048780488,1477864179
0000000104A2,42.2608695652,1477864076
0000000104C1,37.8701298701,1477864520
0000000104C5,36.4390243902,1477864555
0000000121DF,11.7176470588,1477863996
000000019580,43.5223880597,1477864237
0000000170FC,31.5428571429,1477863910
000000028E21,24.2926829268,1477864088
0000000121D8,28.5773195876,1477864213
00000001A9D4,38.8051948052,1477864292
00000000E8A6,42.5454545455,1477864648
00000000E8A8,34.3820224719,1477864696
00000000E8A9,43.8904109589,1477864709
0000000104AC,15.1848341232,1477864279
00000000E89F,28.0384615385,1477864486
0000000104B6,28.0384615385,1477864368
0000000299FB,16.7865168539,1477864628
000000017147,36.4390243902,1477864383
00000000E888,37.8701298701,1477863927
00000000E886,35.6086956522,1477863901
00000000E8A2,43.3043478261,1477864544
0000000121F2,44.5970149254,1477864380
00000001957A,32.4782608696,1477864102
