00000000E98B,31.5463917526,1477867623
00000000E98C,25.5384615385,1477867670
00000000E98F,36.8888888889,1477867673
0000000140C4,27.9252336449,1477868198
0000000105FE,27.9252336449,1477868087
000000028E4F,15.8549222798,1477867782
000000019620,40.5,1477867754
00000000E9B8,48.1935483871,1477868258
00000001D78C,24.75,1477868124
000000028E4A,14.3626943005,1477867552
000000018309,30.0618556701,1477867892
00000000E9AF,25.7142857143,1477868074
00000000E9B7,29.2941176471,1477868233
00000000E9B6,30.8041237113,1477868218
00000000E9B2,22.6363636364,1477868206
00000000E9B3,24.094488189,1477868204
00000000E9AE,39.4054054054,1477868001
00000000E999,37.3170731707,1477867847
000000028E51,25.2892561983,1477867968
00000000E99A,26.6785714286,1477867866
0000000169B6,24.4918032787,1477867632
00000000E992,36.4390243902,1477867741
00000000E99C,26.0357142857,1477868047
00000002B174,10.4436860068,1477867964
000000029A41,19.7880794702,1477867975
0000000105D9,29.2941176471,1477867605
000000029413,21.652173913,1477867870
0000000122F8,44.5970149254,1477868301
00000000E9A5,31.6956521739,1477867933
00000000E9A4,32.8351648352,1477867919
00000000E9A6,34.3448275862,1477867952
00000000E9A3,29.2941176471,1477867926
00000000E9A9,29.2941176471,1477867972
0000000105CD,36.4390243902,1477867511
00000000E99F,27.9252336449,1477867891
00000000E99B,27.4128440367,1477867875
00000001962F,34.1772151899,1477868064
000000028E52,15.8936170213,1477868023
000000019616,25.9615384615,1477867790
0000000122CE,24.6774193548,1477867640
000000028E49,14.0281690141,1477867553
000000028E48,11.2087912088,1477867511
00000001AA79,32.9268292683,1477867679
00000000E92F,33.1363636364,1477868252
0000000171E1,34.3448275862,1477868127
00000000E997,20.25,1477867851
0000000105F5,45.671641791,1477867970
