00000000F66B,31.5463917526,1477898332
00000000F676,24.75,1477898651
00000000F688,33.5172413793,1477898846
00000000F66C,36.4390243902,1477898337
000000019F58,30.0,1477898267
00000001132B,39.7402597403,1477898937
000000011324,30.1818181818,1477898856
00000002AF52,15.8936170213,1477898270
000000019F6F,37.8227848101,1477898675
0000000296DE,17.3571428571,1477898731
00000000F671,37.8701298701,1477898510
00000000F673,37.8701298701,1477898567
00000000F651,27.4128440367,1477898119
00000001303D,33.5172413793,1477898162
00000000F653,26.1509433962,1477898135
00000001E268,33.5730337079,1477898504
00000002B759,14.0943396226,1477898397
0000000112E7,38.8051948052,1477898151
00000000F65E,46.6875,1477898192
000000019F68,44.5970149254,1477898553
000000018B8F,36.0,1477898295
00000000F68B,38.7341772152,1477898911
00000002ABBC,15.2670157068,1477898573
0000000179D0,39.7402597403,1477898159
00000001B490,12.5409836066,1477898704
000000011308,40.1739130435,1477898482
00000001B47A,28.0384615385,1477898263
00000000F68C,37.8227848101,1477898917
