00000001A3EB,16.8131868132,1477910907
00000000FC7D,18.4444444444,1477910316
00000000FC7E,22.8091603053,1477910310
00000001A398,19.8367346939,1477910351
0000000135F0,20.1315789474,1477910229
000000018F71,19.0318471338,1477910656
00000000FCFC,19.8701298701,1477910906
00000000FCFB,19.014084507,1477910885
00000000FC88,19.6578947368,1477910391
00000000FCFE,20.3265306122,1477910911
00000000FBBB,21.5033557047,1477910245
00000000FC84,17.8947368421,1477910369
00000002B863,14.0281690141,1477910608
00000000FC80,19.0318471338,1477910345
00000001E723,18.2195121951,1477910300
00000002AC5D,20.6756756757,1477910356
00000002920F,10.6334519573,1477910682
0000000135EB,18.5732484076,1477910218
00000001B960,17.1111111111,1477910660
00000001A38C,19.0318471338,1477910266
00000001A38F,17.5662650602,1477910322
00000001B96D,21.4964028777,1477910813
000000018F64,21.4964028777,1477910595
00000001A3A9,19.4904458599,1477910467
000000011964,21.1914893617,1477910804
00000000FCF7,22.0143884892,1477910859
00000000FCF1,19.4025974026,1477910845
00000001197A,21.8102189781,1477910902
00000001A2C5,18.4444444444,1477910308
00000000FC8E,20.1315789474,1477910409
00000000FCF9,20.3265306122,1477910867
00000000FC8F,19.6578947368,1477910423
00000000FC8A,20.25,1477910396
00000000FCA9,19.0318471338,1477910541
00000000FC8C,19.8701298701,1477910408
00000000FC75,21.4964028777,1477910249
00000001A310,21.2846715328,1477910161
00000000FC78,20.25,1477910270
00000001A3E9,19.0318471338,1477910857
00000002B3F4,14.3653846154,1477910129
00000000FCE7,15.2448979592,1477910819
00000000FC5E,22.0143884892,1477910114
00000000FCE2,23.1627906977,1477910767
00000000FCE3,18.3233532934,1477910788
00000001A3CF,22.6046511628,1477910683
00000000FCE1,19.4025974026,1477910772
00000001A3D4,20.0536912752,1477910705
00000001A3D7,20.3265306122,1477910901
00000000FCDF,17.8922155689,1477910771
00000000FC62,17.5862068966,1477910152
000000013577,16.8813559322,1477910426
00000001CF94,17.3720930233,1477910491
00000001CFCC,20.75,1477910757
00000000FC6C,20.3265306122,1477910192
000000011908,18.7924528302,1477910327
00000001B81E,12.347107438,1477910571
000000011904,20.1315789474,1477910342
00000000FCD8,17.6804733728,1477910734
0000000153FE,19.0318471338,1477910468
00000000FCD1,21.1914893617,1477910700
00000001CF78,19.4244604317,1477910775
00000000FCD6,18.0,1477910730
00000000FC59,17.7631578947,1477910103
00000000FCED,21.0422535211,1477910826
00000001A3C3,20.0536912752,1477910779
000000029217,13.520361991,1477910562
00000001A37F,17.0625,1477910209
0000000135D8,16.8131868132,1477910532
00000001A3B2,17.3720930233,1477910574
000000011936,19.4025974026,1477910580
00000001A3B7,21.0422535211,1477910499
0000000153D9,20.25,1477910456
00000001A3AB,22.9606299213,1477910401
00000000FCBB,17.6804733728,1477910625
00000001A3B9,18.6585365854,1477910529
00000000FCC9,19.1538461538,1477910669
00000000FCC4,20.1315789474,1477910650
00000001A3B0,21.8102189781,1477910425
000000018F85,20.5369127517,1477910847
00000001CFAF,19.8701298701,1477910689
000000029219,11.8461538462,1477910617
0000000291FF,20.6756756757,1477910599
00000001A3BC,22.6363636364,1477910574
00000001B92E,20.0536912752,1477910215
00000000FCB9,20.6808510638,1477910594
00000000FCB8,17.7906976744,1477910612
00000000FCB6,19.3112582781,1477910591
00000000FCB4,17.3720930233,1477910596
00000000FCB3,18.1118012422,1477910586
00000000FCB2,19.6578947368,1477910577
000000015430,16.9534883721,1477910590
000000018F38,18.4444444444,1477910257
00000001A3C2,21.4964028777,1477910745
000000018F30,22.2985074627,1477910192
0000000118F1,23.1818181818,1477910548
00000002920E,12.5546218487,1477910318
00000001A388,17.094972067,1477910269
000000029831,15.481865285,1477910509
00000000FC9F,16.8813559322,1477910501
00000001A3CA,20.3265306122,1477910610
0000000153AF,20.75,1477910678
00000002B3EE,11.2330827068,1477910190
000000029222,15.8936170213,1477910769
00000000FCD5,19.7880794702,1477910713
000000029226,12.5925925926,1477910838
0000000118F4,21.8102189781,1477910164
00000000FCA0,20.6808510638,1477910484
00000000FCA1,22.9606299213,1477910481
00000000FCA6,16.8813559322,1477910532
00000000FCA5,20.9784172662,1477910507
000000013609,19.6578947368,1477910391
00000001E6FE,21.2846715328,1477910203
0000000118ED,15.8936170213,1477910188
000000029826,16.3278688525,1477910172
000000018F41,17.0526315789,1477910319
00000002922B,26.9189189189,1477910895
000000011943,22.0909090909,1477910924
000000011942,19.125,1477910606
0000000118BB,17.0625,1477910220
00000000FCA8,16.6927374302,1477910842
0000000118B0,21.8102189781,1477910526
00000000FCAD,21.4964028777,1477910547
00000001A3B3,15.1485148515,1477910590
00000000FC90,21.0789473684,1477910426
00000000FC96,21.1872611465,1477910457
00000001195C,22.3357664234,1477910792
00000001E736,20.75,1477910398
00000000FCDC,19.1538461538,1477910743
