000000011281,27.9252336449,1477896983
00000001126A,34.3448275862,1477896787
000000012FD9,11.8571428571,1477896511
000000011286,37.7777777778,1477897026
00000000F5C9,33.5172413793,1477896800
00000001126F,39.7402597403,1477896847
000000011283,34.3448275862,1477896966
00000000F5DF,31.6956521739,1477896998
00000001B414,20.6865671642,1477896829
00000000F5DD,30.0,1477896969
00000000F5C2,23.5275590551,1477896718
00000000F5C3,43.5483870968,1477896687
00000000F5C0,22.3357664234,1477896706
00000000F5C1,22.6363636364,1477896711
00000001CA70,28.7234042553,1477896395
0000000290BE,10.92,1477896441
0000000290BD,16.9772727273,1477896364
000000011275,32.4782608696,1477896876
000000011277,41.3513513514,1477896901
000000013017,44.5970149254,1477897067
00000001B413,33.8048780488,1477896811
00000000F5DA,37.8227848101,1477896918
00000000F5D8,37.8227848101,1477896914
00000001B401,45.671641791,1477896766
00000001125B,36.4390243902,1477896890
00000002B73B,12.7336244541,1477896684
00000001B3F4,41.0704225352,1477896571
00000000F5B8,24.694214876,1477896588
00000000F5AD,45.5625,1477896443
0000000290C9,18.0,1477897015
00000002AF42,15.6439790576,1477896372
00000000F5B4,37.8701298701,1477896538
00000000F5E9,37.8701298701,1477897136
000000019F05,22.6363636364,1477896505
000000019F06,33.3333333333,1477896701
000000019F21,36.4285714286,1477897146
00000000F5CE,37.8227848101,1477896814
000000018B28,26.1538461538,1477896322
00000002B2DF,11.724137931,1477896377
00000000F5A8,23.9104477612,1477896332
00000001B3F6,30.1818181818,1477896305
