0000000178D5,27.6666666667,1477892445
00000001111B,35.5609756098,1477893048
00000000F47E,27.4128440367,1477892575
00000000F47B,32.4782608696,1477892506
00000002AB87,20.8951048951,1477892446
00000000F47A,29.7,1477892517
000000012EBB,24.5042016807,1477893062
00000001B322,23.007518797,1477892721
000000019E5B,20.75,1477892946
0000000110E2,35.5714285714,1477892542
00000001113C,29.4545454545,1477892977
00000001C96D,30.8041237113,1477893200
00000000F482,38.7341772152,1477892629
000000014C3A,38.8051948052,1477892806
000000011117,30.0618556701,1477892564
00000000F486,35.5714285714,1477892721
00000000F487,41.5,1477892718
00000000F4A3,34.3448275862,1477893052
00000000F485,30.0618556701,1477892706
00000000F489,10.0657894737,1477892895
000000018A8E,36.0,1477892621
00000000F47D,37.5,1477892524
00000002B2EB,10.3038869258,1477892688
000000012EA2,30.8041237113,1477892562
000000012EC1,20.3265306122,1477892919
00000000F476,36.0,1477892450
00000000F4A5,31.6956521739,1477893057
00000001114D,41.3513513514,1477893168
000000018A98,36.8275862069,1477892824
00000000F4AE,32.3636363636,1477893167
00000000F48C,41.5,1477892828
00000002908C,15.8095238095,1477893000
00000000F48F,43.1052631579,1477892861
00000000F49F,28.7307692308,1477893007
00000000F472,20.8163265306,1477892444
00000000F495,40.3783783784,1477892930
00000001112B,33.5730337079,1477892834
000000018AA4,31.0212765957,1477893143
00000000F493,32.4782608696,1477892935
000000011144,41.5,1477893081
000000019E54,29.2941176471,1477892784
00000001C961,39.0,1477892768
000000014C72,25.5789473684,1477892905
000000011115,37.4594594595,1477892522
00000000F475,24.4918032787,1477892445
000000029679,12.9350649351,1477892804
00000000F478,45.671641791,1477892477
