38.8051948052|4|34.794|20.889|000000010110|49
12.0|3|23.706|136.251|00000001013B|49
41.5|1|41.500|0.000|000000010145|49
32.4782608696|2|32.478|0.000|000000010147|49
34.3448275862|2|34.345|0.000|000000010148|49
46.4347826087|4|38.312|76.102|00000001014F|49
34.7142857143|4|35.413|23.981|000000010156|49
48.1935483871|2|48.194|0.000|000000010158|49
41.5|1|41.500|0.000|00000001015B|49
11.7692307692|2|11.769|0.000|00000001015F|49
49.3548387097|2|49.355|0.000|000000010161|49
44.5970149254|2|44.597|0.000|000000010164|49
42.1875|1|42.188|0.000|000000010168|49
44.5970149254|3|41.084|24.680|00000001016A|49
44.5970149254|2|44.597|0.000|00000001016D|49
43.5223880597|2|43.522|0.000|000000010171|49
36.8|1|36.800|0.000|000000010172|49
45.671641791|2|45.672|0.000|000000010174|49
42.5|2|40.476|4.098|000000011E1E|49
30.9090909091|4|36.146|32.020|000000011E3A|49
29.4545454545|3|32.453|17.986|000000011E43|49
50.6440677966|4|50.140|0.919|000000013B69|49
47.8125|3|43.299|10.184|000000013B82|49
39.7402597403|4|40.149|0.625|000000013BB0|49
41.3513513514|4|41.023|57.251|000000015927|49
41.5|1|41.500|0.000|000000016874|49
40.3783783784|4|32.894|108.167|0000000192E5|49
44.1818181818|4|34.107|179.209|0000000192E7|49
33.8048780488|3|32.272|4.699|00000001A739|49
40.3783783784|4|42.325|74.254|00000001BD01|49
34.3448275862|6|37.814|78.796|00000001EBAC|49
11.724137931|2|11.724|0.000|00000002931B|49
12.0483870968|2|12.048|0.000|00000002931C|49
16.8554913295|2|16.855|0.000|00000002931D|49
14.5074626866|2|14.507|0.000|000000029325|49
16.9060773481|3|16.671|0.111|000000029942|49
13.8333333333|4|15.385|4.048|000000029F20|49
16.9772727273|4|18.582|2.575|00000002A53A|49
17.5862068966|3|16.717|1.512|00000002B0D0|49
10.375|5|14.897|6.052|00000002B908|49
18.5590062112|10|17.274|11.617|00000002C23A|49
