21.0422535211|3|19.191|6.855|00000000EBFF|49
16.2765957447|2|16.277|0.000|00000000EC22|49
15.5329949239|2|15.533|0.000|00000000EC29|49
14.4347826087|2|14.435|0.000|00000000EC32|49
22.6363636364|3|25.585|17.383|00000000EC35|49
20.8163265306|2|20.816|0.000|00000000EC36|49
21.25|1|21.250|0.000|00000000EC37|49
21.4964028777|4|26.153|21.716|00000000EC39|49
18.675|4|29.043|66.700|00000000EC3B|49
15.8095238095|3|23.829|128.632|00000000EC3C|49
20.0536912752|3|24.448|38.615|00000000EC3D|49
22.6363636364|2|22.636|0.000|00000000EC3F|49
14.0943396226|2|14.094|0.000|00000000EC44|49
19.1842105263|4|27.598|73.346|00000000EC47|49
21.9705882353|2|21.971|0.000|00000000EC48|49
19.6578947368|2|19.658|0.000|00000000EC49|49
18.4444444444|2|18.444|0.000|00000000EC4D|49
18.5590062112|5|27.950|63.863|00000000EC56|49
20.2222222222|2|20.222|0.000|00000000EC5A|49
19.0318471338|2|19.032|0.000|00000000EC5B|49
16.8813559322|3|21.830|48.979|00000000EC5C|49
17.7631578947|4|29.261|148.110|00000000EC65|49
18.9350649351|2|18.935|0.000|00000000EC6B|49
16.8813559322|2|16.881|0.000|00000000EC6E|49
20.3265306122|3|24.377|32.820|00000000EC77|49
22.0909090909|4|27.676|31.228|00000000EC78|49
20.5352112676|2|20.535|0.000|00000000EC7C|49
21.9865771812|3|25.501|24.707|00000000EC81|49
20.3265306122|2|20.327|0.000|00000000EC82|49
18.4444444444|2|18.444|0.000|00000000EC88|49
18.5590062112|2|18.559|0.000|00000000EC89|49
18.3312883436|3|19.799|4.307|00000000EC8C|49
16.6304347826|2|16.630|0.000|00000000EC93|49
18.6923076923|2|18.692|0.000|00000000EC94|49
20.3265306122|2|20.327|0.000|00000000EC95|49
21.0422535211|2|21.042|0.000|00000000EC97|49
18.0|1|18.000|0.000|00000000EC98|49
22.0909090909|2|22.091|0.000|00000000ECA5|49
19.5294117647|2|19.529|0.000|00000000ECA7|49
19.1489361702|2|19.149|0.000|00000000ECAA|49
19.0318471338|6|21.185|24.610|00000001082A|49
20.75|1|20.750|0.000|000000010863|49
20.8163265306|3|23.227|11.621|000000010875|49
17.8922155689|2|17.892|0.000|00000001087A|49
20.0536912752|6|28.100|82.626|000000010893|49
16.4175824176|3|18.768|11.053|000000010896|49
20.3265306122|5|28.233|67.824|0000000108AE|49
16.6927374302|3|20.256|25.390|0000000108B3|49
19.5704697987|2|19.570|0.000|0000000108BF|49
21.7021276596|3|23.959|10.187|0000000108DF|49
20.1509433962|3|25.480|56.800|0000000108E5|49
22.0143884892|3|21.445|0.649|0000000108EC|49
19.4025974026|7|19.727|37.097|0000000124FB|49
21.5492957746|8|32.113|113.902|00000001258D|49
19.6578947368|3|17.887|6.275|000000012592|49
20.1315789474|4|21.768|3.551|000000012594|49
14.7920792079|4|18.477|14.433|00000001259F|49
18.9350649351|4|23.922|86.182|0000000125A4|49
20.3265306122|4|20.080|0.094|0000000125AB|49
19.6578947368|5|21.284|11.435|0000000125E7|49
22.2985074627|4|24.448|6.801|000000012609|49
21.8102189781|4|24.984|41.876|00000001260E|49
21.8102189781|8|21.165|44.924|0000000142E4|49
21.9865771812|2|21.987|0.000|000000017380|49
19.8367346939|3|22.395|13.086|00000001739E|49
19.4025974026|4|28.390|81.111|000000018500|49
20.3265306122|4|19.808|39.965|000000018501|49
21.8102189781|3|18.078|27.852|00000001853A|49
18.4444444444|3|21.442|17.968|000000019810|49
13.3663366337|3|17.065|27.353|00000001981B|49
18.3312883436|4|19.560|46.831|00000001981E|49
14.8020304569|5|21.764|45.876|000000019826|49
22.9606299213|6|29.377|53.448|000000019830|49
18.0|4|26.463|40.100|000000019831|49
19.1842105263|4|23.312|26.083|000000019832|49
15.5935828877|5|24.248|92.909|000000019838|49
18.5590062112|3|24.208|63.821|00000001983A|49
20.9589041096|3|23.671|14.711|00000001983D|49
18.4337349398|4|23.418|44.597|000000019840|49
24.094488189|3|29.388|56.042|000000019846|49
21.0422535211|4|29.405|69.988|00000001984D|49
19.1842105263|3|22.334|19.838|00000001985D|49
20.3265306122|3|23.057|14.906|00000001985E|49
16.9534883721|3|19.939|17.824|00000001987D|49
12.845814978|6|22.784|87.699|00000001AC83|49
24.694214876|5|30.181|32.478|00000001AC8D|49
20.3265306122|6|23.929|93.238|00000001AC91|49
20.1315789474|4|23.093|28.093|00000001AC92|49
21.2846715328|4|25.386|24.747|00000001ACB1|49
22.8091603053|4|24.805|28.920|00000001ACC2|49
18.7924528302|4|27.432|81.622|00000001ACE9|49
19.6578947368|3|21.490|6.714|00000001C258|49
23.5275590551|6|27.645|54.288|00000001C25E|49
20.2649006623|5|21.471|3.832|00000001C273|49
19.1842105263|6|22.375|62.775|00000001D965|49
16.9534883721|7|23.759|51.225|00000001D983|49
22.8358208955|8|28.335|25.975|00000001D9CD|49
19.3112582781|2|19.311|0.000|000000028ED6|49
11.8604651163|2|11.860|0.000|000000028ED8|49
11.6349809886|2|11.635|0.000|000000028ED9|49
17.191011236|3|15.916|3.250|000000028EDE|49
19.734939759|2|19.735|0.000|000000028EDF|49
10.1979522184|2|10.198|0.000|000000028EE1|49
13.0762331839|2|13.076|0.000|000000028EE6|49
14.0943396226|2|14.094|0.000|000000028EE8|49
21.1914893617|4|18.946|5.979|000000029498|49
13.3150684932|4|15.651|10.038|0000000294B1|49
15.6439790576|3|14.946|0.974|0000000294B6|49
18.4556962025|5|16.708|13.130|00000002A0AB|49
19.0714285714|2|19.071|0.000|00000002A8A0|49
11.671875|3|13.110|2.084|00000002BA20|49
