30.8041237113|2|30.804|0.000|00000000E8E5|49
34.3448275862|2|34.345|0.000|00000000E8E7|49
29.5841584158|2|29.584|0.000|00000000E8E9|49
29.2941176471|3|30.023|1.063|00000000E8EF|49
25.5789473684|4|23.967|6.300|00000000E8F4|49
29.4545454545|3|29.079|0.282|00000000E8F5|49
42.5|6|34.544|65.368|00000000E8F7|49
35.5714285714|3|36.213|0.823|00000000E8F9|49
24.0967741935|2|24.097|0.000|00000000E8FB|49
32.9268292683|4|33.068|0.739|00000000E8FE|49
31.5463917526|2|31.546|0.000|00000000E902|49
24.0991735537|3|24.378|0.156|00000000E905|49
37.3170731707|4|33.933|24.298|00000000E909|49
41.5|1|41.500|0.000|00000000E90B|49
12.24|3|24.484|75.357|00000000E90C|49
46.6875|2|40.732|35.463|00000000E90D|49
50.6440677966|4|37.886|162.771|00000000E90E|49
26.2105263158|2|26.211|0.000|00000000E912|49
36.4390243902|2|36.439|0.000|00000000E915|49
39.9512195122|2|39.951|0.000|00000000E917|49
40.3783783784|2|40.378|0.000|00000000E918|49
41.5|1|41.500|0.000|00000000E91F|49
34.3448275862|2|34.345|0.000|00000000E920|49
34.7441860465|9|39.958|82.556|0000000104E4|49
31.6956521739|3|33.638|7.546|000000010511|49
40.3783783784|4|35.924|52.901|000000010515|49
36.8888888889|3|37.091|0.082|00000001051E|49
35.1724137931|3|37.685|12.623|00000001052D|49
10.1288135593|4|21.032|118.907|000000010530|49
29.5826086957|3|29.148|0.378|000000010531|49
47.4782608696|3|44.436|18.513|000000010534|49
30.0618556701|3|31.197|2.576|000000010546|49
30.8041237113|3|27.061|28.021|000000010547|49
29.2941176471|3|31.576|10.410|000000010553|49
34.8510638298|7|36.298|135.025|000000013FD9|49
22.8091603053|6|31.203|75.834|000000014000|49
31.0344827586|2|31.034|0.000|0000000182B2|49
23.358778626|8|26.697|99.985|0000000195A8|49
29.2941176471|3|30.754|4.260|0000000195B4|49
33.5730337079|4|31.216|48.047|0000000195B5|49
31.6956521739|5|29.213|98.703|0000000195C9|49
35.1724137931|7|32.314|18.443|00000001EE68|49
14.7192118227|2|14.719|0.000|000000028E35|49
14.8656716418|4|12.954|3.656|000000029A21|49
