49.3548387097|2|49.355|0.000|000000010318|49
35.1724137931|3|34.510|0.877|00000001031B|49
33.5730337079|4|29.717|119.052|00000001031D|49
38.8051948052|2|38.805|0.000|000000010323|49
45.671641791|2|45.672|0.000|000000010327|49
34.3820224719|2|34.382|0.000|000000010328|49
54.531147541|2|54.531|0.000|00000001032E|49
26.0357142857|3|27.974|7.515|00000001203D|49
44.5970149254|5|42.435|13.700|00000001203F|49
11.1492537313|5|30.096|298.970|000000013DCE|49
36.8275862069|5|39.512|6.225|000000015B93|49
32.8351648352|4|33.102|1.045|000000015B95|49
37.3170731707|4|36.787|1.376|00000001A8B6|49
44.5970149254|4|41.273|39.288|00000001A8BA|49
49.3548387097|4|44.987|21.429|00000001BE5C|49
43.5483870968|5|44.277|14.568|00000001BE61|49
42.2608695652|4|37.152|29.779|00000001BE64|49
33.2608695652|4|36.387|10.885|00000001BE6D|49
14.0943396226|3|13.168|1.717|000000029392|49
16.3278688525|2|16.328|0.000|000000029393|49
14.6532663317|6|15.333|5.519|00000002A5AD|49
