15.5625|1|15.562|0.000|00000000E9E1|49
19.8701298701|5|30.860|141.148|00000000E9E4|49
15.1485148515|2|15.149|0.000|00000000E9E8|49
15.5625|2|18.297|7.475|00000000E9EE|49
18.2142857143|2|18.214|0.000|00000000E9F1|49
18.675|1|18.675|0.000|00000000E9F3|49
22.8091603053|3|30.619|121.975|00000000E9F6|49
22.2985074627|2|22.299|0.000|00000000E9F9|49
13.7695852535|2|13.770|0.000|00000000E9FA|49
20.4657534247|3|27.279|92.841|00000000E9FB|49
17.7857142857|2|17.786|0.000|00000000E9FD|49
22.2857142857|4|30.488|100.760|00000000EA06|49
18.3396226415|3|19.426|2.362|00000000EA07|49
20.8951048951|2|20.895|0.000|00000000EA0E|49
20.1315789474|2|20.132|0.000|00000000EA15|49
16.1162790698|5|27.920|145.435|00000000EA19|49
21.25|1|21.250|0.000|00000000EA1B|49
21.8102189781|2|21.810|0.000|00000000EA21|49
18.0|1|18.000|0.000|00000000EA23|49
19.1842105263|2|19.184|0.000|00000000EA27|49
20.6037735849|4|27.193|59.009|00000000EA2A|49
19.7027027027|2|19.703|0.000|00000000EA2C|49
17.2881355932|2|17.288|0.000|00000000EA32|49
20.5352112676|2|20.535|0.000|00000000EA3D|49
18.0|1|18.000|0.000|00000000EA3F|49
19.0318471338|2|19.032|0.000|00000000EA40|49
20.2649006623|3|25.253|49.758|00000000EA43|49
19.6578947368|2|19.658|0.000|00000000EA46|49
24.4918032787|2|24.492|0.000|00000000EA47|49
24.694214876|2|24.694|0.000|00000000EA49|49
17.0625|1|17.062|0.000|00000000EA4E|49
18.8888888889|2|18.889|0.000|00000000EA50|49
22.0143884892|2|22.014|0.000|00000000EA51|49
17.1724137931|2|17.172|0.000|00000000EA55|49
16.064516129|2|16.065|0.000|00000000EA57|49
15.5625|1|15.562|0.000|00000000EA5B|49
16.7865168539|2|16.787|0.000|00000000EA5C|49
20.75|1|20.750|0.000|00000000EA60|49
20.5352112676|2|20.535|0.000|00000000EA62|49
21.25|1|21.250|0.000|00000000EA63|49
21.0422535211|4|27.912|47.321|000000010627|49
15.6976744186|5|26.840|89.898|00000001063C|49
15.0150753769|4|22.029|59.946|000000010643|49
20.2335766423|3|25.655|58.792|000000010649|49
15.9310344828|3|16.717|1.236|00000001064A|49
20.75|3|32.583|70.163|000000010655|49
19.9726027397|4|28.722|92.351|000000010656|49
16.3636363636|3|24.237|123.972|000000010657|49
19.0318471338|4|22.606|22.051|000000010665|49
17.3076923077|4|21.209|22.831|00000001066E|49
12.347107438|3|18.848|84.532|00000001067A|49
21.2846715328|4|26.597|28.778|00000001067C|49
21.2846715328|3|26.234|48.996|000000010692|49
20.3265306122|3|19.943|0.294|000000010696|49
17.3720930233|3|22.150|45.653|000000010697|49
23.1818181818|3|25.558|11.290|000000010698|49
18.5732484076|3|23.670|51.947|0000000106A0|49
20.25|2|22.328|4.316|0000000106A1|49
21.0422535211|11|25.820|71.974|0000000140C0|49
20.8662420382|7|25.876|20.442|000000014108|49
24.094488189|5|26.450|69.456|00000001415D|49
15.9786096257|3|26.562|224.020|00000001834C|49
20.3265306122|3|26.822|84.372|000000018371|49
22.2857142857|3|18.259|32.423|00000001838A|49
19.5704697987|16|29.208|87.875|000000019627|49
17.094972067|3|21.541|39.538|000000019665|49
20.3265306122|6|31.688|75.878|000000019669|49
18.0|3|33.422|120.088|00000001966E|49
19.1842105263|4|27.488|98.717|000000019670|49
16.6666666667|3|21.213|41.346|000000019672|49
17.4339622642|4|23.567|41.371|000000019677|49
17.8922155689|3|24.515|87.733|000000019690|49
16.8813559322|4|22.581|39.133|000000019691|49
12.347107438|4|20.084|78.014|000000019696|49
21.2846715328|3|30.686|176.769|000000019699|49
19.8367346939|5|26.761|51.116|00000001969B|49
18.5590062112|3|23.980|58.782|0000000196A0|49
16.8131868132|3|25.931|166.260|0000000196A6|49
19.1842105263|3|24.625|59.199|0000000196A7|49
22.2595419847|3|26.625|38.122|0000000196AC|49
19.0318471338|6|28.935|82.306|00000001AAC8|49
16.4175824176|5|29.969|147.240|00000001AACB|49
19.8367346939|5|29.268|87.288|00000001AADD|49
19.6578947368|5|27.684|48.746|00000001C093|49
19.7880794702|5|26.464|41.405|00000001C0B6|49
18.4444444444|6|23.057|31.127|00000001EEE1|49
13.2946058091|2|13.295|0.000|000000028E5D|49
10.7746478873|2|10.775|0.000|000000028E63|49
13.6261682243|2|13.626|0.000|000000028E6D|49
13.7219730942|2|13.722|0.000|000000028E71|49
11.8536585366|2|11.854|0.000|000000028E73|49
23.7142857143|2|23.714|0.000|000000028E76|49
17.191011236|5|16.652|7.728|00000002A607|49
15.481865285|2|15.482|0.000|00000002ADA3|49
