28.8679245283|7|24.363|75.890|00000000EF31|49
34.3448275862|5|34.255|34.677|00000000F0A5|49
36.0|2|34.593|1.979|00000000F0C6|49
38.8051948052|4|38.557|44.436|00000000F0D1|49
45.671641791|4|36.806|90.403|00000000F0D6|49
31.0212765957|4|31.349|1.779|00000000F0DD|49
37.3170731707|2|37.317|0.000|00000000F0DE|49
30.9090909091|2|30.909|0.000|00000000F0DF|49
36.4285714286|3|33.666|15.265|00000000F0E0|49
23.1818181818|2|23.182|0.000|00000000F0E4|49
28.2413793103|2|28.241|0.000|00000000F0EF|49
21.2846715328|2|21.285|0.000|00000000F0F4|49
27.8350515464|3|26.367|4.309|00000000F0F9|49
36.4864864865|2|36.486|0.000|00000000F0FB|49
32.043956044|2|32.044|0.000|000000010D3A|49
33.2608695652|4|36.335|16.001|000000010D47|49
37.8227848101|4|35.676|4.713|000000012ACB|49
33.5730337079|4|34.116|1.396|000000019BDD|49
52.8387096774|4|41.096|164.010|000000019BE7|49
40.3783783784|4|36.994|77.482|000000019BEF|49
32.4782608696|5|34.389|9.849|00000001B069|49
18.5590062112|7|30.257|74.692|00000001C642|49
29.2941176471|9|32.925|47.839|00000001DDDB|49
39.7402597403|4|36.277|35.811|00000001DDEA|49
11.4482758621|2|11.448|0.000|000000028FB0|49
10.5211267606|3|11.164|0.826|000000028FBC|49
10.6019417476|2|10.602|0.000|000000028FBD|49
11.3023255814|2|11.302|0.000|000000028FBF|49
12.0|1|12.000|0.000|000000028FC2|49
24.0991735537|2|24.099|0.000|000000028FC4|49
14.7920792079|2|14.792|0.000|000000028FC6|49
12.9486166008|4|14.253|6.050|00000002958D|49
19.7880794702|3|20.206|0.349|000000029591|49
15.1485148515|3|16.491|3.604|000000029592|49
10.4842105263|4|12.215|3.042|000000029BCF|49
18.6923076923|4|14.815|15.254|00000002AE88|49
17.5662650602|5|17.060|7.036|00000002B275|49
15.223880597|2|15.224|0.000|00000002B277|49
