37.8701298701|3|33.840|32.490|00000000F2DD|49
40.3783783784|3|35.482|47.949|00000000F2EB|49
17.7857142857|5|24.691|38.442|00000000F2F4|49
33.0909090909|3|35.183|8.751|00000000F2FD|49
31.6956521739|4|30.782|28.648|00000000F2FE|49
21.4964028777|2|21.496|0.000|00000000F302|49
33.7731958763|2|33.773|0.000|00000000F306|49
37.3170731707|3|36.335|1.928|00000000F308|49
34.3820224719|5|34.428|25.672|00000000F309|49
28.7307692308|3|29.323|0.701|00000000F30A|49
37.7777777778|4|33.925|31.758|00000000F30B|49
30.1818181818|2|30.182|0.000|00000000F30D|49
29.2941176471|2|29.294|0.000|00000000F312|49
29.4545454545|3|30.974|4.619|00000000F314|49
42.2608695652|4|39.358|12.537|00000000F316|49
30.1818181818|3|32.443|10.227|00000000F317|49
30.1818181818|2|30.182|0.000|00000000F319|49
36.4390243902|4|38.513|6.744|00000000F31F|49
35.1724137931|2|35.172|0.000|00000000F325|49
39.7402597403|3|37.465|10.354|00000000F328|49
30.0|3|31.740|50.425|00000000F329|49
29.4545454545|3|31.666|9.778|00000000F32A|49
26.6785714286|2|26.679|0.000|00000000F32C|49
33.2608695652|2|33.261|0.000|00000000F32D|49
42.5454545455|2|42.545|0.000|00000000F331|49
45.2727272727|5|41.368|24.148|000000010F8B|49
27.8350515464|3|28.587|1.131|0000000177F9|49
35.1325301205|7|36.827|34.796|000000019D49|49
39.4054054054|4|32.229|79.678|00000001B1EF|49
29.2941176471|4|32.067|8.630|00000001B1FA|49
30.8041237113|4|35.492|22.105|00000001B208|49
35.5609756098|6|28.892|83.610|00000001B210|49
34.3448275862|4|33.144|3.330|00000001B21D|49
30.1818181818|6|37.227|25.328|00000001C820|49
36.4390243902|13|36.049|49.188|00000001DFAC|49
25.9065420561|9|31.701|23.135|00000001F323|49
11.3917808219|2|11.392|0.000|00000002902F|49
26.6341463415|3|22.991|26.547|000000029622|49
14.7192118227|3|16.067|3.631|000000029C2F|49
19.3670886076|5|18.148|4.195|00000002B2BF|49
16.3278688525|4|14.908|2.077|00000002B6D2|49
