38.8051948052|4|34.794|20.889|000000010110|49
34.7142857143|4|35.413|23.981|000000010156|49
48.1935483871|2|48.194|0.000|000000010158|49
41.5|1|41.500|0.000|00000001015B|49
11.7692307692|2|11.769|0.000|00000001015F|49
49.3548387097|2|49.355|0.000|000000010161|49
44.5970149254|2|44.597|0.000|000000010164|49
42.1875|1|42.188|0.000|000000010168|49
44.5970149254|3|41.084|24.680|00000001016A|49
44.5970149254|3|37.737|94.132|00000001016D|49
10.0945945946|2|10.095|0.000|00000001016E|49
43.5223880597|2|43.522|0.000|000000010171|49
36.8|2|36.213|0.345|000000010172|49
45.671641791|3|48.211|12.899|000000010174|49
37.3170731707|2|37.317|0.000|000000010177|49
39.6|1|39.600|0.000|00000001017C|49
44.347826087|2|44.348|0.000|00000001017F|49
30.9090909091|5|35.015|30.730|000000011E3A|49
35.5714285714|2|35.571|0.000|000000011E42|49
29.4545454545|3|32.453|17.986|000000011E43|49
32.4782608696|3|33.237|1.151|000000011E56|49
49.3548387097|4|49.726|20.482|000000011E61|49
39.7402597403|4|40.149|0.625|000000013BB0|49
41.3513513514|5|42.601|55.754|000000015927|49
48.1935483871|3|44.660|24.969|000000015980|49
41.5|1|41.500|0.000|000000016874|49
40.3783783784|6|34.082|77.116|0000000192E5|49
44.1818181818|4|34.107|179.209|0000000192E7|49
32.4782608696|5|32.095|100.258|0000000192EF|49
33.0909090909|3|26.029|99.735|0000000192FB|49
33.8048780488|5|28.883|95.049|00000001A739|49
23.7142857143|4|32.023|76.388|00000001A740|49
54.0|2|51.744|5.088|00000001A747|49
36.4390243902|3|34.437|8.014|00000001A74B|49
40.3783783784|9|36.297|199.601|00000001BD01|49
34.3448275862|7|37.626|67.751|00000001EBAC|49
11.2153846154|2|11.215|0.000|000000022E2C|49
12.0483870968|3|12.370|0.207|00000002931C|49
16.8554913295|3|16.028|1.371|00000002931D|49
14.5074626866|3|15.512|2.019|000000029325|49
10.125|1|10.125|0.000|000000029327|49
10.1979522184|2|10.198|0.000|000000029329|49
16.9060773481|3|16.671|0.111|000000029942|49
16.9772727273|5|18.702|2.118|00000002A53A|49
18.5590062112|11|17.106|10.843|00000002C23A|49
