25.7586206897|2|25.759|0.000|00000000F951|49
26.752293578|2|26.752|0.000|00000000F953|49
24.2926829268|2|24.293|0.000|00000000F954|49
17.7804878049|5|28.288|83.085|00000000F955|49
24.0967741935|4|28.781|23.728|00000000F959|49
19.4025974026|2|19.403|0.000|00000000F95A|49
31.125|2|28.096|9.176|00000000F95D|49
32.4782608696|3|33.681|2.895|00000000F960|49
31.7872340426|3|32.382|0.708|00000000F967|49
27.5675675676|2|27.568|0.000|00000000F96A|49
27.5675675676|3|32.640|51.457|00000000F96D|49
38.7341772152|2|38.734|0.000|00000000F973|49
28.7307692308|2|28.731|0.000|00000000F97A|49
25.5384615385|3|28.088|12.997|00000000F97B|49
25.7586206897|2|25.759|0.000|00000000F97C|49
26.1538461538|5|32.549|44.614|00000000F97D|49
35.5813953488|2|35.581|0.000|00000000F98E|49
25.2336448598|4|26.046|1.956|00000000F991|49
29.2941176471|2|29.294|0.000|00000000F998|49
28.7307692308|3|29.554|1.355|00000000F999|49
30.8041237113|2|30.804|0.000|00000000F99A|49
20.0536912752|3|26.511|83.403|00000000F99D|49
29.2941176471|2|29.294|0.000|00000000F9A1|49
28.5882352941|3|27.774|1.327|00000000F9A4|49
28.6071428571|2|28.607|0.000|00000000F9A9|49
25.5384615385|2|25.538|0.000|00000000F9AC|49
24.4918032787|2|24.492|0.000|00000000F9B2|49
26.1509433962|2|26.151|0.000|00000000F9B3|49
26.2105263158|3|31.174|49.266|00000000F9BB|49
30.4897959184|2|30.490|0.000|00000000F9CC|49
27.4128440367|3|30.304|16.723|00000000F9D1|49
28.7307692308|2|28.731|0.000|00000000F9D2|49
22.0909090909|2|22.091|0.000|00000000F9D4|49
28.0|1|28.000|0.000|00000000F9D7|49
24.694214876|2|24.694|0.000|00000000F9DC|49
21.2846715328|5|24.945|42.409|0000000115B1|49
20.8163265306|2|20.816|0.000|0000000115C0|49
30.1818181818|4|29.604|24.378|0000000115D2|49
28.5981308411|2|28.598|0.000|000000011617|49
19.5704697987|5|26.303|44.594|000000011620|49
26.0357142857|5|30.723|15.663|000000011627|49
26.2105263158|4|28.628|6.112|00000001162B|49
30.1818181818|4|31.065|9.540|00000001162C|49
15.5625|2|23.775|67.440|00000001162E|49
14.7826086957|3|19.643|47.238|000000011631|49
28.1052631579|4|31.902|23.593|000000011632|49
31.0212765957|2|31.021|0.000|000000011637|49
18.3233532934|6|28.252|59.400|00000001163C|49
31.125|5|32.750|30.652|000000011641|49
25.0819672131|3|27.478|11.486|000000011677|49
24.5042016807|5|31.018|38.259|000000011684|49
32.4782608696|4|34.784|5.409|00000001168A|49
32.4782608696|3|30.686|6.428|00000001168C|49
20.3265306122|2|20.327|0.000|000000018D77|49
24.094488189|4|22.569|37.919|000000018D84|49
24.4918032787|4|24.412|90.369|000000018D89|49
31.7872340426|2|31.787|0.000|000000018DAC|49
26.2105263158|3|27.649|4.138|00000001A158|49
27.2523364486|5|33.698|73.423|00000001A15F|49
22.8091603053|4|27.125|18.741|00000001A161|49
28.7307692308|4|32.618|19.200|00000001A168|49
17.8922155689|3|27.513|185.117|00000001A16F|49
27.8181818182|4|24.720|45.579|00000001A17B|49
23.34375|3|23.825|97.289|00000001A17D|49
26.1538461538|4|29.326|15.482|00000001A189|49
25.5384615385|4|31.613|89.748|00000001A18F|49
27.3214285714|3|28.697|3.786|00000001A190|49
31.7872340426|3|36.776|49.782|00000001A198|49
30.0550458716|3|30.560|0.510|00000001A1AE|49
36.8275862069|4|29.464|92.052|00000001B6C8|49
23.358778626|4|27.196|20.902|00000001B6D8|49
24.5042016807|4|25.577|35.642|00000001B71F|49
32.5531914894|4|28.609|61.313|00000001B73F|49
26.9189189189|5|27.661|53.639|00000001CD0E|49
24.3157894737|5|30.467|40.849|00000001CD1B|49
21.8102189781|5|26.287|41.980|00000001CD2D|49
17.8922155689|6|22.426|48.440|00000001CD48|49
19.5704697987|7|25.034|24.846|00000001CD5D|49
26.2105263158|6|26.819|55.305|00000001E4F4|49
30.0|5|25.615|63.362|00000001E524|49
11.5813953488|2|11.581|0.000|00000002918C|49
13.1067961165|2|13.107|0.000|00000002918E|49
19.7880794702|2|19.788|0.000|00000002918F|49
18.9113924051|2|18.911|0.000|000000029190|49
13.399103139|2|13.399|0.000|000000029192|49
11.5366795367|2|11.537|0.000|000000029198|49
20.8951048951|2|20.895|0.000|0000000291A0|49
14.6739130435|3|13.208|4.301|00000002AFBD|49
14.4356435644|3|14.084|0.247|00000002B379|49
14.3653846154|3|16.849|12.339|00000002B7D9|49
10.9565217391|4|13.527|12.050|00000002B7DB|49
15.2448979592|5|17.495|3.806|00000002C100|49
