18.2195121951|3|25.513|106.390|00000000FF75|49
18.8888888889|2|18.889|0.000|00000000FF81|49
20.5352112676|2|20.535|0.000|00000000FF99|49
21.0|5|29.618|50.680|00000000FFAB|49
19.4025974026|2|19.403|0.000|00000000FFAC|49
13.4594594595|3|22.343|157.821|00000000FFAD|49
17.7906976744|2|17.791|0.000|00000000FFB0|49
19.6578947368|3|23.827|34.763|00000000FFB7|49
20.5369127517|4|23.734|60.147|00000000FFB8|49
14.0943396226|5|23.505|74.886|00000000FFBA|49
18.4444444444|5|29.214|105.706|00000000FFBC|49
20.1891891892|2|20.189|0.000|00000000FFBF|49
22.3357664234|2|22.336|0.000|00000000FFC3|49
20.1315789474|2|20.132|0.000|00000000FFC4|49
18.675|1|18.675|0.000|00000000FFC5|49
20.4657534247|5|29.956|81.589|00000000FFC6|49
14.7920792079|2|14.792|0.000|00000000FFCD|49
20.6068965517|2|20.607|0.000|00000000FFCE|49
18.8888888889|3|19.824|1.750|00000000FFCF|49
18.4444444444|4|21.998|14.058|00000000FFD0|49
15.5106382979|2|15.511|0.000|00000000FFDB|49
20.3265306122|2|20.327|0.000|00000000FFDC|49
19.1538461538|2|19.154|0.000|00000000FFE2|49
16.4175824176|3|21.406|49.767|00000000FFE4|49
12.2962962963|2|12.296|0.000|00000000FFE5|49
30.0618556701|2|30.062|0.000|00000000FFF5|49
30.4897959184|3|29.112|3.796|00000000FFF7|49
43.5223880597|2|43.522|0.000|00000000FFFA|49
28.0384615385|3|31.289|21.135|00000000FFFD|49
33.5730337079|2|33.573|0.000|000000010000|49
34.7142857143|2|34.714|0.000|000000010001|49
26.0357142857|2|26.036|0.000|000000010003|49
33.375|2|34.937|2.440|000000010006|49
24.4918032787|3|28.827|37.580|000000010007|49
37.3170731707|2|37.317|0.000|00000001000A|49
22.2985074627|2|22.299|0.000|00000001000C|49
20.5352112676|2|20.535|0.000|00000001000E|49
19.6578947368|3|23.274|26.157|000000011C25|49
13.1351351351|4|19.302|39.437|000000011C40|49
24.094488189|4|27.762|14.635|000000011C45|49
21.0422535211|3|27.356|79.722|000000011C4A|49
16.9772727273|4|19.986|10.503|000000011C60|49
21.4964028777|3|21.956|0.423|000000011C7C|49
35.5609756098|3|31.476|33.378|000000011C83|49
19.4904458599|4|30.266|116.672|000000011C89|49
37.8701298701|3|39.139|3.220|000000011C96|49
23.9016393443|3|26.038|9.125|000000011CAA|49
16.1904761905|7|27.086|75.749|0000000138BD|49
20.75|2|21.131|0.145|0000000138FE|49
30.0618556701|5|26.325|38.303|000000013954|49
20.3265306122|7|30.310|97.392|000000013956|49
28.1886792453|4|25.444|7.557|00000001399D|49
31.7227722772|5|29.325|6.338|0000000139CE|49
36.4390243902|4|38.767|28.974|0000000139CF|49
35.5609756098|4|36.141|5.655|0000000139DD|49
20.75|10|20.464|20.271|0000000155A4|49
19.8367346939|5|21.533|9.815|000000015760|49
37.8227848101|6|28.689|98.725|00000001673C|49
16.2391304348|7|23.378|46.623|00000001674B|49
13.4594594595|5|20.988|43.031|0000000190C9|49
17.3720930233|3|17.723|0.246|00000001917D|49
36.8|1|36.800|0.000|0000000191C0|49
37.8227848101|4|29.463|89.372|0000000191CD|49
20.0536912752|4|24.183|33.312|00000001A5E3|49
17.3720930233|3|21.726|37.912|00000001A5EA|49
22.2985074627|4|25.003|10.775|00000001A5F3|49
19.8701298701|4|27.491|60.548|00000001A5F4|49
19.6578947368|3|27.762|131.366|00000001A5F7|49
25.5384615385|4|33.363|85.887|00000001A62B|49
30.1818181818|9|25.370|85.363|00000001BB47|49
20.0536912752|5|20.963|6.181|00000001BB89|49
19.7880794702|4|22.893|15.301|00000001BB9F|49
17.7906976744|5|22.950|60.600|00000001BBA6|49
18.1065088757|5|24.346|43.967|00000001BBA7|49
40.3783783784|7|40.316|46.231|00000001BBC0|49
38.8051948052|4|31.361|75.851|00000001BBDB|49
40.5|6|34.078|25.717|00000001D1FF|49
19.6578947368|5|26.557|37.314|00000001D22E|49
17.1724137931|6|26.073|66.450|00000001D236|49
42.5|16|26.962|101.759|00000001E96A|49
40.5|7|33.762|64.940|00000001EA30|49
25.5384615385|9|31.135|36.661|00000001F894|49
10.8127208481|2|10.813|0.000|0000000292B2|49
12.5546218487|2|12.555|0.000|0000000292B3|49
17.5662650602|2|17.566|0.000|0000000292B9|49
15.4545454545|2|15.455|0.000|0000000292BA|49
11.9043824701|2|11.904|0.000|0000000292C0|49
18.0|1|18.000|0.000|0000000292C1|49
17.8895705521|2|17.890|0.000|0000000292C5|49
17.8895705521|5|15.873|4.861|0000000298C8|49
18.773006135|2|18.773|0.000|0000000298D7|49
18.9113924051|4|16.904|5.372|000000029ECF|49
14.1666666667|2|14.167|0.000|00000002B471|49
13.520361991|3|13.340|0.065|00000002B474|49
24.8780487805|5|20.243|24.716|00000002B8D5|49
14.7272727273|4|14.847|0.228|00000002BD48|49
13.0762331839|6|13.841|0.452|00000002C4F3|49
