30.9090909091|4|28.036|10.777|00000000E9BF|49
16.6927374302|2|16.693|0.000|00000000E9C1|49
20.0536912752|4|23.803|40.678|00000000E9C3|49
20.3265306122|7|27.466|73.853|00000000E9C8|49
13.5|1|13.500|0.000|00000000E9CB|49
23.5275590551|2|23.528|0.000|00000000E9D7|49
19.6153846154|3|24.547|48.636|00000000E9D8|49
20.5369127517|3|21.269|1.073|00000000E9DA|49
17.8922155689|4|24.927|51.711|00000000E9DD|49
20.8421052632|3|25.166|37.386|00000000E9E0|49
15.5625|1|15.562|0.000|00000000E9E1|49
19.8701298701|4|28.145|139.593|00000000E9E4|49
21.8102189781|3|27.039|54.677|00000000E9E5|49
15.1485148515|2|15.149|0.000|00000000E9E8|49
15.5625|2|18.297|7.475|00000000E9EE|49
18.2142857143|2|18.214|0.000|00000000E9F1|49
18.675|1|18.675|0.000|00000000E9F3|49
22.8091603053|3|30.619|121.975|00000000E9F6|49
22.2985074627|2|22.299|0.000|00000000E9F9|49
13.7695852535|2|13.770|0.000|00000000E9FA|49
20.4657534247|3|27.279|92.841|00000000E9FB|49
17.7857142857|2|17.786|0.000|00000000E9FD|49
22.2857142857|4|30.488|100.760|00000000EA06|49
18.3396226415|3|19.426|2.362|00000000EA07|49
20.8951048951|2|20.895|0.000|00000000EA0E|49
23.1818181818|2|23.182|0.000|00000000EA11|49
20.1315789474|2|20.132|0.000|00000000EA15|49
16.1162790698|3|18.274|9.311|00000000EA19|49
21.25|1|21.250|0.000|00000000EA1B|49
21.8102189781|2|21.810|0.000|00000000EA21|49
18.0|1|18.000|0.000|00000000EA23|49
19.1842105263|2|19.184|0.000|00000000EA27|49
20.6037735849|2|20.604|0.000|00000000EA2A|49
19.7027027027|2|19.703|0.000|00000000EA2C|49
17.2881355932|2|17.288|0.000|00000000EA32|49
18.3312883436|3|21.570|20.980|00000001061F|49
23.0704225352|3|22.044|2.107|000000010624|49
21.0422535211|4|27.912|47.321|000000010627|49
15.6976744186|5|26.840|89.898|00000001063C|49
20.2335766423|2|20.234|0.000|000000010649|49
15.9310344828|3|16.717|1.236|00000001064A|49
20.75|3|32.583|70.163|000000010655|49
19.9726027397|4|28.722|92.351|000000010656|49
16.3636363636|3|24.237|123.972|000000010657|49
19.0318471338|4|22.606|22.051|000000010665|49
17.3076923077|3|18.608|3.382|00000001066E|49
21.0422535211|10|25.001|71.787|0000000140C0|49
20.8662420382|7|25.876|20.442|000000014108|49
17.4130434783|2|17.413|0.000|0000000169C4|49
15.9786096257|3|26.562|224.020|00000001834C|49
19.5704697987|13|28.584|93.392|000000019627|49
17.7857142857|4|19.643|26.421|00000001963A|49
34.7142857143|8|33.149|114.679|00000001963E|49
22.5|2|27.591|25.920|000000019640|49
22.3357664234|3|27.336|50.002|00000001964A|49
17.094972067|3|21.541|39.538|000000019665|49
20.3265306122|4|30.239|106.311|000000019669|49
18.0|3|33.422|120.088|00000001966E|49
19.1842105263|4|27.488|98.717|000000019670|49
16.6666666667|3|21.213|41.346|000000019672|49
17.4339622642|4|23.567|41.371|000000019677|49
17.8922155689|3|24.515|87.733|000000019690|49
21.2846715328|3|30.686|176.769|000000019699|49
19.0318471338|4|25.464|72.669|00000001AAC8|49
16.4175824176|5|29.969|147.240|00000001AACB|49
19.8367346939|4|25.863|51.150|00000001AADD|49
19.6578947368|5|27.684|48.746|00000001C093|49
22.1739130435|2|22.174|0.000|000000028E5A|49
12.8571428571|2|12.857|0.000|000000028E5B|49
10.7746478873|2|10.775|0.000|000000028E63|49
13.6261682243|2|13.626|0.000|000000028E6D|49
17.191011236|5|16.652|7.728|00000002A607|49
13.399103139|3|13.704|0.186|00000002B17C|49
16.1104972376|3|16.718|0.739|00000002B180|49
