21.8102189781|4|21.209|41.851|00000000F74C|49
32.4782608696|4|33.781|3.498|00000000F74D|49
34.3448275862|4|27.597|85.289|00000000F74F|49
28.5882352941|2|28.588|0.000|00000000F752|49
34.3820224719|3|29.239|52.900|00000000F75C|49
26.6785714286|2|26.679|0.000|00000000F75D|49
28.0733944954|2|28.073|0.000|00000000F75E|49
37.5|2|35.518|3.930|00000000F763|49
24.972972973|3|30.349|57.796|00000000F767|49
29.4545454545|4|34.900|72.309|00000000F76D|49
39.4054054054|2|39.405|0.000|00000000F772|49
29.4230769231|2|29.423|0.000|00000000F774|49
26.1538461538|4|28.003|3.427|00000000F777|49
32.7640449438|2|32.764|0.000|00000000F778|49
21.9705882353|2|21.971|0.000|00000000F77C|49
31.6956521739|2|31.696|0.000|00000000F782|49
17.2881355932|2|17.288|0.000|00000000F783|49
34.3448275862|2|34.345|0.000|00000000F786|49
30.8041237113|3|32.581|6.311|0000000113F3|49
27.5675675676|3|28.947|3.805|0000000113FB|49
49.3548387097|3|43.520|68.087|000000011402|49
41.5|3|34.912|21.705|000000011420|49
34.7142857143|3|33.633|2.338|000000011422|49
33.5730337079|2|33.573|0.000|000000011423|49
31.7872340426|4|30.812|1.063|00000001315E|49
39.7402597403|2|39.740|0.000|000000017A95|49
31.5|2|30.066|2.056|000000019FEF|49
33.9545454545|5|32.749|0.986|000000019FF1|49
28.5981308411|4|35.571|66.390|000000019FF8|49
41.0704225352|5|30.994|130.004|00000001A00A|49
35.5609756098|5|31.407|111.875|00000001B531|49
29.2941176471|5|32.543|20.983|00000001B53D|49
20.0536912752|7|36.348|144.163|00000001B549|49
20.9302325581|4|33.956|177.740|00000001B55B|49
38.3076923077|4|38.513|75.472|00000001B564|49
28.8712871287|4|30.867|4.003|00000001B566|49
45.671641791|7|38.636|44.308|00000001CBAB|49
26.9189189189|8|31.282|101.433|00000001F4AC|49
11.953125|1|11.953|0.000|00000002910D|49
11.25|1|11.250|0.000|00000002910F|49
14.8656716418|3|15.021|0.048|000000029113|49
24.0991735537|2|24.099|0.000|000000029117|49
14.5023696682|2|14.502|0.000|000000029119|49
21.1304347826|5|17.380|27.295|00000002B32A|49
22.78125|3|17.466|16.545|00000002B78D|49
17.1724137931|4|17.975|2.952|00000002B78E|49
