18.0|1|18.000|0.000|00000000FE0C|49
19.4025974026|3|20.812|3.973|00000000FE38|49
24.447761194|2|24.448|0.000|00000000FE92|49
21.4964028777|4|28.795|140.229|00000000FE9A|49
17.2881355932|2|17.288|0.000|00000000FEA1|49
21.4411764706|2|21.441|0.000|00000000FEA2|49
19.25|1|19.250|0.000|00000000FEA6|49
16.8813559322|2|16.881|0.000|00000000FEA7|49
20.5352112676|2|20.535|0.000|00000000FEA9|49
14.7826086957|2|14.783|0.000|00000000FEAB|49
23.1818181818|4|29.475|40.703|00000000FEAE|49
22.0143884892|2|22.014|0.000|00000000FEB4|49
17.1724137931|2|17.172|0.000|00000000FEB5|49
23.5275590551|3|26.747|20.731|00000000FEB6|49
22.0909090909|2|22.091|0.000|00000000FEB9|49
19.9726027397|3|22.520|12.974|00000000FEC2|49
18.4444444444|3|23.123|43.773|00000000FEC5|49
22.6363636364|3|25.930|21.702|00000000FECB|49
19.8367346939|2|19.837|0.000|00000000FECD|49
19.8367346939|3|24.491|43.327|00000000FECF|49
12.6446280992|2|12.645|0.000|00000000FED0|49
20.5352112676|2|20.535|0.000|00000000FED5|49
23.5683453237|2|23.568|0.000|00000000FEDC|49
20.25|1|20.250|0.000|00000000FEDE|49
19.6578947368|2|19.658|0.000|00000000FEDF|49
19.8701298701|2|19.870|0.000|00000000FEE0|49
20.8163265306|3|24.047|20.870|00000000FEE5|49
19.0318471338|2|19.032|0.000|00000000FEE6|49
19.2452830189|2|19.245|0.000|00000000FEE7|49
18.5732484076|2|18.573|0.000|00000000FEE8|49
21.5492957746|3|27.041|60.322|00000000FEEB|49
21.2846715328|2|21.285|0.000|00000000FEEC|49
17.3720930233|2|17.372|0.000|00000000FEED|49
19.6578947368|3|22.485|15.990|00000000FEEF|49
18.4444444444|3|22.465|32.336|00000000FEF3|49
26.1538461538|3|26.654|0.500|00000000FEF5|49
12.7962085308|2|12.796|0.000|00000000FEFA|49
20.5352112676|3|21.775|3.076|00000000FEFB|49
21.0422535211|2|21.042|0.000|00000000FEFC|49
18.8888888889|2|18.889|0.000|00000000FF01|49
15.5625|1|15.562|0.000|00000000FF02|49
22.3357664234|2|22.336|0.000|00000000FF04|49
17.6804733728|2|17.680|0.000|00000000FF06|49
18.773006135|3|24.957|76.477|00000000FF08|49
20.5352112676|2|20.535|0.000|00000000FF0A|49
19.0062111801|2|19.006|0.000|00000000FF0D|49
17.6804733728|2|17.680|0.000|00000000FF10|49
19.4025974026|2|19.403|0.000|00000000FF14|49
17.8922155689|2|17.892|0.000|00000000FF19|49
18.8888888889|2|18.889|0.000|00000000FF1C|49
25.5384615385|5|29.478|15.370|000000011AC8|49
20.4657534247|3|24.633|34.737|000000011AF5|49
20.9784172662|3|24.707|27.810|000000011B01|49
15.6774193548|3|22.052|81.261|000000011B14|49
19.0318471338|2|19.032|0.000|000000011B15|49
21.4964028777|6|27.632|79.082|000000011B19|49
15.8095238095|3|16.687|1.539|000000011B2B|49
20.4657534247|6|28.758|62.111|000000011B30|49
21.8102189781|4|27.260|31.882|000000011B4B|49
20.5369127517|3|23.854|22.003|000000011B6E|49
17.2881355932|3|24.309|98.588|000000011B82|49
15.7263157895|4|22.363|87.768|0000000137EE|49
18.4444444444|3|25.107|88.771|000000013819|49
23.1818181818|2|23.182|0.000|000000013864|49
16.8131868132|4|23.182|48.228|000000013887|49
21.5492957746|4|19.939|10.938|0000000155EE|49
14.1666666667|5|23.167|144.877|000000015612|49
18.357615894|6|22.742|38.854|00000001669C|49
17.2544378698|2|17.254|0.000|000000017F0A|49
21.9705882353|3|21.654|0.200|0000000190AC|49
19.5704697987|3|16.776|15.622|0000000190EE|49
15.5625|2|19.656|16.756|0000000190F3|49
22.1739130435|3|18.203|31.529|00000001910F|49
20.8163265306|3|22.026|2.925|00000001A53C|49
18.5732484076|4|25.892|53.571|00000001A544|49
17.8922155689|3|23.767|69.017|00000001A547|49
17.7906976744|4|26.061|69.305|00000001A558|49
21.4964028777|4|27.224|44.373|00000001A560|49
18.3233532934|3|26.120|121.573|00000001A570|49
24.9230769231|3|24.332|0.699|00000001A573|49
23.5275590551|3|25.662|9.111|00000001A57E|49
20.5352112676|3|23.792|21.219|00000001A57F|49
21.4964028777|4|30.615|83.207|00000001A581|49
20.75|4|31.897|81.861|00000001BABA|49
21.1914893617|5|31.701|109.477|00000001BAED|49
13.1629955947|5|22.765|68.536|00000001BAF1|49
18.2195121951|5|26.624|67.877|00000001BB01|49
20.1315789474|5|29.278|82.269|00000001BB03|49
18.2195121951|9|24.198|55.474|00000001D0DE|49
20.8163265306|5|27.029|71.441|00000001D133|49
12.5020920502|8|27.780|164.719|00000001D135|49
15.1485148515|5|18.514|15.929|00000001D177|49
20.8163265306|9|27.079|61.637|00000001E890|49
20.9784172662|9|28.763|93.519|00000001F7E7|49
18.3233532934|9|29.721|74.382|00000001F80F|49
19.1538461538|3|18.674|0.461|000000029278|49
19.5294117647|2|19.529|0.000|000000029279|49
17.7906976744|2|17.791|0.000|00000002927B|49
19.5294117647|2|19.529|0.000|00000002927C|49
17.3863636364|2|17.386|0.000|000000029287|49
14.0192307692|2|14.019|0.000|00000002928A|49
17.4610778443|2|17.461|0.000|00000002928D|49
14.7115384615|6|16.200|3.184|000000029841|49
14.3645320197|4|14.284|0.390|000000029E8E|49
10.1979522184|4|12.090|11.067|00000002B43D|49
13.520361991|3|15.930|11.617|00000002B458|49
17.6878612717|9|15.747|9.145|00000002B894|49
13.9626168224|7|15.675|9.164|00000002B899|49
16.5681818182|7|13.973|3.186|00000002BCF4|49
