25.5384615385|4|28.289|29.300|00000000F239|49
30.1818181818|2|30.182|0.000|00000000F253|49
27.9252336449|2|27.925|0.000|00000000F257|49
35.1724137931|4|33.156|18.605|00000000F25B|49
49.3548387097|4|47.682|75.195|00000000F25E|49
28.5981308411|2|28.598|0.000|00000000F261|49
43.3043478261|2|43.304|0.000|00000000F262|49
30.8041237113|2|30.804|0.000|00000000F263|49
18.2195121951|2|18.220|0.000|00000000F269|49
14.4347826087|3|18.259|29.251|00000000F26E|49
33.2608695652|3|35.504|10.060|00000000F272|49
47.8208955224|2|47.821|0.000|00000000F27A|49
35.1724137931|2|35.172|0.000|00000000F27D|49
30.0|5|33.181|32.523|000000010EAD|49
26.2105263158|4|31.100|34.124|000000010EBC|49
32.4782608696|3|30.730|6.110|000000010EC9|49
23.5161290323|4|24.005|29.670|000000010EDA|49
32.4782608696|4|37.159|22.201|000000012C37|49
41.5|1|41.500|0.000|000000016C32|49
18.4444444444|3|20.565|8.992|000000019CCA|49
33.5172413793|3|32.458|2.245|000000019CCF|49
26.752293578|3|26.047|0.995|000000019CF0|49
41.5|2|33.502|63.966|000000019CF8|49
42.5|2|35.792|45.001|000000019CF9|49
37.8227848101|4|36.135|3.411|00000001B175|49
37.7777777778|10|34.407|113.841|00000001B179|49
32.7640449438|5|31.955|1.612|00000001B17D|49
41.5|3|35.529|18.958|00000001C766|49
27.9252336449|9|27.567|79.853|00000001F2E0|49
12.3230769231|2|12.323|0.000|00000002309A|49
16.7865168539|2|16.787|0.000|000000029004|49
16.3278688525|3|17.783|4.236|000000029006|49
10.4025974026|2|10.403|0.000|000000029008|49
16.7213114754|2|16.721|0.000|00000002900A|49
15.9344262295|2|15.934|0.000|00000002900B|49
13.4594594595|2|13.459|0.000|000000029010|49
11.2087912088|2|11.209|0.000|000000029BEA|49
15.8095238095|4|15.771|0.311|000000029C16|49
16.8813559322|3|16.488|0.309|00000002B6BB|49
11.0874524715|4|15.107|17.093|00000002BB36|49
