19.4025974026|5|24.521|32.598|00000000F3FB|49
27.4128440367|4|28.930|45.745|00000000F40B|49
28.6071428571|3|29.930|3.500|00000000F40D|49
27.4128440367|2|27.413|0.000|00000000F410|49
32.4782608696|3|32.722|0.119|00000000F413|49
32.7640449438|2|32.764|0.000|00000000F416|49
33.2608695652|2|33.261|0.000|00000000F419|49
34.3448275862|3|32.293|8.423|00000000F41D|49
33.8048780488|3|30.892|16.968|00000000F41F|49
29.2941176471|2|29.294|0.000|00000000F422|49
30.8041237113|3|29.571|3.039|00000000F424|49
33.2608695652|2|33.261|0.000|00000000F426|49
31.7872340426|2|31.787|0.000|00000000F429|49
33.5172413793|4|37.092|15.196|00000000F42B|49
37.8701298701|3|37.733|0.038|00000000F436|49
46.2|1|46.200|0.000|00000000F43C|49
27.5094339623|2|27.509|0.000|00000000F43D|49
39.3157894737|2|39.316|0.000|00000000F43E|49
34.7142857143|2|34.714|0.000|00000000F441|49
30.375|2|30.133|0.059|00000000F445|49
37.8701298701|3|33.200|43.611|00000000F446|49
30.8041237113|2|30.804|0.000|00000000F44C|49
52.4210526316|2|52.421|0.000|00000000F44D|49
26.6785714286|2|26.679|0.000|00000000F454|49
33.2608695652|2|33.261|0.000|00000000F456|49
43.5483870968|2|43.548|0.000|00000000F459|49
31.5463917526|3|30.336|2.929|00000001109B|49
41.5|2|32.796|75.757|0000000110A0|49
48.8955223881|3|40.830|130.108|0000000110AF|49
33.9069767442|2|33.907|0.000|0000000110B5|49
34.7727272727|3|32.173|13.519|0000000110C5|49
32.4782608696|3|28.938|25.061|000000012E01|49
32.4782608696|6|34.257|18.195|000000012E24|49
21.1304347826|5|28.691|64.009|000000012E42|49
24.5042016807|4|28.056|47.690|000000012E45|49
27.4128440367|2|27.413|0.000|000000012E58|49
23.5275590551|2|23.528|0.000|0000000178BC|49
20.3265306122|6|28.760|54.371|000000018A3F|49
25.2892561983|2|25.289|0.000|000000018A4B|49
29.4230769231|3|23.815|62.892|000000018A4F|49
10.5583038869|4|23.433|170.428|000000019E09|49
26.213592233|5|29.062|36.310|000000019E15|49
31.6956521739|6|32.441|10.961|000000019E18|49
26.8421052632|4|31.843|32.834|000000019E1B|49
22.9606299213|3|24.813|6.860|000000019E20|49
33.0909090909|3|35.612|12.710|000000019E22|49
24.4918032787|3|32.993|144.529|000000019E28|49
40.5|6|33.484|50.069|00000001B2CD|49
30.375|2|31.186|0.657|00000001B2EC|49
19.0318471338|6|26.635|63.630|00000001C8FE|49
10.1288135593|2|10.129|0.000|000000022B61|49
14.0366972477|3|15.056|2.078|000000029054|49
10.8476821192|2|10.848|0.000|00000002905E|49
15.6439790576|2|15.644|0.000|000000029062|49
18.3396226415|3|16.173|9.386|000000029069|49
12.2962962963|2|12.296|0.000|00000002906E|49
10.6993006993|3|11.227|0.557|000000029664|49
10.1632653061|3|12.203|8.317|000000029667|49
