33.1363636364|3|36.934|28.850|00000000E92F|49
22.6363636364|2|22.636|0.000|00000000E9B2|49
24.094488189|4|28.402|29.674|00000000E9B3|49
30.8041237113|2|30.804|0.000|00000000E9B6|49
29.2941176471|2|29.294|0.000|00000000E9B7|49
48.1935483871|2|48.194|0.000|00000000E9B8|49
30.9090909091|3|29.742|2.724|00000000E9BF|49
16.6927374302|2|16.693|0.000|00000000E9C1|49
20.0536912752|3|20.121|0.009|00000000E9C3|49
20.3265306122|4|26.404|48.787|00000000E9C8|49
13.5|1|13.500|0.000|00000000E9CB|49
23.5275590551|2|23.528|0.000|00000000E9D7|49
19.6153846154|3|24.547|48.636|00000000E9D8|49
20.5369127517|3|21.269|1.073|00000000E9DA|49
17.8922155689|2|17.892|0.000|00000000E9DD|49
20.8421052632|3|25.166|37.386|00000000E9E0|49
15.5625|1|15.562|0.000|00000000E9E1|49
19.8701298701|2|19.870|0.000|00000000E9E4|49
21.8102189781|3|27.039|54.677|00000000E9E5|49
15.1485148515|2|15.149|0.000|00000000E9E8|49
19.1538461538|2|19.154|0.000|00000000E9EA|49
15.5625|1|15.562|0.000|00000000E9EE|49
18.2142857143|2|18.214|0.000|00000000E9F1|49
18.675|1|18.675|0.000|00000000E9F3|49
22.8091603053|3|30.619|121.975|00000000E9F6|49
22.2985074627|2|22.299|0.000|00000000E9F9|49
13.7695852535|2|13.770|0.000|00000000E9FA|49
20.4657534247|2|20.466|0.000|00000000E9FB|49
17.7857142857|2|17.786|0.000|00000000E9FD|49
22.2857142857|2|22.286|0.000|00000000EA06|49
13.1052631579|4|23.789|143.230|00000001061B|49
18.3312883436|3|21.570|20.980|00000001061F|49
23.0704225352|3|22.044|2.107|000000010624|49
21.0422535211|2|21.042|0.000|000000010627|49
15.6976744186|4|23.842|67.430|00000001063C|49
20.75|2|29.386|74.572|000000010655|49
19.9726027397|3|23.932|31.354|000000010656|49
44.5970149254|6|37.341|46.106|0000000122F8|49
27.9252336449|3|31.890|31.443|0000000140C4|49
20.8662420382|5|23.392|7.009|000000014108|49
17.4130434783|2|17.413|0.000|0000000169C4|49
34.3448275862|8|33.272|78.701|0000000171E1|49
17.7857142857|4|19.643|26.421|00000001963A|49
34.7142857143|6|38.355|34.326|00000001963E|49
22.5|2|27.591|25.920|000000019640|49
22.3357664234|3|27.336|50.002|00000001964A|49
17.094972067|3|21.541|39.538|000000019665|49
20.3265306122|3|28.273|126.292|000000019669|49
18.0|2|30.228|149.514|00000001966E|49
22.1739130435|2|22.174|0.000|000000028E5A|49
12.8571428571|2|12.857|0.000|000000028E5B|49
17.191011236|5|16.652|7.728|00000002A607|49
13.399103139|3|13.704|0.186|00000002B17C|49
16.1104972376|3|16.718|0.739|00000002B180|49
