00000002A8CF,20.0440677966,1477874922
00000002845C,13.6716763006,1477874629
00000002AE21,15.2593548387,1477875182
00000000D2E8,40.2315789474,1477875228
00000002AAB3,13.6716763006,1477874642
000000016B35,28.0137931034,1477875253
000000016B38,32.85,1477875126
00000001997D,40.2315789474,1477875078
000000016B2A,32.85,1477874938
00000002AAC5,15.5605263158,1477875139
000000016B20,24.9260869565,1477874748
000000016B27,28.843902439,1477874870
00000002898E,11.6512315271,1477874710
000000016B13,31.9621621622,1477874586
00000001749D,31.9621621622,1477874607
000000016B08,36.9870967742,1477874414
00000001DA61,17.1134328358,1477874994
000000017489,27.3,1477874516
000000017480,41.4947368421,1477874437
000000016B09,29.002247191,1477874407
000000012732,31.85,1477875182
000000016B1E,34.2782608696,1477874698
