000000017341,34.3267605634,1477871689
000000016A7B,42.3147540984,1477871857
000000019737,30.7168831169,1477871657
00000001AC47,36.376119403,1477872066
00000000D0D9,33.2347826087,1477871502
00000002A8A6,16.6563380282,1477872018
00000002A8A4,14.9438848921,1477872154
00000000EABD,41.3084745763,1477871830
000000017364,29.7219512195,1477871984
00000002840F,19.2292682927,1477871948
00000000D0F9,33.2347826087,1477872106
000000016A88,36.376119403,1477872219
000000010702,28.843902439,1477871693
00000001D8C6,34.2782608696,1477871867
00000002AA46,17.2421052632,1477871800
00000001730A,48.7914893617,1477871917
