32.9351351351|6|31.601|42.443|00000000FBC0|42
13.1793103448|9|24.680|96.920|00000000FC11|42
36.95625|3|30.969|71.692|00000000FC83|42
34.2268656716|11|31.058|110.495|000000016E3B|42
42.7578947368|6|34.191|74.235|000000016E44|42
29.7219512195|3|35.195|59.911|000000016E67|42
29.0142857143|4|29.685|76.185|000000016E6F|42
25.7086956522|3|31.040|56.851|000000016E74|42
36.4421052632|5|30.882|119.117|000000016E78|42
19.1905511811|3|26.431|104.854|000000016E7A|42
40.2315789474|4|36.584|69.003|000000016E85|42
32.85|2|40.526|58.926|000000016E8F|42
32.85|4|33.030|165.256|000000017DAC|42
39.6|4|31.489|165.347|000000017DBC|42
35.3014925373|6|30.500|65.768|000000018F68|42
20.2153846154|6|29.484|144.719|000000018FB4|42
31.9621621622|6|31.060|80.514|000000018FC6|42
32.85|13|29.749|157.370|00000001CF17|42
16.4675675676|7|15.279|4.936|000000028C44|42
13.5154285714|3|13.556|0.003|00000002B01A|42
12.1978723404|5|13.005|0.948|00000002B033|42
