34.2782608696|8|38.158|162.907|00000000DF5D|42
40.0881355932|5|33.360|47.213|0000000116F6|42
20.8307692308|5|25.006|92.466|000000016E01|42
31.9621621622|3|34.640|14.341|000000016E0E|42
35.3014925373|3|39.914|42.542|000000016E13|42
31.9621621622|4|32.949|65.127|000000017C98|42
41.4947368421|6|37.702|175.874|000000017CA1|42
41.4947368421|6|32.926|176.980|000000017CC0|42
24.3835051546|5|28.978|125.661|000000017CCB|42
31.9621621622|4|28.329|25.527|000000018E2C|42
25.7662921348|6|25.716|61.219|000000018E37|42
25.9912087912|6|30.450|96.816|000000018E75|42
34.2782608696|7|31.770|55.256|00000001A237|42
33.5032258065|5|31.205|60.029|00000001A269|42
10.0220338983|2|10.022|0.000|0000000286CB|42
11.2965517241|2|11.297|0.000|00000002A95B|42
