43.8|6|41.859|28.688|00000000DCA7|42
28.843902439|5|38.449|99.747|00000000DCD3|42
26.3586206897|3|28.100|6.066|00000001149D|42
30.7168831169|5|30.924|5.404|000000016D40|42
36.95625|3|38.269|3.446|000000016D44|42
31.0029850746|3|34.889|30.208|000000016D45|42
18.9737704918|3|28.615|185.908|000000016D4D|42
42.7578947368|3|37.878|47.627|000000016D4E|42
25.7086956522|8|31.381|73.456|00000001A051|42
14.9882352941|5|15.434|5.040|000000028B9F|42
16.6173913043|6|16.766|5.602|0000000296F2|42
17.2642335766|4|15.596|3.016|00000002ABDF|42
