40.2315789474|5|29.357|138.947|00000000D2E8|42
31.85|2|31.850|0.000|000000012732|42
24.9260869565|3|34.548|185.156|000000016B20|42
28.843902439|5|29.318|137.320|000000016B27|42
32.85|2|32.287|0.317|000000016B2A|42
28.0137931034|3|23.986|32.451|000000016B35|42
32.85|2|38.093|27.493|000000016B38|42
32.9351351351|3|29.150|28.658|000000016B46|42
31.4780487805|4|31.370|65.001|000000016B47|42
35.83125|4|37.073|89.131|0000000174FD|42
38.1483870968|5|33.644|82.860|000000017508|42
50.3234042553|9|35.486|205.139|0000000185C7|42
40.0881355932|6|35.322|91.161|00000001865A|42
40.2315789474|9|33.558|100.338|00000001997D|42
11.6512315271|2|11.651|0.000|00000002898E|42
20.0440677966|3|17.813|9.955|00000002A8CF|42
15.5605263158|4|17.634|6.698|00000002AAC5|42
15.2593548387|5|15.941|1.128|00000002AE21|42
