00000001E3E5,38.4865979381,1477903219
00000002C0E1,13.3048951049,1477903345
00000002C0E8,16.0223175966,1477903800
00000001E3FC,33.5889908257,1477903637
00000001F527,47.2556962025,1477903288
00000001E415,38.4865979381,1477903940
00000001E414,47.5480519481,1477903915
00000001E417,48.4831168831,1477903966
00000001E416,45.1820224719,1477903960
00000001E402,41.9460674157,1477903715
00000002C42F,14.1946768061,1477903711
00000002C42C,11.9271565495,1477903405
00000001E41B,40.5782608696,1477904016
00000001E3F3,49.4181818182,1477903523
00000001E3F2,44.4428571429,1477903512
00000001E3F1,40.5782608696,1477903512
00000001F513,43.2409090909,1477903441
00000001E419,44.4428571429,1477903998
00000001F535,51.85,1477903489
00000001E408,41.9460674157,1477903789
00000001E409,40.4275862069,1477903801
00000001E3EF,37.7090909091,1477903437
00000001E400,51.4216216216,1477903663
00000001E3EE,51.85,1477903422
00000001E406,51.2883116883,1477903758
00000001E404,45.5268292683,1477903753
00000001E3EA,38.4865979381,1477903353
