00000001D8CA,21.2860465116,1477870533
00000001D8CB,22.3714285714,1477870528
00000001D8CC,21.9953757225,1477870551
00000001D8CD,13.2854092527,1477870612
00000001D8CE,22.7634146341,1477870559
00000001D898,21.9233532934,1477870096
00000001D899,22.7333333333,1477870155
00000001D880,19.2432989691,1477869943
00000001EF78,22.6,1477870387
00000001EF6D,21.2860465116,1477870259
00000001EF6E,20.2891304348,1477870223
00000001D8AD,21.7046511628,1477870319
00000001D8AE,21.2860465116,1477870336
00000002BE97,11.7808049536,1477870149
00000001D884,21.2581005587,1477869967
00000002BE8F,18.7448275862,1477870275
00000001D879,23.3197452229,1477869904
00000001D871,23.0444444444,1477869968
00000001D8D5,16.8251046025,1477870654
00000001EF91,24.2369426752,1477870710
00000001D8B0,25.425,1477870325
00000001D88E,23.4888888889,1477870027
00000001D88D,24.906122449,1477870015
00000001D8D3,14.3034482759,1477870628
00000001D8B7,23.4367346939,1477870374
00000001D8D8,21.0073170732,1477870640
00000001D88C,23.0444444444,1477870012
00000001D8BB,23.9320754717,1477870391
00000001D8DF,23.2024390244,1477870715
00000001D8DA,22.0815286624,1477870669
00000001D8C6,22.6965517241,1477870513
00000001D8DC,18.759798995,1477870697
00000001D8BD,23.0444444444,1477870521
00000001D888,14.64,1477870020
00000001EF3C,22.120754717,1477869924
00000001D88A,24.5605263158,1477869997
00000001D890,22.5159763314,1477870050
00000001D8B1,22.0899408284,1477870343
00000001EF5A,21.7046511628,1477870064
00000001D87D,12.5770700637,1477869994
00000002C2EF,14.1409090909,1477869908
00000001D869,18.8376237624,1477869924
00000001D8A9,26.2901408451,1477870251
00000002BE9B,12.7125,1477870262
00000001D8A7,23.479245283,1477870238
00000001D865,23.4888888889,1477869966
00000001D8A5,20.5120879121,1477870246
00000002BE9F,19.3430051813,1477870325
00000002BE9D,20.4580645161,1477870262
00000001D8A6,24.906122449,1477870233
00000001D8C2,18.666,1477870502
00000001EF86,18.3901477833,1477870608
00000001EF87,22.354491018,1477870599
