00000001E11C,45.3,1477893068
00000001F3AC,38.9489361702,1477892809
00000001F3AD,36.6,1477892828
00000001F3B6,40.4275862069,1477893252
00000002C3DF,11.8139240506,1477892759
00000002C045,13.9298507463,1477892747
00000002C044,13.7869565217,1477892726
00000001E129,45.2,1477893133
00000002C041,10.8,1477892581
00000001E0FF,14.4711462451,1477892719
00000001E121,48.1670886076,1477893091
00000001E0FA,49.4181818182,1477892549
00000001E123,54.1043478261,1477893092
00000001E106,31.3714285714,1477892787
00000001E103,46.4048780488,1477892738
00000001E100,44.4428571429,1477892640
00000001E108,39.7956521739,1477892781
00000001E10E,41.9460674157,1477892856
00000001E10D,36.2495049505,1477892852
00000001E0F8,50.4486486486,1477892501
00000001E12A,47.5480519481,1477893165
00000001E0F3,38.4865979381,1477892486
00000001E0EC,10.035483871,1477892493
00000001E131,39.2288659794,1477893238
00000001E111,35.8941176471,1477892875
00000001E134,47.2556962025,1477893253
