00000001E7E3,24.5605263158,1477910723
00000001E7E1,20.6804347826,1477910734
00000001E7E6,22.5159763314,1477910750
00000001E7E7,18.0347826087,1477910776
00000002C1A4,23.3447852761,1477911013
00000001E7E8,18.8721649485,1477910779
00000002C1A0,10.9344827586,1477910957
00000001E811,19.06875,1477911093
00000001F73E,22.0899408284,1477910743
00000001F73F,14.1946768061,1477910817
00000001F72F,20.6847457627,1477910550
00000002C1A1,15.0532258065,1477910980
00000001E81C,24.5195121951,1477911169
00000001E81B,25.2905660377,1477911166
00000001F734,26.425,1477910604
00000001F736,21.8689655172,1477910611
00000001E7EB,23.479245283,1477910774
00000001E7CA,25.5698630137,1477910596
00000001F75E,21.2581005587,1477911031
00000001E7D7,21.2581005587,1477910700
00000001E7D6,20.5120879121,1477910698
00000001E7D3,20.6847457627,1477910676
00000001E7DF,24.5605263158,1477910714
00000001E7DA,23.479245283,1477910703
00000001E7DC,19.3430051813,1477910729
00000001E7DB,15.426446281,1477910906
00000001F74E,23.0444444444,1477910918
00000001F759,20.6847457627,1477911008
00000001E7C8,23.778343949,1477910598
00000001E7C0,23.479245283,1477910508
00000001E7C1,24.2415584416,1477910506
00000001E7C2,23.4888888889,1477910555
00000001E7C4,23.9320754717,1477910556
00000001E7C5,21.7046511628,1477910574
00000001E7C7,19.5786096257,1477910613
00000002C47F,16.6894736842,1477910791
00000001F67A,24.5605263158,1477910518
00000001F766,23.778343949,1477911158
00000001E82B,23.778343949,1477911208
00000001E82F,23.9307692308,1477911220
00000001E7B0,22.6657894737,1477910413
00000001E7B6,14.0345864662,1477910513
00000001E7B5,13.725,1477911056
00000001E7B4,22.4386363636,1477910465
00000001E7BE,23.2024390244,1477910491
00000001E829,25.3959183673,1477911201
00000001E820,21.2666666667,1477911181
00000001E821,26.2901408451,1477911174
00000001E823,19.5786096257,1477911200
00000001E824,22.9030674847,1477911182
00000001E827,21.4551724138,1477911211
00000001E73B,13.5105882353,1477910733
00000001E80D,14.1457249071,1477911076
00000001E80E,20.8022727273,1477911036
00000001E80B,23.774025974,1477911003
00000001E80C,25.7830985915,1477911008
00000001E7FB,19.3157360406,1477910909
00000001E7FA,25.2905660377,1477910875
00000001E7F7,15.426446281,1477910893
00000001E7F4,27.8112676056,1477910824
00000001E7F3,19.9636363636,1477910842
00000001E7F1,24.5718120805,1477910821
00000001E7F0,22.7634146341,1477910824
00000001E806,10.3402173913,1477911071
00000001E803,19.5455497382,1477910951
00000001E800,22.354491018,1477910922
00000002C199,16.3736842105,1477910709
00000001F718,21.2113636364,1477911130
