00000001E13A,48.4831168831,1477893393
00000001F3C5,51.85,1477893984
00000001E15F,40.5782608696,1477893946
00000001E162,39.5191011236,1477893971
00000001F3D9,45.5268292683,1477894130
00000001E143,45.5268292683,1477893607
00000001F3D7,49.4181818182,1477894135
00000001F3D3,46.7581395349,1477894096
00000001E142,48.4831168831,1477893567
00000001E137,55.7194029851,1477893306
00000002C04F,13.6747252747,1477893542
00000001E14B,34.5396226415,1477893670
00000001E14A,42.9103448276,1477893646
00000001E168,45.3,1477894145
00000002C054,14.4697674419,1477893833
00000002C055,11.5132075472,1477893879
00000001F3CF,41.0241758242,1477894036
00000002C052,19.2432989691,1477893702
00000001F3BF,22.34,1477893522
00000001E152,42.9260869565,1477893836
00000001F3BA,33.3321428571,1477893378
00000001F3D4,36.5884615385,1477894096
00000001E130,42.0827586207,1477893336
00000001F3D5,37.7090909091,1477894089
