00000001E65B,11.4771159875,1477908150
00000001E660,21.9233532934,1477908139
000000025B90,12.4108474576,1477908701
00000001E654,25.055033557,1477908010
00000001E652,21.2113636364,1477908017
00000001E651,20.9076923077,1477908002
00000002C45A,10.4279329609,1477908235
00000001F692,24.5605263158,1477908625
00000001F693,23.479245283,1477908648
00000001E6AA,22.123255814,1477908689
00000001E6AD,25.055033557,1477908698
00000001E683,23.3447852761,1477908359
00000001E67E,22.354491018,1477908331
00000001E67A,23.9320754717,1477908311
00000001E68B,22.7856287425,1477908442
00000001E661,21.9439490446,1477908134
00000001E666,24.5605263158,1477908170
00000001E668,22.4891566265,1477908175
00000001E66A,19.6838709677,1477908209
00000001E684,21.0413793103,1477908380
00000001E687,19.2432989691,1477908436
00000001F689,21.0413793103,1477908474
00000001E675,16.9690909091,1477908309
00000001E674,19.7160621762,1477908429
00000001E6A8,19.5455497382,1477908680
00000001E6A2,23.4888888889,1477908610
00000001E6A0,16.4918918919,1477908639
00000001E6A7,22.4613496933,1477908666
00000001E6A4,21.6639053254,1477908645
00000001E691,19.897826087,1477908522
00000001E690,26.2901408451,1477908482
00000001E697,26.7971830986,1477908527
00000001E694,22.354491018,1477908523
00000001F67A,21.7046511628,1477908373
00000001F67D,22.6,1477908351
00000001E6AC,20.5120879121,1477908703
00000001E6B4,21.8689655172,1477908739
00000001E6B1,24.906122449,1477908714
00000001E6B9,22.6,1477908762
00000001E6BE,20.5120879121,1477908786
00000001E6BC,20.3486631016,1477908784
00000002C474,17.06367713,1477908396
00000001F677,21.7046511628,1477908302
00000001E69B,19.5455497382,1477908563
00000001E69A,23.0444444444,1477908547
00000002C15C,13.4287769784,1477908482
00000002C15D,15.4904564315,1477908640
00000001F663,15.4056680162,1477908009
00000001F666,21.6639053254,1477908019
00000001F665,26.7971830986,1477908007
00000002C153,14.9811023622,1477908217
00000002C154,10.0666666667,1477908292
00000002C156,13.6747252747,1477908360
00000002C159,17.5267605634,1477908379
00000002C14F,20.4,1477908072
