00000001E033,38.7101123596,1477889318
00000002C008,11.7808049536,1477888500
00000002C3C7,21.3775280899,1477888900
00000001E027,45.3,1477889125
00000001E02B,34.9100917431,1477889184
00000001E008,32.7473684211,1477888628
00000001F357,44.6487804878,1477888679
00000001E004,45.3,1477888516
00000001E005,48.4831168831,1477888527
00000001E002,15.620083682,1477888569
00000001E001,33.975,1477888503
00000001E020,47.2556962025,1477888975
00000001E022,16.0913793103,1477889100
00000001E023,43.4093023256,1477889031
00000001E00D,31.2923076923,1477888702
00000001E00B,55.7194029851,1477888630
00000001F35B,48.1670886076,1477888879
00000001F35A,27.775,1477888801
00000002C012,17.4985074627,1477889214
00000001F33B,58.33125,1477888804
00000001E011,39.7956521739,1477888787
00000001E015,35.5626168224,1477888833
00000001E014,38.6505494505,1477888805
