43.5857142857|10|34.078|134.662|00000001D78C|67
47.5297297297|3|47.074|0.416|00000001D78F|67
43.6101265823|3|37.513|74.361|00000001D792|67
39.2288659794|2|39.229|0.000|00000001D793|67
36.6|3|33.961|108.024|00000001D794|67
46.4048780488|2|46.405|0.000|00000001D799|67
41.9460674157|3|41.282|0.882|00000001D7A2|67
44.3730337079|2|44.373|0.000|00000001D7A4|67
37.9358490566|4|39.788|15.730|00000001D7AA|67
33.3321428571|2|33.332|0.000|00000001D7AB|67
50.4486486486|2|50.449|0.000|00000001D7B4|67
39.7956521739|2|39.796|0.000|00000001D7BA|67
36.8917431193|4|33.994|10.934|00000001EED1|67
38.4865979381|3|38.858|0.275|00000001EEDA|67
48.4831168831|3|45.833|14.044|00000001EEDB|67
10.3132394366|2|10.313|0.000|00000002BE63|67
18.3|1|18.300|0.000|00000002BE68|67
11.5224080268|4|15.831|32.694|00000002C2E4|67
10.5815028902|3|12.424|6.788|00000002C2EA|67
