48.4831168831|3|47.377|2.449|00000001DFE8|67
44.7428571429|3|42.135|13.602|00000001DFED|67
48.7846153846|2|48.785|0.000|00000001DFF3|67
50.85|2|40.038|116.896|00000001DFFB|67
47.8714285714|2|47.871|0.000|00000001DFFC|67
33.975|2|32.832|1.306|00000001E001|67
15.620083682|4|26.598|121.384|00000001E002|67
43.7379310345|3|45.167|4.084|00000001E003|67
45.3|4|43.784|5.627|00000001E004|67
48.4831168831|3|43.105|57.839|00000001E005|67
46.4048780488|3|44.801|5.146|00000001E007|67
32.7473684211|3|35.559|15.809|00000001E008|67
55.7194029851|2|55.719|0.000|00000001E00B|67
31.2923076923|2|31.292|0.000|00000001E00D|67
46.3443037975|8|36.311|56.565|00000001F340|67
44.6487804878|3|44.258|0.305|00000001F357|67
16.7408071749|2|16.741|0.000|00000002C004|67
14.7557312253|3|14.572|0.067|00000002C005|67
11.5578947368|3|13.323|6.232|00000002C006|67
11.7808049536|3|16.021|35.951|00000002C008|67
