25.8857142857|7|24.329|17.733|00000001D856|67
21.2113636364|3|20.674|0.577|00000001D8B5|67
23.0444444444|2|23.044|0.000|00000001D8BD|67
18.666|2|18.257|0.167|00000001D8C2|67
22.6965517241|9|22.585|58.444|00000001D8C6|67
21.2860465116|3|20.867|0.352|00000001D8CA|67
22.3714285714|3|28.704|80.197|00000001D8CB|67
21.9953757225|2|21.995|0.000|00000001D8CC|67
13.2854092527|3|15.694|11.604|00000001D8CD|67
14.3034482759|3|19.228|48.501|00000001D8D3|67
16.8251046025|4|22.375|31.155|00000001D8D5|67
24.5718120805|4|22.279|29.485|00000001D8D6|67
21.0073170732|5|24.289|131.639|00000001D8D8|67
22.0815286624|3|28.538|83.364|00000001D8DA|67
18.759798995|3|27.456|151.237|00000001D8DC|67
23.2024390244|2|23.202|0.000|00000001D8DF|67
22.2214285714|2|22.221|0.000|00000001D8E3|67
15.8186440678|3|17.043|2.997|00000001D8E5|67
22.3342105263|4|19.093|10.570|00000001D8E6|67
20.3486631016|3|20.273|0.011|00000001D8E7|67
23.0444444444|3|22.102|1.775|00000001D8EB|67
25.0342105263|3|23.980|2.223|00000001D8EE|67
23.4888888889|3|22.654|1.395|00000001D8EF|67
24.5605263158|2|24.561|0.000|00000001D8F3|67
23.479245283|3|21.815|5.541|00000001D8FA|67
23.479245283|3|21.218|10.223|00000001D8FB|67
21.0915254237|3|20.201|1.587|00000001D8FE|67
20.3486631016|2|20.349|0.000|00000001D8FF|67
24.5605263158|3|23.757|1.291|00000001D901|67
20.5120879121|4|24.243|33.653|00000001D902|67
24.7090909091|2|24.709|0.000|00000001D903|67
24.5605263158|3|32.707|132.731|00000001D908|67
12.5383561644|3|16.020|24.238|00000001D909|67
22.354491018|2|22.354|0.000|00000001D90A|67
23.6347826087|4|32.452|181.103|00000001D90B|67
21.8187845304|2|21.819|0.000|00000001D90C|67
22.354491018|2|22.354|0.000|00000001D90F|67
19.7523809524|2|19.752|0.000|00000001D912|67
19.0469387755|4|29.019|108.304|00000001D916|67
21.6679245283|3|21.283|0.296|00000001D919|67
24.2415584416|2|24.242|0.000|00000001D91D|67
23.4692307692|2|23.469|0.000|00000001D91E|67
12.8554054054|3|17.453|42.269|00000001D920|67
24.5605263158|2|24.561|0.000|00000001D923|67
18.4811881188|2|18.481|0.000|00000001D928|67
18.9296703297|2|18.930|0.000|00000001D92A|67
12.5275167785|10|21.915|46.040|00000001EF5A|67
18.3901477833|5|28.010|222.378|00000001EF86|67
22.354491018|3|27.703|57.213|00000001EF87|67
19.7523809524|3|25.941|76.601|00000001EF90|67
24.2369426752|3|32.192|126.566|00000001EF91|67
20.6847457627|4|24.823|50.231|00000001EF92|67
26.1116883117|6|25.359|42.348|00000001EF95|67
13.1915194346|4|22.274|114.909|00000001EF9A|67
25.925|2|28.823|8.401|00000001EFA8|67
14.0345864662|5|20.089|53.254|00000001EFAA|67
20.4488372093|3|28.125|117.843|00000001EFCD|67
24.2369426752|3|25.633|3.900|00000001EFD0|67
22.3243902439|3|25.772|23.779|00000001EFD1|67
11.2306748466|2|11.231|0.000|00000002BEA5|67
12.9625|2|12.842|0.015|00000002BEA8|67
14.5828125|2|14.583|0.000|00000002BEAB|67
14.3034482759|2|14.303|0.000|00000002BEAC|67
