21.7046511628|3|21.957|0.127|00000001E48D|67
15.7239669421|3|20.330|42.440|00000001E492|67
23.778343949|5|21.047|16.951|00000001E495|67
24.5605263158|3|22.066|12.444|00000001E496|67
11.887012987|5|20.629|58.699|00000001E499|67
23.0444444444|7|24.836|55.530|00000001E49D|67
24.906122449|6|21.744|5.839|00000001E49E|67
18.9502538071|4|22.625|49.247|00000001E4A1|67
22.123255814|2|22.123|0.000|00000001E4A4|67
22.4891566265|3|25.173|14.401|00000001E4A5|67
20.9730337079|3|20.779|0.076|00000001E4A6|67
21.8315789474|3|22.718|1.571|00000001E4A9|67
24.0868421053|3|21.893|9.626|00000001E4AA|67
21.0915254237|2|21.092|0.000|00000001E4AB|67
24.5605263158|5|21.404|6.838|00000001E4AD|67
24.2415584416|3|27.616|22.768|00000001E4AE|67
12.8288659794|4|17.663|34.799|00000001E4B0|67
20.3486631016|2|20.349|0.000|00000001E4B1|67
23.778343949|2|23.778|0.000|00000001E4B3|67
24.0868421053|2|24.087|0.000|00000001E4B6|67
20.8558659218|4|24.023|45.253|00000001E4B7|67
26.7971830986|4|22.393|33.806|00000001E4BA|67
24.2369426752|4|29.286|50.054|00000001E4BF|67
12.9176470588|5|21.255|81.666|00000001E4C6|67
19.5786096257|4|20.063|0.357|00000001E4C8|67
25.3959183673|2|25.396|0.000|00000001E4D3|67
17.7145374449|3|20.902|20.326|00000001E4D6|67
22.2214285714|5|22.321|80.798|00000001E4DC|67
21.2860465116|2|21.286|0.000|00000001E4DD|67
24.2369426752|2|24.237|0.000|00000001E4E0|67
23.9320754717|2|23.932|0.000|00000001E4E4|67
21.4551724138|3|21.311|0.042|00000001E4ED|67
12.6979591837|3|17.558|47.242|00000001E4EE|67
25.2|3|24.268|1.736|00000001E4F0|67
23.0444444444|2|23.044|0.000|00000001E4F2|67
23.9307692308|3|27.873|31.079|00000001E4F7|67
21.2113636364|2|21.211|0.000|00000001E4F9|67
25.3959183673|2|25.396|0.000|00000001E4FB|67
24.5605263158|2|24.561|0.000|00000001E4FD|67
22.354491018|2|22.354|0.000|00000001E4FE|67
14.8829268293|3|21.279|81.822|00000001E502|67
22.7634146341|2|22.763|0.000|00000001E508|67
20.5685393258|2|20.569|0.000|00000001E50A|67
21.7046511628|2|21.705|0.000|00000001E50C|67
22.354491018|2|22.354|0.000|00000001E50E|67
22.354491018|2|22.354|0.000|00000001E50F|67
24.5605263158|2|24.561|0.000|00000001E513|67
23.0444444444|8|30.512|149.016|00000001F55A|67
24.0923076923|5|26.092|9.731|00000001F583|67
23.479245283|5|27.252|102.979|00000001F585|67
15.8432432432|5|26.382|160.341|00000001F587|67
15.620083682|3|19.322|27.415|00000001F599|67
18.9502538071|4|20.638|5.375|00000001F59C|67
22.354491018|3|24.378|8.192|00000001F59F|67
20.2891304348|3|26.326|72.890|00000001F5AE|67
21.2860465116|3|25.591|37.060|00000001F5B8|67
22.7634146341|5|25.922|83.651|00000001F5B9|67
20.5120879121|3|28.075|114.387|00000001F5BD|67
19.2181818182|3|25.166|70.758|00000001F5BE|67
21.4551724138|3|24.530|18.903|00000001F5C0|67
10.2279452055|2|10.228|0.000|000000025E90|67
10.8523255814|2|10.852|0.000|00000002C0F9|67
21.6193548387|2|21.619|0.000|00000002C0FD|67
18.8545454545|3|17.289|4.904|00000002C0FF|67
11.6971246006|7|14.318|9.400|00000002C433|67
