24.2369426752|2|24.237|0.000|00000001DC4D|67
23.479245283|2|23.479|0.000|00000001DC53|67
23.3325|4|21.969|2.103|00000001DC54|67
24.5605263158|5|25.493|23.675|00000001DC57|67
23.9320754717|7|22.393|35.861|00000001DC58|67
14.1946768061|4|18.494|26.222|00000001DC5A|67
22.4891566265|4|23.040|0.332|00000001DC5D|67
22.7856287425|2|22.786|0.000|00000001DC62|67
20.6804347826|4|25.628|60.268|00000001DC65|67
23.778343949|3|32.630|156.704|00000001DC69|67
20.1333333333|3|21.308|2.759|00000001DC6A|67
18.3|1|18.300|0.000|00000001DC6B|67
19.9636363636|2|19.964|0.000|00000001DC6F|67
25.0342105263|2|25.034|0.000|00000001DC73|67
21.6639053254|3|22.220|0.618|00000001DC74|67
21.4551724138|3|21.459|0.000|00000001DC75|67
25.2905660377|4|22.237|9.482|00000001DC77|67
21.2761904762|5|21.768|1.916|00000001DC78|67
25.6127388535|3|23.459|9.277|00000001DC7A|67
24.5605263158|5|24.115|67.575|00000001DC7B|67
22.2214285714|3|19.872|11.037|00000001DC7E|67
23.9320754717|4|24.827|40.448|00000001DC81|67
24.5605263158|2|24.561|0.000|00000001DC83|67
26.1116883117|3|24.664|4.192|00000001DC86|67
18.0347826087|2|18.035|0.000|00000001DC89|67
25.8857142857|5|29.164|20.833|00000001DC8A|67
22.5159763314|2|22.516|0.000|00000001DC8F|67
23.2024390244|3|21.755|4.191|00000001DC92|67
25.6729927007|2|25.673|0.000|00000001DC93|67
22.354491018|2|22.354|0.000|00000001DC94|67
23.778343949|2|23.778|0.000|00000001DC95|67
21.5037433155|3|33.612|293.240|00000001DC98|67
25.6441558442|3|23.648|7.967|00000001DC99|67
14.4138996139|3|19.143|44.721|00000001DC9A|67
24.906122449|3|30.333|58.900|00000001DC9C|67
21.7046511628|3|22.411|0.997|00000001DCA0|67
24.0868421053|2|24.087|0.000|00000001DCA6|67
14.5260700389|3|18.777|36.138|00000001DCA8|67
22.9228915663|2|22.923|0.000|00000001DCB1|67
24.0868421053|2|24.087|0.000|00000001DCB4|67
26.2901408451|5|25.984|69.459|00000001F182|67
24.425|2|41.791|301.574|00000001F187|67
23.4888888889|3|27.620|34.131|00000001F188|67
22.3714285714|3|28.425|73.301|00000001F1A6|67
11.0449704142|3|13.198|9.275|00000002BF36|67
11.5132075472|4|13.955|15.113|00000002BF3B|67
13.6877697842|4|14.468|0.787|00000002BF3C|67
27.45|3|24.483|17.612|00000002BF3D|67
10.120212766|3|12.541|11.719|00000002BF3F|67
13.5416370107|3|15.283|6.065|00000002BF40|67
13.6248175182|3|15.475|6.843|00000002BF43|67
27.9480916031|2|27.948|0.000|00000002BF44|67
17.1887323944|2|17.189|0.000|00000002BF49|67
16.7944954128|2|16.794|0.000|00000002C369|67
15.6592592593|4|16.445|0.776|00000002C36E|67
