14.4711462451|3|26.147|272.671|00000001E0FF|67
46.4048780488|5|36.155|90.897|00000001E103|67
31.3714285714|2|31.371|0.000|00000001E106|67
39.7956521739|3|36.789|18.082|00000001E108|67
36.2495049505|2|36.250|0.000|00000001E10D|67
41.9460674157|3|43.188|3.083|00000001E10E|67
35.8941176471|7|34.901|81.926|00000001E111|67
45.3|2|45.300|0.000|00000001E11C|67
48.1670886076|2|48.167|0.000|00000001E121|67
54.1043478261|4|39.135|261.429|00000001E123|67
13.4287769784|3|21.203|120.862|00000001E124|67
47.5480519481|7|38.766|118.695|00000001E12A|67
42.0827586207|3|37.928|34.520|00000001E130|67
39.2288659794|2|39.229|0.000|00000001E131|67
47.2556962025|2|47.256|0.000|00000001E134|67
13.5416370107|3|23.641|203.981|00000001E136|67
55.7194029851|2|55.719|0.000|00000001E137|67
48.4831168831|3|46.186|10.550|00000001E13A|67
38.9489361702|4|41.693|35.412|00000001F3AC|67
36.6|3|39.279|5.037|00000001F3AD|67
33.3321428571|5|27.595|80.202|00000001F3BA|67
13.7869565217|2|13.787|0.000|00000002C044|67
13.9298507463|2|13.930|0.000|00000002C045|67
11.8139240506|5|13.050|1.624|00000002C3DF|67
