37.9730769231|3|34.784|20.345|00000001DF69|67
19.3157360406|3|32.051|324.377|00000001DF6B|67
54.95625|3|47.053|124.926|00000001DF6D|67
43.5857142857|2|43.586|0.000|00000001DF70|67
45.5268292683|6|34.339|105.576|00000001DF71|67
55.7194029851|5|45.735|76.293|00000001DF75|67
31.6073394495|2|31.607|0.000|00000001DF78|67
39.714893617|3|37.639|8.615|00000001DF7E|67
21.5791907514|3|26.613|50.676|00000001DF80|67
49.4181818182|2|49.418|0.000|00000001DF83|67
39.2288659794|5|39.276|24.393|00000001DF84|67
46.9777777778|4|44.439|132.425|00000001DF86|67
38.4865979381|3|41.024|12.876|00000001DF89|67
42.9103448276|2|42.910|0.000|00000001DF8C|67
38.4865979381|3|40.200|5.872|00000001DF8E|67
27.7363636364|6|39.487|87.495|00000001F2FF|67
33.3321428571|4|39.264|40.006|00000001F30F|67
19.3326923077|3|16.318|18.176|00000002BFEE|67
13.2125|2|15.564|5.530|00000002BFEF|67
14.0275862069|3|14.763|1.081|00000002BFF0|67
