38.9489361702|8|33.617|59.798|00000001E09D|67
41.0142857143|3|32.908|131.421|00000001E0B4|67
39.7956521739|2|39.796|0.000|00000001E0B7|67
46.3443037975|6|37.555|125.433|00000001E0BB|67
19.44375|4|28.854|144.782|00000001E0BF|67
47.2556962025|4|44.653|34.533|00000001E0C0|67
48.4831168831|3|39.478|162.190|00000001E0C7|67
41.1370786517|2|41.137|0.000|00000001E0CB|67
16.9690909091|7|31.540|176.106|00000001E0CE|67
15.4068965517|3|20.203|46.002|00000001E0D2|67
16.3021834061|3|26.342|201.588|00000001E0D6|67
47.2556962025|2|47.256|0.000|00000001E0E4|67
44.4428571429|2|44.443|0.000|00000001E0E7|67
41.0241758242|2|41.024|0.000|00000001E0EB|67
37.7443298969|5|34.278|10.469|00000001F3A1|67
50.4486486486|5|41.229|71.340|00000001F3A2|67
15.620083682|3|14.995|0.781|00000002C039|67
10.3412742382|2|10.341|0.000|00000002C03A|67
17.9480769231|2|17.948|0.000|00000002C03B|67
17.2180995475|5|18.255|13.470|00000002C3D8|67
