00000001849B,35.5714285714,1477871853
00000002ADE3,14.3626943005,1477871999
0000000124FA,37.3170731707,1477872089
00000002AA63,10.3772241993,1477871866
00000001735C,30.0618556701,1477872129
000000016A5B,28.7307692308,1477871565
000000016A5E,35.1724137931,1477871624
0000000197E4,35.5609756098,1477872045
0000000184C1,24.7626168224,1477872177
0000000184C3,22.3357664234,1477872106
000000017344,34.7142857143,1477871983
00000001736D,27.9252336449,1477872168
000000017360,30.0618556701,1477872014
000000018477,22.6363636364,1477871414
00000000EB7A,36.4285714286,1477871572
000000014292,36.4390243902,1477871479
000000017315,38.8051948052,1477871552
00000001849C,28.7307692308,1477871822
0000000184A1,33.375,1477871882
000000012482,33.2608695652,1477871596
00000001AB8F,19.6578947368,1477871724
0000000197AB,31.5463917526,1477871686
