000000012482,33.2608695652,1477871596
0000000141E9,36.4390243902,1477870933
00000002AA57,12.398340249,1477871397
0000000172BA,32.4782608696,1477871032
0000000196B2,38.7341772152,1477870914
000000016A5B,28.7307692308,1477871565
00000002ADD2,19.3112582781,1477870939
00000002ADD6,13.7064220183,1477871233
00000000EB06,33.5730337079,1477871272
000000018477,22.6363636364,1477871414
000000018470,31.6956521739,1477871312
000000018472,44.5970149254,1477871372
000000014292,36.4390243902,1477871479
000000017315,38.8051948052,1477871552
000000018465,30.8041237113,1477871256
000000016A5E,35.1724137931,1477871624
00000001730F,36.0,1477871368
000000018452,31.7872340426,1477871139
00000001846B,44.5970149254,1477871307
0000000172FB,17.8922155689,1477871149
000000018448,20.0536912752,1477871040
0000000172E3,31.125,1477870821
