0000000174F0,37.8701298701,1477875377
0000000174DA,42.2649350649,1477876053
000000016B50,33.5730337079,1477875796
0000000125EF,34.3820224719,1477875500
0000000199A3,20.5352112676,1477875327
00000001AE29,45.671641791,1477875717
000000010A31,23.1627906977,1477875825
000000018660,27.2727272727,1477875468
000000016B49,10.1288135593,1477875995
000000017511,31.0212765957,1477875648
000000017519,32.4782608696,1477875666
00000001C411,33.2608695652,1477875863
00000001869F,44.5970149254,1477875994
000000028EF2,23.007518797,1477875325
0000000199C2,41.5,1477875799
0000000199C3,33.5730337079,1477875520
0000000199C1,32.5531914894,1477875434
0000000186B2,36.4390243902,1477876102
00000001868C,30.8041237113,1477875824
00000002A8CF,13.4210526316,1477875499
000000018677,28.7307692308,1477875852
000000018623,30.1818181818,1477875475
0000000199EB,24.5042016807,1477875851
00000001868D,34.7142857143,1477875861
00000001865A,31.6956521739,1477875689
00000002B222,17.7804878049,1477876044
