000000018815,33.2608695652,1477879337
00000001C53A,26.6785714286,1477879676
000000016BB7,30.8041237113,1477879371
000000028F9B,12.2962962963,1477879364
000000016BCB,26.2105263158,1477879757
00000002AB04,14.0281690141,1477879441
000000019BD7,30.8041237113,1477880041
000000017690,33.5505154639,1477879638
00000002AEA3,10.4475524476,1477879572
000000019BB3,38.8051948052,1477879418
000000010C84,24.694214876,1477879304
00000002AE96,16.7865168539,1477879407
000000018831,38.8051948052,1477879788
000000018839,34.7441860465,1477879910
00000002AADA,15.1685393258,1477879576
00000001883A,30.8041237113,1477879957
00000001B027,26.4424778761,1477879724
