000000018DA8,34.3448275862,1477906442
000000017BA1,36.8888888889,1477905946
000000018D7A,37.8701298701,1477905930
000000018D7C,31.7872340426,1477906007
000000018D74,37.3170731707,1477906034
000000018D65,39.4054054054,1477905704
000000017B9A,38.7341772152,1477905942
000000018DA1,15.1675126904,1477906331
000000018D5B,30.0618556701,1477905750
000000017B7C,28.5882352941,1477905673
000000016D8D,31.0212765957,1477906188
00000001B6C9,31.6956521739,1477905971
000000016D88,19.1538461538,1477905631
00000002AFBE,15.612244898,1477906384
00000000F8E3,21.7021276596,1477905696
00000002AF91,22.2595419847,1477905983
000000017BB8,48.8955223881,1477906234
00000002A947,17.3571428571,1477905712
000000017BC7,32.8351648352,1477906399
00000001B706,36.4390243902,1477906375
