000000019158,44.5970149254,1477914323
00000002ACBC,10.7096774194,1477914467
0000000191AF,39.7402597403,1477915143
00000000FF0A,34.7441860465,1477914379
00000001915F,32.9032258065,1477914378
000000019175,27.1764705882,1477914670
00000002B8BF,16.7865168539,1477914978
0000000138B0,26.8421052632,1477914864
000000019151,27.2523364486,1477914391
00000001D177,30.4897959184,1477914603
00000001A58B,33.5172413793,1477914331
00000002ACC2,10.099009901,1477914612
000000017F69,44.5970149254,1477914675
000000016F26,37.8227848101,1477914536
000000019192,35.5609756098,1477914844
00000002B098,14.7272727273,1477914667
000000016F29,28.1886792453,1477915046
000000017F78,37.8227848101,1477914874
00000001915A,13.3392857143,1477914440
00000001D165,22.6890756303,1477914397
00000002B09F,15.481865285,1477914922
