31.6956521739|3|29.830|6.958|00000001499B|50
41.5|1|41.500|0.000|000000016C26|50
24.9230769231|8|34.719|70.886|000000017734|50
38.8051948052|5|42.251|7.961|000000017760|50
30.0|3|34.882|13.828|000000017774|50
28.0733944954|11|34.001|79.374|0000000188D9|50
21.8102189781|4|27.863|193.008|0000000188E1|50
51.1875|4|32.394|133.387|000000018901|50
37.6551724138|3|37.715|0.007|000000018911|50
36.8888888889|3|37.360|0.443|000000018924|50
35.1724137931|4|31.482|19.218|000000018925|50
52.8387096774|5|37.895|247.517|000000019CA7|50
35.5609756098|10|29.346|103.564|00000001B0FE|50
32.7640449438|8|28.661|88.025|00000001B12C|50
30.8041237113|12|34.827|102.998|00000001B136|50
19.7027027027|3|20.602|1.617|000000029BED|50
19.3670886076|2|19.367|0.000|00000002AECC|50
10.2684563758|3|11.019|1.126|00000002AED0|50
