19.0318471338|3|19.284|0.127|00000000FCD5|50
22.0143884892|13|25.920|63.347|000000011813|50
17.0526315789|6|20.758|72.263|00000001190C|50
39.3157894737|5|29.903|69.960|00000001199A|50
21.7611940299|2|21.761|0.000|0000000119A9|50
19.4244604317|3|20.121|0.971|0000000136E2|50
31.7872340426|4|26.249|33.480|0000000154E7|50
19.0062111801|4|22.784|47.286|000000016E77|50
32.4782608696|6|30.504|105.596|000000016E8F|50
20.6068965517|2|20.607|0.000|000000016E9F|50
21.8102189781|6|31.703|137.885|000000017D56|50
19.7880794702|4|22.510|12.228|000000017DF0|50
30.1818181818|4|25.674|20.418|000000017DFC|50
23.7142857143|2|23.714|0.000|000000017E07|50
17.8922155689|6|20.467|30.715|000000018FDD|50
18.7924528302|3|17.037|6.160|000000018FF0|50
21.5492957746|3|20.589|1.843|000000018FFD|50
20.3265306122|3|20.045|0.158|000000019015|50
20.4657534247|3|19.780|0.941|000000019016|50
27.4128440367|4|22.647|22.721|000000019019|50
23.7142857143|5|21.281|10.663|00000001901A|50
23.5275590551|4|21.275|5.253|000000019033|50
32.4782608696|3|28.252|35.720|000000019035|50
46.6875|2|32.831|191.996|000000019041|50
30.8041237113|3|26.371|39.298|00000001904F|50
32.7640449438|3|28.383|38.381|000000019051|50
32.7640449438|3|29.028|27.909|000000019057|50
18.0|6|28.643|73.675|00000001A40D|50
19.0318471338|5|21.432|20.335|00000001A422|50
22.6363636364|4|23.892|17.620|00000001A44D|50
26.6785714286|4|26.229|7.544|00000001A45E|50
43.3043478261|4|38.156|138.594|00000001A46E|50
31.7872340426|5|31.131|146.514|00000001A478|50
34.3448275862|4|31.650|36.165|00000001A479|50
30.1818181818|4|28.970|74.943|00000001A489|50
22.5|6|26.623|83.279|00000001D002|50
17.8947368421|8|24.013|94.856|00000001E795|50
18.4337349398|4|18.759|0.435|00000002AC8E|50
17.2716763006|2|17.272|0.000|00000002B03C|50
12.9350649351|3|12.768|0.056|00000002B048|50
10.339100346|8|13.105|7.573|00000002C144|50
12.7894736842|9|16.918|13.242|00000002C18B|50
