39.3157894737|9|25.813|92.880|00000000FF54|50
24.3243243243|2|24.324|0.000|000000011C33|50
28.1886792453|4|32.017|14.802|000000016F29|50
30.8041237113|2|30.804|0.000|000000016F49|50
35.1724137931|11|31.099|124.867|00000001910E|50
39.7402597403|4|35.241|67.790|0000000191AF|50
36.4390243902|6|29.833|137.322|0000000191B7|50
34.7441860465|15|33.498|111.823|00000001A520|50
32.4782608696|9|29.925|60.337|00000001A5EB|50
25.7142857143|4|26.803|12.246|00000001A601|50
33.5172413793|4|28.658|40.734|00000001A602|50
29.4545454545|4|29.500|34.988|00000001A60C|50
25.7142857143|2|25.714|0.000|00000001A612|50
40.3783783784|5|32.678|111.842|00000001A625|50
36.4864864865|5|29.720|96.027|00000001BBB4|50
36.4390243902|14|29.817|52.795|00000001D1AA|50
34.8260869565|9|24.787|59.463|00000001E9B0|50
18.6585365854|4|16.549|6.704|00000002989F|50
13.2212389381|3|14.229|2.030|00000002ACD1|50
15.481865285|3|16.957|4.354|00000002B09F|50
13.7064220183|2|13.706|0.000|00000002B0A0|50
16.7865168539|7|16.746|15.804|00000002B8BF|50
17.9016393443|7|18.149|4.639|00000002BD5F|50
