23.1627906977|2|23.163|0.000|000000010A31|50
34.3820224719|11|29.236|80.728|0000000125EF|50
10.1288135593|3|15.482|57.304|000000016B49|50
33.5730337079|2|33.573|0.000|000000016B50|50
42.2649350649|9|38.853|99.339|0000000174DA|50
37.8701298701|2|37.870|0.000|0000000174F0|50
31.0212765957|5|26.759|32.700|000000017511|50
32.4782608696|5|31.865|45.970|000000017519|50
30.1818181818|5|25.962|55.505|000000018623|50
31.6956521739|8|32.170|80.654|00000001865A|50
27.2727272727|3|25.368|7.259|000000018660|50
28.7307692308|4|29.236|12.464|000000018677|50
30.8041237113|3|29.909|1.601|00000001868C|50
34.7142857143|3|30.787|30.842|00000001868D|50
44.5970149254|3|37.466|101.692|00000001869F|50
36.4390243902|3|35.434|2.020|0000000186B2|50
20.5352112676|4|21.296|18.398|0000000199A3|50
32.5531914894|4|29.029|23.664|0000000199C1|50
41.5|7|28.554|72.876|0000000199C2|50
33.5730337079|6|27.884|67.024|0000000199C3|50
24.5042016807|5|22.223|15.389|0000000199EB|50
45.671641791|7|36.824|126.450|00000001AE29|50
33.2608695652|6|33.335|50.338|00000001C411|50
23.007518797|4|18.418|21.457|000000028EF2|50
13.4210526316|4|15.059|8.283|00000002A8CF|50
17.7804878049|4|17.436|0.699|00000002B222|50
