17.7804878049|2|17.780|0.000|00000000FB09|50
20.9784172662|5|25.036|92.223|000000016E01|50
16.021978022|4|18.490|37.479|000000017CC6|50
17.3571428571|4|22.164|52.465|000000017CE4|50
17.4610778443|4|21.185|45.086|000000017CE5|50
19.6578947368|5|21.658|15.865|000000017CEC|50
17.4610778443|2|17.461|0.000|000000017CED|50
21.1914893617|4|25.306|32.362|000000017CEE|50
20.9784172662|5|23.332|45.297|000000017CF9|50
19.8367346939|3|19.682|0.048|000000017D08|50
21.9705882353|2|21.971|0.000|000000017D14|50
18.6585365854|4|21.578|23.452|000000018E4F|50
21.5492957746|4|20.972|0.404|000000018E9D|50
14.6470588235|3|17.037|11.419|000000018EBE|50
19.6578947368|4|22.845|20.171|000000018EC6|50
18.3233532934|3|18.641|0.202|000000018ECC|50
23.3868613139|4|23.764|10.995|000000018ECD|50
22.6363636364|3|22.541|0.018|000000018ED6|50
19.3112582781|3|19.039|0.149|000000018ED7|50
22.6363636364|3|22.735|0.020|000000018ED9|50
16.6666666667|5|20.314|17.426|00000001A2E3|50
15.1875|3|20.961|17.252|00000001A2FC|50
18.8888888889|4|22.149|26.359|00000001A303|50
23.1627906977|8|22.822|38.396|00000001F65A|50
12.5689655172|7|15.089|11.291|000000029797|50
14.9589041096|4|13.894|4.271|00000002AC3F|50
11.3445378151|2|11.345|0.000|00000002AC4A|50
13.6901408451|6|13.583|2.190|00000002AFE6|50
13.1052631579|6|14.071|3.802|00000002B3AD|50
