30.8041237113|6|33.500|118.113|000000016AE5|50
21.0422535211|2|21.042|0.000|000000017464|50
28.7234042553|2|28.723|0.000|00000001746D|50
31.7872340426|11|27.585|87.476|00000001746E|50
29.4545454545|4|26.828|49.176|000000017493|50
31.0212765957|4|29.158|22.082|000000017499|50
36.4390243902|6|30.658|56.759|0000000185BD|50
22.8091603053|4|20.743|4.474|0000000185CA|50
22.6363636364|4|22.204|12.107|0000000185D5|50
27.9252336449|3|23.104|46.479|0000000185F0|50
32.312195122|4|24.412|77.932|0000000185FC|50
26.5090909091|4|22.658|15.792|000000018604|50
27.9252336449|4|23.622|18.661|000000018606|50
35.1724137931|4|26.501|77.271|000000018616|50
30.1818181818|3|26.928|21.180|00000001862C|50
26.1538461538|4|21.699|20.066|000000018633|50
28.7307692308|3|24.557|34.845|00000001863E|50
25.2336448598|4|24.449|2.746|000000019957|50
34.7142857143|4|27.381|56.985|000000019990|50
36.4390243902|5|29.882|146.573|0000000199A0|50
31.0212765957|4|28.577|14.330|0000000199A7|50
31.6956521739|5|31.172|46.890|00000001ADEA|50
38.8051948052|6|31.069|123.149|00000001ADFD|50
30.0|10|31.931|114.064|00000001DA29|50
14.5074626866|2|14.507|0.000|00000002A8BE|50
14.7115384615|3|13.768|1.780|00000002A8C0|50
17.0526315789|4|16.097|13.353|00000002AE31|50
11.2330827068|2|11.233|0.000|00000002AE33|50
