37.3170731707|7|31.437|55.449|00000001151C|50
20.75|1|20.750|0.000|000000011520|50
35.5714285714|5|31.963|35.525|000000016D57|50
22.131147541|5|22.679|20.322|000000016D67|50
31.5463917526|3|30.025|4.627|000000016D78|50
36.4390243902|5|25.886|79.544|000000017B2C|50
43.0985915493|2|43.099|0.000|000000017B4A|50
24.7118644068|2|24.712|0.000|000000017B5C|50
32.4782608696|4|34.249|10.250|000000017B5D|50
33.6263736264|10|25.327|84.695|000000018CDD|50
40.3783783784|3|36.670|27.503|000000018D07|50
36.4390243902|3|35.350|2.373|000000018D15|50
32.4782608696|3|31.857|0.771|000000018D23|50
31.7872340426|5|27.587|68.190|00000001A0BD|50
34.7441860465|5|26.846|91.815|00000001A0C4|50
11.3023255814|2|11.302|0.000|00000002AFA0|50
14.0192307692|9|14.949|6.056|00000002B355|50
