15.3768844221|3|16.961|5.022|000000016DE6|50
21.0422535211|5|24.462|15.575|000000017C82|50
27.4128440367|5|27.550|26.406|000000018DE3|50
27.3214285714|9|27.752|64.169|000000018E17|50
35.5714285714|9|27.114|63.494|000000018E31|50
36.4390243902|4|31.081|57.997|000000018E3F|50
19.6578947368|3|19.117|0.585|000000018E4E|50
19.0318471338|3|22.675|26.545|000000018E4F|50
15.0309278351|3|17.081|8.406|000000018E55|50
22.8358208955|3|21.718|2.499|000000018E68|50
23.5275590551|3|22.307|2.977|000000018E76|50
29.5841584158|5|26.417|67.166|00000001A208|50
28.7307692308|6|27.816|84.654|00000001B73C|50
22.6363636364|8|25.160|60.236|00000001B7F0|50
14.8656716418|3|13.730|2.581|000000029D94|50
12.2521008403|2|12.252|0.000|00000002AC3A|50
15.6774193548|3|15.233|0.396|00000002AFF2|50
13.2|6|14.291|3.715|00000002B39A|50
15.5106382979|3|14.501|2.037|00000002B3AE|50
