35.1724137931|4|32.236|38.655|00000000FDFC|50
31.6956521739|6|26.131|46.370|00000000FE4C|50
31.5463917526|4|33.280|83.845|00000000FE60|50
27.9252336449|7|26.261|58.151|000000011A9A|50
26.6785714286|3|25.571|2.453|000000011B1E|50
32.4782608696|2|32.478|0.000|0000000155FA|50
28.0733944954|4|23.317|25.409|000000016ED7|50
32.1290322581|4|30.734|106.794|000000017EC4|50
20.4657534247|4|19.233|5.231|000000017EEF|50
30.0618556701|7|31.750|132.595|000000017EF2|50
28.7234042553|6|25.767|23.700|000000017EFB|50
24.694214876|4|26.119|29.508|000000017F1D|50
22.9606299213|2|22.961|0.000|000000017F22|50
42.5|9|27.787|97.799|000000019069|50
29.347826087|6|25.531|14.114|0000000190A7|50
22.6363636364|6|25.798|113.747|0000000190BD|50
31.0212765957|4|26.056|24.782|0000000190DD|50
30.8041237113|3|26.667|34.235|0000000190E0|50
32.4782608696|3|27.231|55.077|0000000190E6|50
36.4390243902|3|30.795|63.710|0000000190E8|50
29.2941176471|4|23.236|38.335|0000000190F4|50
28.5981308411|3|24.487|33.805|0000000190F5|50
27.2523364486|4|25.769|10.286|0000000190FB|50
27.3214285714|3|25.675|5.425|000000019106|50
31.4117647059|3|27.201|35.462|00000001911F|50
32.8351648352|3|28.431|38.797|000000019121|50
34.3820224719|3|29.498|47.705|00000001912D|50
38.8051948052|4|32.238|54.328|00000001A51D|50
33.5172413793|6|30.920|60.745|00000001A529|50
22.6363636364|6|25.727|53.341|00000001BABD|50
41.5|5|32.570|185.496|00000001BAF4|50
40.3783783784|6|31.897|153.561|00000001D157|50
11.664|3|11.791|0.032|00000002987A|50
12.5150214592|7|13.924|7.791|00000002A46B|50
21.1304347826|4|19.572|6.087|00000002ACAF|50
10.5882352941|3|12.505|7.345|00000002B07F|50
