19.0318471338|8|27.121|100.404|00000000FBC3|50
20.3265306122|3|24.094|28.386|00000000FC23|50
19.7880794702|2|19.788|0.000|00000000FC53|50
20.25|1|20.250|0.000|00000000FC66|50
16.8554913295|3|18.120|3.200|00000001363A|50
22.0909090909|4|22.111|5.350|00000001653A|50
22.6046511628|9|28.407|175.525|000000016E22|50
15.4020618557|5|22.870|159.433|000000016E56|50
17.1974522293|5|27.033|135.572|000000016E78|50
17.4610778443|3|19.572|8.916|000000017D9A|50
21.2846715328|4|25.674|75.379|000000017DC9|50
22.6363636364|8|27.261|68.423|000000018F24|50
23.1627906977|8|24.115|49.654|000000018F55|50
18.3396226415|3|19.223|1.561|000000018F61|50
19.1842105263|3|20.029|1.428|000000018F6A|50
17.8922155689|3|18.659|1.175|000000018F72|50
21.5492957746|7|25.524|102.248|000000018F74|50
19.8701298701|5|20.726|0.945|000000018F7F|50
16.8131868132|3|14.996|6.605|000000018F83|50
21.7611940299|3|20.433|3.529|000000018F95|50
18.1208053691|3|19.339|2.968|000000018F99|50
19.0318471338|3|19.960|1.722|000000018FA4|50
19.6578947368|4|18.679|8.563|000000018FA7|50
14.6470588235|3|14.783|0.037|000000018FB6|50
13.520361991|4|17.403|15.112|000000018FB8|50
20.5352112676|3|19.886|0.843|000000018FC8|50
18.4444444444|8|28.722|65.439|00000001A356|50
18.8275862069|6|19.067|33.650|00000001A3E3|50
17.3720930233|4|22.979|114.784|00000001A3F7|50
21.4964028777|4|22.982|22.327|00000001A3FB|50
20.3265306122|5|28.750|148.147|00000001B935|50
18.6923076923|5|25.550|66.868|00000001B947|50
21.4964028777|5|25.480|58.478|00000001B949|50
17.4610778443|5|26.899|104.046|00000001B978|50
21.5492957746|3|21.427|0.030|00000001B985|50
18.8129032258|10|22.628|37.768|00000001CF92|50
10.6423357664|6|13.483|11.499|00000002AC41|50
14.7920792079|4|15.385|12.133|00000002AC70|50
27.0796460177|2|27.080|0.000|00000002B02A|50
14.0281690141|3|14.564|0.575|00000002B036|50
13.399103139|4|14.755|2.019|00000002B407|50
12.9661016949|9|15.040|14.361|00000002C14D|50
