0000000273F6,13.0600343053,1477871151
000000010763,48.0382165605,1477870921
0000000031E9,32.1982758621,1477871539
0000000031A9,46.5555555556,1477870822
0000000031E0,40.7165775401,1477871345
00000001C081,48.0382165605,1477870815
00000000B001,51.306122449,1477870982
000000008793,41.4395604396,1477871151
00000000D0C3,41.043956044,1477871445
00000000EB03,30.6585365854,1477870821
0000000107AA,42.1340782123,1477871431
000000010742,29.3463035019,1477870897
00000001C159,40.7165775401,1477871069
000000002201,52.375,1477870953
00000000EB05,39.7340425532,1477870971
0000000031DE,52.375,1477871349
000000001C19,42.1340782123,1477871129
00000000443B,27.2627737226,1477871323
0000000031D3,43.8682634731,1477871347
0000000045C0,44.2674418605,1477871402
0000000172A7,43.3448275862,1477870978
000000004560,49.6184210526,1477870842
000000002218,39.28125,1477871163
000000014158,38.2842639594,1477870945
00000001074B,51.306122449,1477871257
00000000B7B4,45.523255814,1477871491
000000001C1A,29.1724137931,1477870939
0000000021A6,48.0382165605,1477870924
0000000031B5,33.6902654867,1477871002
000000002229,41.6685082873,1477871409
000000026677,13.9408502773,1477871422
000000008739,41.4395604396,1477871461
000000004521,37.8994974874,1477870839
0000000172D0,34.7557603687,1477871236
00000000877F,52.875,1477870901
000000014221,42.6101694915,1477870937
00000000D081,34.1095890411,1477871008
000000027A0B,10.5508474576,1477871120
00000000D0A2,42.2033898305,1477871213
000000019735,46.5555555556,1477871420
