0000000022AA,43.8488372093,1477873393
000000003294,45.987804878,1477873306
000000003297,26.8098591549,1477873431
000000017352,38.5051546392,1477873400
000000004762,38.7619047619,1477873579
0000000107FD,32.9344978166,1477873236
0000000266A4,17.4180138568,1477873590
00000000690A,34.4239631336,1477873649
000000016AA2,42.1340782123,1477873425
0000000022CC,32.5086206897,1477873206
000000010741,32.2627118644,1477873344
000000010958,33.2489082969,1477873977
000000017371,31.4628099174,1477873460
0000000197DA,33.2246696035,1477873401
00000001D9F9,34.4383561644,1477873594
00000001C25E,49.6184210526,1477873512
000000001C71,47.4339622642,1477873551
000000010893,44.2674418605,1477873285
0000000032C3,49.0135135135,1477873719
0000000032C6,40.3315508021,1477873773
0000000125B4,29.0610687023,1477873721
000000018519,37.3366336634,1477873873
0000000022F6,33.6486486486,1477873552
0000000032BB,15.7125,1477873858
000000004754,36.0869565217,1477873569
0000000022EE,34.4524886878,1477873416
0000000273EA,13.7316176471,1477873654
000000004744,42.8522727273,1477873493
000000004749,45.1616766467,1477873415
00000000B046,34.7671232877,1477873260
00000000B8C7,45.5928143713,1477873473
00000000474E,31.5189873418,1477873584
