000000005EDE,39.3807106599,1477919210
000000008011,46.9615384615,1477919172
000000011DA7,41.8351648352,1477919011
000000005F42,42.2033898305,1477919265
0000000268BC,15.4442190669,1477919399
000000002DA9,54.2589928058,1477919110
000000026C3F,19.7952755906,1477919399
000000005F20,33.0379746835,1477918870
000000002D9A,33.6902654867,1477918876
000000002D9E,43.8488372093,1477918946
000000001F54,42.6101694915,1477918910
000000019284,53.6197183099,1477919054
000000003EB7,59.023255814,1477919015
000000029F10,19.1908396947,1477919405
