36.9801980198|3|37.128|0.044|000000001E00|10
36.4347826087|2|36.435|0.000|0000000028C9|10
42.1340782123|6|35.903|84.111|000000003904|10
38.8762886598|3|33.408|59.812|000000003905|10
21.9883381924|3|24.639|14.049|000000003908|10
40.597826087|3|38.922|5.619|00000000390E|10
40.3315508021|3|35.895|39.357|000000003913|10
39.28125|2|42.258|8.861|000000003916|10
26.5836298932|3|30.911|37.456|00000000391D|10
46.5555555556|3|43.509|18.565|000000003939|10
35.5754716981|3|34.470|2.442|00000000393C|10
44.6272189349|3|39.877|45.129|00000000393D|10
33.6486486486|4|31.937|4.763|000000005581|10
33.6696428571|4|32.462|2.024|000000005592|10
42.6101694915|4|38.940|28.759|0000000055BA|10
50.6174496644|4|44.032|48.986|0000000055E2|10
45.1616766467|4|39.043|40.944|0000000055EF|10
48.4968152866|5|37.689|105.177|00000000963C|10
46.4268292683|10|38.877|75.270|00000000C315|10
36.6176470588|5|38.228|22.294|00000000DD3D|10
50.0921052632|8|40.044|81.639|00000000F837|10
34.7671232877|5|32.462|10.683|000000011503|10
11.6536661466|13|30.003|151.276|00000001A081|10
44.2674418605|7|39.720|19.280|00000001B5EF|10
10.0|1|10.000|0.000|0000000267E3|10
15.3604887984|2|15.360|0.000|0000000270AA|10
