31.5189873418|4|28.481|30.760|000000002B3E|10
38.2613065327|8|33.595|106.555|000000002B56|10
39.9047619048|2|39.905|0.000|000000002B57|10
36.6116504854|2|36.612|0.000|000000002B6A|10
41.3804347826|4|29.573|166.881|000000002B96|10
30.2891566265|3|31.760|4.327|000000003C05|10
33.3716814159|3|33.815|0.393|000000003C33|10
43.0169491525|3|35.866|102.286|000000003C3A|10
38.6497461929|3|36.298|11.063|000000003C41|10
35.4028436019|3|37.202|6.473|000000003C5A|10
36.2596153846|6|33.372|18.229|000000005A75|10
41.486631016|4|38.371|18.838|000000005B31|10
31.4628099174|2|31.463|0.000|000000005B66|10
38.6497461929|4|36.724|66.630|000000005B6C|10
39.28125|5|28.414|128.118|000000007BDC|10
31.9576271186|5|29.307|18.163|000000007C46|10
42.1340782123|8|38.059|52.416|00000000B30C|10
44.7305389222|7|29.046|176.532|00000001198D|10
42.6101694915|7|26.992|101.827|0000000119C6|10
39.7461928934|5|36.113|87.941|000000011A43|10
45.1616766467|9|33.474|117.688|000000018FF8|10
44.7305389222|12|30.258|164.796|00000001CFFF|10
10.9941690962|4|10.835|0.185|000000026861|10
13.0376712329|2|13.038|0.000|00000002686D|10
17.1873589165|2|17.187|0.000|000000026BC0|10
11.6749226006|3|12.317|0.824|000000026BCC|10
17.4180138568|3|15.787|5.319|0000000271C2|10
19.9842519685|6|17.675|20.931|0000000291E5|10
13.0366492147|7|16.910|11.197|0000000291EF|10
11.347242921|3|12.863|4.594|0000000297E5|10
10.3598901099|3|10.922|0.631|000000029836|10
17.1799544419|3|15.444|6.025|00000002A7A7|10
