49.6184210526|6|40.652|98.333|000000001C8C|10
46.8862275449|3|40.571|79.766|000000001C8E|10
39.65625|4|41.492|59.078|00000000231A|10
47.0|1|47.000|0.000|00000000231C|10
15.7125|3|24.556|68.134|0000000032BB|10
45.987804878|3|46.603|0.758|0000000032EF|10
40.2857142857|3|33.339|96.503|000000003306|10
35.9108910891|3|31.605|37.087|000000003307|10
33.7603686636|3|32.457|3.396|00000000330A|10
39.0777202073|3|36.805|10.328|00000000330E|10
46.5555555556|3|41.364|53.898|000000003310|10
47.5796178344|3|47.940|0.260|000000003316|10
27.9775280899|4|33.656|73.020|0000000047CF|10
41.4395604396|4|36.477|32.899|0000000047F7|10
51.5915492958|4|41.708|98.046|00000000480F|10
32.489626556|4|32.713|24.572|000000004814|10
37.3366336634|4|33.926|64.528|000000004823|10
45.1616766467|4|38.191|59.411|000000004836|10
53.6081632653|6|33.461|258.797|000000006974|10
33.2489082969|4|26.284|48.613|000000010958|10
46.9811320755|5|38.179|51.840|0000000109A4|10
40.40625|8|26.807|95.325|000000012658|10
49.6184210526|6|39.303|85.830|000000016AD0|10
45.987804878|5|33.732|111.737|000000017419|10
37.3366336634|4|29.779|58.454|000000018519|10
33.2246696035|13|27.902|94.001|00000001C201|10
33.3482142857|7|26.471|47.238|00000001C2EC|10
11.8759936407|10|21.967|59.149|00000001D9DB|10
15.6024590164|3|15.263|0.230|0000000263C9|10
15.2981744422|2|15.298|0.000|0000000266A5|10
17.7482517483|3|17.214|0.570|000000027A44|10
14.4198895028|5|13.249|2.065|00000002895E|10
16.431372549|4|15.032|5.396|000000028E93|10
13.4305317324|4|14.602|1.992|000000029468|10
11.858490566|6|13.890|11.683|000000029484|10
