35.0875576037|2|35.088|0.000|0000000024D6|10
40.2857142857|2|40.286|0.000|0000000024E9|10
48.0382165605|2|48.038|0.000|0000000024F0|10
35.5754716981|3|37.552|7.816|0000000034E7|10
46.5555555556|3|38.262|137.565|0000000034FF|10
48.4968152866|4|41.061|67.564|000000004C4B|10
53.6197183099|5|29.549|394.346|000000006DB0|10
37.6930693069|5|30.331|58.980|000000006DC4|10
33.6902654867|5|28.229|21.251|00000000BC8A|10
47.8867924528|9|36.997|84.163|00000000D5C6|10
32.5086206897|5|30.177|16.603|00000000D644|10
42.6101694915|9|29.231|124.469|000000019B89|10
38.8762886598|7|34.816|38.199|00000001B040|10
41.4395604396|5|38.086|16.247|00000001B058|10
16.4900662252|2|16.490|0.000|00000002671A|10
15.4233128834|4|14.394|3.030|000000027BBA|10
