45.987804878|4|41.224|70.627|0000000027B2|10
42.5363128492|2|42.536|0.000|0000000027BA|10
43.7586206897|3|41.344|11.662|0000000037D8|10
33.972972973|3|33.383|0.697|0000000037E0|10
46.8862275449|4|38.000|118.229|00000000533F|10
44.5862068966|4|42.883|3.329|00000000534F|10
39.9047619048|4|32.198|59.809|00000000536B|10
48.4968152866|6|33.965|169.660|000000007430|10
29.9285714286|9|30.847|104.901|00000000DB21|10
35.5754716981|5|37.576|91.311|00000000DB56|10
45.1616766467|5|39.078|50.161|00000000F61B|10
35.2429906542|3|34.091|2.654|00000000F62F|10
56.2835820896|6|45.591|154.788|0000000179C9|10
30.0478087649|7|34.640|24.634|00000001B45A|10
11.0995542348|3|13.250|9.252|000000026459|10
15.800407332|2|15.800|0.000|0000000267A8|10
