35.2429906542|5|35.925|41.313|000000002785|10
35.25|4|37.521|51.808|00000000278A|10
35.5754716981|9|37.269|24.119|000000003760|10
34.7557603687|4|32.266|6.210|00000000525E|10
44.1052631579|4|41.112|13.060|0000000052D7|10
51.875|2|32.306|382.964|00000000739C|10
43.4302325581|10|38.542|53.882|00000000DA97|10
39.109947644|4|37.448|45.818|00000001B3EE|10
21.5893175074|4|17.212|20.910|000000026ADD|10
14.6988416988|4|15.206|0.271|000000027031|10
12.8703071672|4|14.054|2.591|000000027032|10
18.0|4|14.222|7.141|00000002A2C3|10
15.5185185185|6|16.861|8.478|00000002BBBF|10
