46.8447204969|8|40.481|167.939|00000000283B|10
58.4651162791|2|58.465|0.000|00000000283F|10
50.1923076923|3|45.753|39.413|000000003875|10
38.5051546392|4|36.296|4.881|000000005445|10
42.2033898305|6|37.742|50.027|00000000DC49|10
45.5487804878|4|40.431|73.472|00000000F6D1|10
36.2523364486|8|41.453|37.171|00000001B504|10
13.2781690141|3|13.956|0.918|000000026B09|10
17.4894230769|4|14.506|9.220|00000002707E|10
17.4180138568|4|19.413|8.957|0000000296E4|10
13.7627737226|6|13.750|2.086|000000029CFB|10
