50.8163265306|2|50.816|0.000|000000002E58|10
37.3366336634|2|37.337|0.000|000000002E5D|10
51.0845070423|6|36.750|193.320|000000003F3A|10
29.6428571429|3|31.933|10.493|000000003F5E|10
50.8163265306|3|49.822|1.976|000000003F62|10
45.1616766467|3|46.053|1.588|000000003F7A|10
48.0382165605|3|41.659|81.394|000000003F7B|10
48.0382165605|3|46.327|5.860|000000003F7E|10
40.9830508475|10|32.314|165.329|00000000A0F4|10
40.7165775401|8|42.036|82.575|00000000CB4D|10
51.7959183673|5|41.783|73.881|00000000E630|10
46.5555555556|5|37.568|59.321|000000011EA6|10
51.7959183673|12|37.824|104.016|000000013C2C|10
31.8227848101|10|38.764|204.743|0000000180CD|10
53.1126760563|8|43.433|158.690|000000019363|10
37.9187817259|9|41.862|55.935|00000001EC25|10
17.829787234|2|17.830|0.000|000000026C65|10
12.6351791531|4|11.684|0.906|000000027F5B|10
13.5335820896|9|15.907|22.754|0000000298E7|10
15.1445783133|6|14.887|8.003|000000029915|10
