47.4339622642|2|47.434|0.000|000000001C71|10
49.6184210526|7|39.887|87.793|000000001C8C|10
46.8862275449|3|40.571|79.766|000000001C8E|10
33.6486486486|2|33.649|0.000|0000000022F6|10
39.65625|4|41.492|59.078|00000000231A|10
47.0|1|47.000|0.000|00000000231C|10
15.7125|4|28.278|92.665|0000000032BB|10
49.0135135135|3|46.511|12.525|0000000032C3|10
40.3315508021|3|37.641|14.476|0000000032C6|10
45.987804878|3|46.603|0.758|0000000032EF|10
31.5189873418|4|30.182|15.304|00000000474E|10
36.0869565217|4|34.199|15.730|000000004754|10
38.7619047619|4|38.090|19.839|000000004762|10
27.9775280899|4|33.656|73.020|0000000047CF|10
34.4239631336|5|30.223|27.308|00000000690A|10
53.6081632653|6|33.461|258.797|000000006974|10
33.2489082969|4|26.284|48.613|000000010958|10
29.0610687023|8|31.530|71.246|0000000125B4|10
40.40625|5|31.552|84.459|000000012658|10
49.6184210526|6|39.303|85.830|000000016AD0|10
45.987804878|5|33.732|111.737|000000017419|10
37.3366336634|4|29.779|58.454|000000018519|10
33.2246696035|12|28.443|98.030|00000001C201|10
49.6184210526|11|29.437|146.287|00000001C25E|10
33.3482142857|7|26.471|47.238|00000001C2EC|10
34.4383561644|10|24.740|71.911|00000001D9F9|10
17.4180138568|2|17.418|0.000|0000000266A4|10
15.2981744422|2|15.298|0.000|0000000266A5|10
14.9940357853|2|14.994|0.000|0000000266AB|10
13.7316176471|2|13.732|0.000|0000000273EA|10
14.4198895028|5|13.249|2.065|00000002895E|10
13.4305317324|3|14.583|2.654|000000029468|10
