000000010BE4,32.2015748031,1477877770
00000000344E,42.9030927835,1477877800
00000000344F,38.8934579439,1477877816
00000000344A,27.0233766234,1477878102
0000000274C0,10.7338582677,1477878063
000000003459,30.9818181818,1477877907
000000003452,21.1248730964,1477877883
000000003451,37.1571428571,1477877824
000000003454,30.6,1477877864
000000003455,34.9714285714,1477877858
000000006C52,35.2677966102,1477878198
000000004AF1,33.7230769231,1477877916
000000019AED,31.7679389313,1477878388
00000000EF91,38.8934579439,1477878462
000000006CA7,31.0567164179,1477878515
00000001AF20,11.432967033,1477877718
000000004AE9,28.3102040816,1477877799
000000010C20,30.5194029851,1477878160
000000004AE0,33.5213114754,1477877769
00000001874D,42.1608247423,1477878151
00000001470C,50.7512195122,1477878201
0000000289D5,23.6393063584,1477877856
000000028F45,18.2526315789,1477878202
000000004B16,23.5118644068,1477878069
000000026EB7,15.4706319703,1477877949
00000001292E,30.902189781,1477878044
000000004B60,40.7076923077,1477878470
000000004B63,23.7946524064,1477878493
00000000D529,31.5272727273,1477878336
000000003480,34.4195121951,1477878460
00000000D52B,30.7428571429,1477878506
00000000EF7A,38.0307692308,1477878466
000000004ACC,27.0233766234,1477877725
000000026EBC,18.9847533632,1477878077
00000001875F,33.3354330709,1477878304
00000000346B,34.3663865546,1477878143
000000003476,35.5692307692,1477878316
000000003472,30.3766423358,1477878272
000000004B2D,32.8,1477878190
000000026A38,18.087804878,1477877963
000000026A34,13.497029703,1477877709
000000026A36,16.1302325581,1477877803
000000018782,38.1798165138,1477878531
000000026A3F,25.0698795181,1477878366
000000004B28,24.3622641509,1477878141
00000000347D,38.1405405405,1477878424
00000000347B,38.8934579439,1477878415
000000008C1C,36.5142857143,1477878041
000000019ACB,34.1114754098,1477878032
00000001C4C6,33.1076923077,1477877712
000000012987,40.8220183486,1477878440
000000003465,35.5692307692,1477878094
000000003462,18.9,1477878107
000000003460,33.9789473684,1477878042
00000001C515,38.8934579439,1477878159
000000029545,10.5624365482,1477878213
