00000001E65E,48.3652173913,1477909202
00000000591F,29.8510948905,1477909067
00000000594F,27.3789473684,1477909535
00000000C608,32.0727272727,1477909565
000000026B96,17.1831932773,1477909106
00000001CED0,37.1368421053,1477909374
000000007A27,37.1368421053,1477909502
00000001184C,29.4215827338,1477909538
00000000590B,31.0567164179,1477908961
000000003AC8,25.050887574,1477909058
000000005925,20.601980198,1477909109
000000005994,42.9030927835,1477909608
000000007A30,38.0307692308,1477909566
000000026B9B,20.1458128079,1477909198
000000003AF5,32.2015748031,1477909058
00000000E05B,42.1608247423,1477909597
0000000117F3,42.0363636364,1477909435
00000001A28B,21.4515463918,1477908956
000000003AEA,29.814084507,1477908964
000000003B1A,36.5142857143,1477909442
000000003B1C,27.9302013423,1477909482
000000005965,40.0941176471,1477909386
000000005966,33.5820895522,1477909393
00000001E66F,31.5272727273,1477909613
000000003B16,26.5070063694,1477909397
000000003AE7,37.1571428571,1477908937
000000003AE6,32.2604651163,1477908932
000000003B13,22.8659340659,1477909366
0000000117FC,39.5663551402,1477909155
000000027108,14.3027027027,1477909324
00000001E6A6,40.8,1477909519
0000000058E7,24.6139534884,1477909694
00000001CECE,33.0285714286,1477909193
000000011834,17.1966942149,1477909453
000000003AF3,28.0109589041,1477909020
000000003AF0,28.8,1477909003
000000003B15,44.452173913,1477909352
000000003B01,28.504109589,1477909194
000000003B00,32.768503937,1477909149
000000003B10,40.7076923077,1477909310
000000005942,34.3663865546,1477909187
000000028C26,17.0557377049,1477909165
0000000057DB,32.9806451613,1477909565
000000003AE4,21.5645320197,1477908963
000000027173,13.9651006711,1477909607
000000003B32,32.768503937,1477909673
000000003AA3,38.8934579439,1477908937
000000003B30,37.1571428571,1477909614
00000000594E,38.8934579439,1477909293
00000000594B,28.4134228188,1477909265
000000003B34,29.514893617,1477909688
00000001A29C,40.8,1477909020
00000000DFE5,42.0363636364,1477909426
000000003B0F,35.875862069,1477909306
000000003B0E,41.5058823529,1477909291
000000003B0D,33.7230769231,1477909298
000000003B0A,35.5692307692,1477909264
000000015366,45.0382978723,1477909623
00000000DF98,33.7090909091,1477909033
000000029DDC,18.8307692308,1477909038
00000001522D,28.0370860927,1477909370
000000003B22,28.8,1477909525
000000003B28,31.7023255814,1477909568
00000000FB40,28.4,1477909716
00000001B853,33.5612903226,1477909009
00000001A24A,31.7023255814,1477909260
000000005924,47.8344827586,1477909017
00000000FB49,32.768503937,1477909213
000000005922,26.1333333333,1477909082
000000027155,22.9752808989,1477909157
00000000FB4D,33.3354330709,1477909272
00000000592B,40.8,1477909067
000000003B2A,43.6453608247,1477909580
