000000003DB2,20.2455445545,1477915055
00000000FEAD,38.8934579439,1477915092
00000001A5AA,44.452173913,1477914967
000000003DB8,40.0153846154,1477915068
000000007E38,38.8934579439,1477914755
000000003DB0,34.9538461538,1477914993
00000000C914,32.0727272727,1477914767
0000000298B4,13.9576791809,1477914706
000000003D7B,23.5118644068,1477914615
000000003D90,39.4144329897,1477914742
000000005DCA,24.919760479,1477915281
000000003D98,23.776744186,1477914845
000000003D9F,31.9532846715,1477914883
000000003D9D,41.3090909091,1477914848
000000003D9C,32.2604651163,1477914837
00000001398B,41.5058823529,1477915392
000000005DC1,27.3789473684,1477915266
00000000C921,30.3766423358,1477914940
000000003D85,37.1571428571,1477914635
000000003DBE,35.5692307692,1477915138
000000003DBD,32.2604651163,1477915141
000000027240,12.8444444444,1477914766
000000027245,16.4093023256,1477915055
00000001D16B,35.5692307692,1477914805
00000001E9CF,30.6,1477915092
000000003DBC,37.1571428571,1477915126
000000011C3A,26.5070063694,1477915113
000000003DC7,44.524137931,1477915187
000000003DA9,31.7508196721,1477914944
000000003DA2,32.0727272727,1477914896
000000005DA0,35.0362204724,1477914950
000000003D88,24.4886227545,1477914728
00000001BB71,17.52760181,1477915152
000000028D06,13.1498392283,1477915226
000000005DBC,26.1735849057,1477915176
00000001915C,25.720754717,1477914845
00000002879B,14.0594594595,1477914794
000000019177,36.5052631579,1477915249
000000005D61,34.1114754098,1477915131
000000003D42,37.1571428571,1477914694
000000026C15,11.6628099174,1477914882
000000026C17,11.2780487805,1477914945
00000000FEB2,32.768503937,1477914761
000000003D92,25.848447205,1477914787
00000001569D,33.5612903226,1477914842
000000026C1F,15.243956044,1477915282
000000026C1C,23.2363636364,1477915112
000000007E78,27.3789473684,1477915127
00000000ACE2,22.8659340659,1477915161
000000005D6A,40.0941176471,1477914633
00000000E355,32.8186046512,1477914842
00000000FF0D,47.8344827586,1477914665
000000016F21,36.5052631579,1477914619
00000000FF45,34.3663865546,1477915037
000000015754,37.4823529412,1477915399
000000003DCD,29.3070422535,1477915284
000000007E89,32.768503937,1477915208
000000003DC0,32.2015748031,1477915162
000000028CDB,12.372815534,1477914878
00000001916A,47.0068965517,1477914991
000000003DBB,23.9186440678,1477915143
000000011C78,35.5692307692,1477915386
