00000000E41D,21.2743718593,1477916363
00000001EA71,30.9818181818,1477916830
000000011CE9,38.1798165138,1477916434
000000007F07,42.0363636364,1477916239
000000011CDF,39.5663551402,1477916478
000000009ECA,34.1684210526,1477916343
000000028D24,15.3391304348,1477916302
0000000271FC,15.645112782,1477916406
000000007F39,30.3766423358,1477916907
000000011C46,25.3756097561,1477916367
000000029EE4,21.6,1477916844
000000013A27,29.514893617,1477916705
00000000C9B2,40.0941176471,1477916488
00000001EA9E,36.5142857143,1477916832
000000003E17,28.3102040816,1477916346
000000003E15,35.875862069,1477916285
000000003E14,34.9538461538,1477916272
000000017FE5,26.9052631579,1477916710
000000003E19,34.1114754098,1477916350
000000003E0D,32.2015748031,1477916195
000000003E0F,25.6888888889,1477916450
000000005E1E,31.7023255814,1477916124
000000003E28,25.9973154362,1477916631
000000003E29,38.8934579439,1477916629
000000003E27,38.2205607477,1477916600
000000003E25,29.814084507,1477916601
000000003E22,26.5070063694,1477916532
000000003E23,32.0727272727,1477916566
00000002071E,12.6109090909,1477916153
00000002B08D,12.2443113772,1477916699
000000022829,10.404,1477916545
000000003E3A,36.5433962264,1477916821
00000000C9D2,34.1114754098,1477916914
00000000E42C,36.1846153846,1477916376
000000003E32,35.5692307692,1477916933
000000003E36,29.4215827338,1477916818
000000005E41,51.6292682927,1477916250
000000005E46,24.1953488372,1477916543
000000005E45,34.1114754098,1477916416
000000011D0C,30.9818181818,1477916823
000000005E7A,37.1571428571,1477916934
000000011D14,40.8,1477916863
00000000E451,38.8934579439,1477916943
000000003E2E,32.768503937,1477916666
0000000138ED,34.1114754098,1477916490
00000001D2C7,57.8,1477916691
000000003E40,37.1571428571,1477916915
000000026C2A,21.2129032258,1477916365
000000026C2B,12.525443787,1477916460
00000001D28D,25.2444444444,1477916198
