000000003618,45.8721649485,1477887358
00000000D846,34.9538461538,1477887070
000000006FF9,32.768503937,1477886781
00000000F2D5,23.0086956522,1477887171
000000026A97,15.7970149254,1477886899
000000004EA1,27.9302013423,1477887317
000000004EFB,42.1608247423,1477887276
000000004EFA,45.2347826087,1477887232
000000004F0C,42.9030927835,1477887458
00000002857C,11.4644628099,1477887189
000000003628,21.6,1477887486
000000004ECD,25.4842105263,1477886746
00000000A78C,35.2285714286,1477887481
000000004ED4,42.7636363636,1477886799
000000007023,31.0567164179,1477886712
000000007021,31.5272727273,1477886733
000000007043,37.4823529412,1477887437
000000007060,34.3933884298,1477887513
000000028AA3,16.067953668,1477887223
000000014A62,44.452173913,1477886952
0000000189A6,33.0285714286,1477887178
000000004F0E,25.720754717,1477887444
