0000000053AE,21.1248730964,1477899344
000000003822,31.1294117647,1477900059
000000003821,26.9656050955,1477900068
0000000053C4,40.0941176471,1477899527
00000000DBD7,38.1798165138,1477899869
000000026AF2,10.0408163265,1477899538
000000026AF7,18.6618834081,1477899782
000000026AF6,10.8625310174,1477899818
000000026AF5,12.687804878,1477899721
000000026AF4,18.1699570815,1477899525
000000003820,29.4,1477900039
0000000074B2,41.585046729,1477899802
00000000DBE3,28.997260274,1477900051
00000000381C,32.768503937,1477899947
00000000380A,37.1571428571,1477899529
00000001CAF9,42.1608247423,1477899479
00000000381A,42.9030927835,1477899861
00000000381F,42.9030927835,1477900001
00000000381E,32.768503937,1477899993
0000000276AD,18.414159292,1477899824
0000000053F3,31.3352112676,1477900111
0000000053DF,31.0567164179,1477899866
000000003814,34.9538461538,1477899801
00000000DBB9,20.7593908629,1477899478
000000003810,19.6017621145,1477899747
00000001133D,26.6443113772,1477899317
00000001E2B5,37.8,1477899800
00000000380E,35.875862069,1477899637
00000000380D,30.3766423358,1477899640
0000000276B8,19.2666666667,1477899357
00000000947F,27.3789473684,1477900117
0000000053E6,40.8,1477899932
0000000162EE,32.2015748031,1477900031
