00000000CABC,38.8934579439,1477920810
000000006001,31.5272727273,1477921361
000000003F0B,38.2205607477,1477920657
000000005FCD,47.8344827586,1477920707
0000000080AF,22.2545454545,1477920714
000000011E48,32.2604651163,1477920601
0000000272B7,11.7892351275,1477920684
0000000080D4,13.3928571429,1477921166
000000005FF3,41.5058823529,1477921171
00000002791B,12.6222222222,1477920708
00000000CB08,54.0467532468,1477921380
000000008090,38.2205607477,1477920847
000000029305,16.4903225806,1477921193
000000003F25,37.8,1477921229
00000000B419,31.5940298507,1477921282
00000000E57F,46.7595505618,1477920731
0000000192F8,33.6983606557,1477920935
000000011E8C,44.9406593407,1477921338
000000003F1E,40.8,1477921124
000000003F1F,11.7228169014,1477921256
000000011E58,40.8,1477921038
000000011E77,43.6235294118,1477921106
000000029941,14.5411764706,1477920847
000000003F12,47.0068965517,1477920774
000000005FE9,44.2723404255,1477921019
000000011E61,44.2723404255,1477920982
000000005FDB,27.4909090909,1477920902
00000002A9B8,12.687804878,1477920878
0000000272BD,13.5116883117,1477920871
000000005FC9,36.5052631579,1477921359
000000029944,17.1259259259,1477921101
000000003F29,28.3102040816,1477921369
