00000002700F,30.7428571429,1477894904
000000028B1E,18.3272727273,1477894971
0000000285BF,11.3595307918,1477894363
0000000111B9,32.2015748031,1477894729
0000000051E6,29.9395683453,1477894787
000000005174,38.8934579439,1477894305
000000003737,38.2205607477,1477894431
000000003735,29.9395683453,1477894357
0000000051CD,37.8,1477894530
000000003732,30.5860465116,1477894236
000000003730,30.6,1477894230
000000026AD3,10.1731343284,1477894830
00000001F3BC,32.2015748031,1477894288
0000000051F2,41.3090909091,1477894914
0000000051EE,21.8226804124,1477894941
000000027C67,21.7988950276,1477894679
0000000051F5,54.0467532468,1477894888
00000000374F,50.7512195122,1477895021
00000000374E,49.8731707317,1477895015
00000001E172,35.5692307692,1477895004
00000000374C,35.5692307692,1477894994
00000002968E,10.3780548628,1477894389
000000003742,42.0363636364,1477894775
00000000374A,29.6372093023,1477894979
0000000051BC,34.9714285714,1477894819
000000003749,29.514893617,1477894969
0000000051BE,26.9,1477894425
0000000051E3,30.9818181818,1477894772
000000003741,33.5213114754,1477894782
00000000730A,35.5692307692,1477895029
0000000051D6,40.0941176471,1477894568
0000000051DD,27.4469798658,1477894696
00000000373D,48.6857142857,1477894641
00000000373C,48.1170731707,1477894561
0000000051CE,32.768503937,1477894566
000000027001,16.0363636364,1477894237
0000000072D0,28.9,1477894580
