0000000049E3,31.7023255814,1477876634
0000000033E8,28.3102040816,1477876584
00000000EE86,33.1636363636,1477877009
000000004A2C,31.5272727273,1477876883
000000010B0F,28.9074626866,1477876538
000000006B97,38.8934579439,1477877061
000000006B6F,38.0307692308,1477876835
000000019A3B,41.5058823529,1477876769
000000006B9F,32.0727272727,1477877071
000000004A23,37.1571428571,1477876824
00000000B0F1,32.9806451613,1477877152
000000004A20,33.0285714286,1477876852
000000029B30,13.1922580645,1477876924
0000000033EE,34.7016393443,1477876626
0000000033EC,30.5007874016,1477876618
0000000033EB,51.3777777778,1477876579
000000006B40,30.0255319149,1477876545
0000000049F7,29.3070422535,1477876888
0000000033C9,38.4,1477876543
000000004A12,32.2015748031,1477876817
00000000341C,32.768503937,1477877219
00000000342A,33.5213114754,1477877321
000000010B37,32.768503937,1477876989
000000003415,36.5052631579,1477877135
0000000049D9,20.4,1477876510
000000004A0D,40.0941176471,1477876711
000000004A04,25.1312101911,1477876692
000000004A06,31.5940298507,1477876713
000000003422,23.5118644068,1477877287
000000017510,31.9532846715,1477877197
0000000049C8,43.5063829787,1477876502
000000006B4E,20.0470588235,1477876674
000000008BAF,27.9302013423,1477876850
000000004A1B,27.3789473684,1477876787
000000004A1A,24.919760479,1477876804
0000000048CC,10.9935483871,1477877023
000000003419,37.1571428571,1477877165
000000004A76,38.8403669725,1477877188
000000004A77,29.9395683453,1477877228
0000000145BF,29.3070422535,1477876553
000000003413,21.3,1477877139
000000004A81,37.1571428571,1477877265
0000000033FF,54.9818181818,1477876796
00000000340A,36.5052631579,1477877006
00000000340C,27.5602649007,1477877034
00000000340B,42.9030927835,1477877003
00000000340E,36.1846153846,1477877026
000000006ADC,19.2666666667,1477876692
000000017583,34.9714285714,1477877168
00000000D400,39.3230769231,1477876769
0000000033F5,34.1114754098,1477876735
0000000033F0,31.5272727273,1477876687
0000000033F3,50.3064935065,1477876675
000000003401,10.0977777778,1477876971
000000003402,18.496,1477876905
000000003405,34.9538461538,1477876899
000000003407,29.3070422535,1477876957
000000004A60,48.3652173913,1477877111
000000010B5C,28.9074626866,1477877164
000000027AF8,19.6,1477876889
00000001AEBE,25.5312883436,1477877269
000000004A7F,20.6545454545,1477877276
000000004A7A,39.5663551402,1477877234
000000018694,29.814084507,1477877272
00000001461B,21.8695187166,1477877003
000000004A54,37.8,1477877038
0000000033DF,42.1608247423,1477876505
000000003381,46.0173913043,1477876566
000000006B71,35.5764705882,1477876837
000000008BBA,48.6857142857,1477877154
000000008BB8,35.5764705882,1477877301
00000001284A,27.8204081633,1477876934
000000008B70,43.5063829787,1477876524
000000004A5E,28.3102040816,1477877129
000000010B7F,19.7565217391,1477877262
000000026A25,12.2146964856,1477877153
000000026A22,21.5626943005,1477876786
