00000000BE60,34.1114754098,1477886550
00000001895A,30.4575539568,1477885830
00000000BE26,45.0382978723,1477885885
000000003608,39.5663551402,1477886319
000000010F30,42.9030927835,1477886410
000000029604,21.3818181818,1477886297
000000012C6C,55.2648648649,1477885880
00000000F27E,37.1368421053,1477886629
000000004E84,38.8934579439,1477886207
000000026A90,10.7301939058,1477886143
000000004EA1,27.3789473684,1477886306
000000004E75,32.4788321168,1477885982
000000026A8E,15.6221402214,1477885934
000000026A8D,12.8842105263,1477885862
00000000D7D9,42.1608247423,1477886186
000000010F26,52.9714285714,1477886244
00000000360C,42.1608247423,1477886618
00000000F299,31.5272727273,1477886380
00000000F29C,34.1114754098,1477886100
000000010F41,30.3766423358,1477886548
0000000035FC,34.9714285714,1477886097
000000003600,27.8204081633,1477886205
000000004E74,13.5417218543,1477886023
0000000035FD,33.6,1477886137
000000026A85,15.8457831325,1477885897
000000004EB0,38.8934579439,1477886461
000000012C28,24.6139534884,1477886044
00000001F304,25.4842105263,1477886606
000000004E6B,27.9302013423,1477885908
000000007007,37.8,1477886466
000000004EB5,39.2603773585,1477886515
