00000002A1E2,11.7517241379,1477882220
00000002B69A,14.0412811388,1477882231
000000026A60,16.8669322709,1477881834
000000004D0B,28.3102040816,1477882149
00000000354D,44.2723404255,1477882197
00000000354F,38.8403669725,1477882211
000000010DDF,42.1608247423,1477881913
000000003537,35.0362204724,1477881686
00000002C386,11.0829268293,1477881770
000000027545,11.0095238095,1477882059
000000026F21,21.7531914894,1477881982
00000001B0C0,41.585046729,1477882112
00000000354B,29.3070422535,1477882193
0000000295A0,18.0923076923,1477881874
000000010D66,32.9806451613,1477881767
000000010DF6,36.1846153846,1477882201
00000002BF87,15.0661921708,1477881608
000000012B1F,45.2347826087,1477882436
00000000BCEB,36.5142857143,1477881951
000000006E18,42.0363636364,1477881641
000000004D14,26.5070063694,1477882295
000000003553,30.3766423358,1477882280
00000002AB37,15.7970149254,1477882131
000000004D0A,45.2347826087,1477882133
000000003546,42.0363636364,1477882376
00000001B0B6,30.5194029851,1477881925
000000003540,21.3586592179,1477881871
000000003542,33.5213114754,1477881873
00000000353F,33.1076923077,1477881804
000000026A63,18.2526315789,1477882044
000000004CE5,40.8,1477881957
000000006E78,35.5764705882,1477882144
00000000D6C8,39.9396226415,1477882017
000000026A66,25.0698795181,1477882278
00000000353C,42.9030927835,1477881749
