00000000619E,32.8186046512,1477925834
0000000061A4,42.0363636364,1477925863
0000000061A6,43.6453608247,1477925916
0000000061C1,38.8403669725,1477926386
0000000061C5,50.3064935065,1477926393
000000003FFF,54.2634146341,1477926229
00000002BDEF,11.4644628099,1477925867
000000003FFC,46.7595505618,1477926024
000000004000,27.8204081633,1477926418
000000004001,23.6195121951,1477926430
000000004002,42.7636363636,1477926496
00000000824F,24.3310344828,1477925932
000000013D3D,50.7512195122,1477925731
000000013D43,10.6639798489,1477925885
000000028845,14.4,1477925826
00000002882E,18.5049773756,1477926010
000000003FEE,32.768503937,1477925726
00000001BDF8,37.8,1477926320
000000010291,38.8934579439,1477926321
000000003FF9,51.3777777778,1477925971
000000003FF8,47.0068965517,1477925950
000000026C82,18.3111111111,1477925803
000000006194,33.1636363636,1477925707
000000006196,45.2347826087,1477925736
