000000029F5E,14.0185430464,1477924745
000000006160,42.1608247423,1477925018
000000006163,47.8344827586,1477925088
00000000613A,35.5692307692,1477924597
00000000611B,42.5454545455,1477924705
000000006143,35.5692307692,1477924760
000000006147,45.2347826087,1477924725
000000006144,34.3663865546,1477924738
000000003FC2,42.9030927835,1477924593
000000029F60,15.2287769784,1477925175
00000002BDB8,16.4903225806,1477924574
000000008207,10.5090909091,1477924979
0000000193D1,42.1608247423,1477925287
00000000E68C,31.2902255639,1477925132
000000011F6F,45.2347826087,1477924527
000000013D16,46.0173913043,1477925112
000000026C7D,10.4593350384,1477924820
00000000CBEC,40.8,1477924585
000000003FB8,11.0387267905,1477924580
00000000614A,47.0068965517,1477924845
000000029F70,18.414159292,1477924555
000000003FD2,36.8432432432,1477925000
00000002997E,15.243956044,1477924875
000000003FD9,37.1368421053,1477925138
