0000000054EB,12.3857142857,1477902692
0000000038BC,41.5058823529,1477902683
0000000054AF,40.0153846154,1477902084
0000000075CE,27.0233766234,1477902576
0000000075CA,38.2205607477,1477902452
0000000038B9,32.2015748031,1477902661
0000000038B0,38.8934579439,1477902514
0000000075A1,26.1735849057,1477902785
000000018C5B,37.4918918919,1477902619
000000026B22,19.538028169,1477902310
0000000038AD,38.1798165138,1477902499
00000000389F,31.5272727273,1477902234
000000027094,11.8564102564,1477902392
0000000054B7,38.2205607477,1477902067
0000000075B4,23.5034482759,1477902434
0000000075C5,33.5213114754,1477902426
0000000038C3,32.768503937,1477902829
0000000054B9,34.9538461538,1477902085
00000000389C,24.9365853659,1477902216
00000000389A,47.8344827586,1477902136
000000026B26,21.0461538462,1477902765
00000000389D,16.2075313808,1477902269
000000029108,11.3086956522,1477902056
0000000276EE,16.4093023256,1477902138
00000001E34F,20.9125628141,1477902259
000000028B6F,13.7234899329,1477902266
0000000038A9,29.4,1477902330
0000000038C2,40.0941176471,1477902790
000000011484,27.1384615385,1477902819
0000000038BF,28.0109589041,1477902767
00000000DCB1,31.7023255814,1477902445
000000026B21,19.2,1477902309
00000002708F,12.4972972973,1477902125
00000001146A,38.1798165138,1477902587
0000000054C4,42.9030927835,1477902196
0000000296E5,26.3289940828,1477902277
