00000000605C,35.8736842105,1477922125
00000001A753,39.3230769231,1477921725
000000006021,40.0153846154,1477921672
0000000101AA,36.1981651376,1477921932
000000003F5E,36.5142857143,1477922317
000000006032,46.0173913043,1477921764
000000006020,40.8,1477921646
00000002A54A,25.7202312139,1477922005
000000003F32,24.3515923567,1477921538
000000003F30,31.5272727273,1477921519
00000001A785,26.5070063694,1477922040
00000000E5C7,40.0153846154,1477921595
00000000AE58,10.456281407,1477921793
000000003F56,40.8,1477922130
000000003F57,26.6769230769,1477922165
000000003F51,35.8736842105,1477922062
000000003F1B,45.2347826087,1477921520
000000013C30,33.5612903226,1477922017
00000000E5EB,54.0467532468,1477922136
00000000A0FA,37.8,1477922312
000000013BCE,33.7230769231,1477921679
000000005FE1,37.1571428571,1477921946
000000006014,47.0068965517,1477921524
000000010194,47.8344827586,1477921566
000000013C12,40.0941176471,1477921832
00000002B0E8,20.0076923077,1477921833
0000000180D2,33.5612903226,1477922232
000000026C5D,10.0765133172,1477921513
000000013C2C,37.8,1477921964
000000006016,42.9030927835,1477921564
000000006033,28.3102040816,1477921763
00000001EC25,47.8344827586,1477922312
000000003F62,47.8344827586,1477922337
