000000003108,20.7044776119,1477869260
00000001D7D8,27.4,1477869434
000000010648,29.8510948905,1477869030
000000026D55,18.523943662,1477869214
000000006665,27.4909090909,1477869774
0000000030FC,53.1116883117,1477869068
0000000030FE,30.5194029851,1477869114
000000010671,34.1114754098,1477869278
00000002698A,15.528358209,1477869246
00000000311D,27.4469798658,1477869401
000000004476,43.6453608247,1477869559
000000006603,31.5272727273,1477869177
000000003106,34.7016393443,1477869185
000000003107,45.9505617978,1477869172
000000003102,29.814084507,1477869139
000000003109,27.8204081633,1477869244
0000000043FB,38.4615384615,1477869555
00000000CF8B,39.8545454545,1477869845
000000008655,47.8344827586,1477869063
000000026993,11.2,1477869594
00000000B6AD,45.7318681319,1477869587
000000026996,12.687804878,1477869692
0000000044A6,28.3102040816,1477869805
0000000044A4,30.3766423358,1477869830
00000000310B,40.8,1477869235
000000028E26,16.1302325581,1477869600
000000003117,23.5118644068,1477869365
000000003115,40.0941176471,1477869672
000000003113,47.5826086957,1477869270
000000014152,28.504109589,1477869604
000000003111,38.1798165138,1477869274
000000003110,38.8934579439,1477869270
0000000044B0,45.9505617978,1477869831
00000000442E,14.2494773519,1477869230
000000003123,32.8186046512,1477869472
000000003120,36.5142857143,1477869426
000000004412,48.6620689655,1477869025
000000003124,40.8,1477869483
00000000313F,35.5692307692,1477869738
000000004495,42.9030927835,1477869677
00000000312C,28.3102040816,1477869557
00000000441B,44.9454545455,1477869075
00000000E991,31.5272727273,1477869022
000000003131,31.5272727273,1477869599
000000003112,31.5272727273,1477869289
00000000CFAE,43.6235294118,1477869666
000000003114,32.8186046512,1477869587
0000000169D7,30.9818181818,1477869615
000000003142,36.7865546218,1477869784
000000004433,19.2905660377,1477869210
00000001065A,30.3766423358,1477869156
00000000CF55,37.1368421053,1477869172
000000010654,34.1114754098,1477869369
000000004441,35.8736842105,1477869210
00000000E9C3,34.1419354839,1477869467
000000004447,34.1114754098,1477869311
0000000043CF,35.5764705882,1477869638
0000000273DC,12.2810810811,1477869605
000000018336,30.1565217391,1477869083
00000000B68D,32.2604651163,1477869080
00000000CFA9,47.5685393258,1477869843
