000000019DB4,32.2015748031,1477890493
00000001B260,34.9538461538,1477890164
00000000714A,24.9365853659,1477890071
00000000368D,38.1798165138,1477890168
000000026AAC,11.0095238095,1477890473
000000017878,32.3409836066,1477890652
000000003698,21.6380952381,1477890452
00000000915E,38.2205607477,1477890493
00000000500B,32.768503937,1477890304
000000026F9F,11.5043478261,1477890713
00000000500E,26.9052631579,1477890345
000000026FC0,14.2,1477890250
00000000710E,27.0222222222,1477890237
000000005009,29.7795918367,1477890329
000000005001,42.9030927835,1477890225
000000026AAB,18.3390134529,1477890338
00000000715F,40.0941176471,1477890302
00000000369B,20.9584158416,1477890650
00000000369C,23.2615384615,1477890644
00000000369D,21.675,1477890656
00000000369E,29.3070422535,1477890633
0000000036A0,40.8,1477890688
0000000036A1,40.0153846154,1477890734
000000004FF5,29.814084507,1477890104
000000007146,42.9030927835,1477890630
00000000BF36,41.5058823529,1477890259
00000000369A,30.902189781,1477890491
00000002AEFE,14.2034129693,1477890176
000000004FF4,31.0567164179,1477890052
000000017864,30.3766423358,1477890440
000000011037,29.0042553191,1477890219
00000000501E,21.675,1477890605
