31.0567164179|7|29.790|59.944|00000000370E|12
32.3175572519|3|35.014|14.539|00000000370F|12
37.1368421053|2|37.137|0.000|000000003711|12
42.0363636364|2|42.036|0.000|000000003718|12
18.7459459459|2|18.746|0.000|00000000371D|12
40.8|3|47.807|98.184|000000003720|12
19.7565217391|2|19.757|0.000|000000003721|12
27.9302013423|4|34.611|44.728|000000003722|12
21.675|2|27.247|31.047|000000003723|12
42.9030927835|3|42.492|0.339|000000003729|12
28.8|1|28.800|0.000|00000000372B|12
36.5052631579|4|33.958|142.192|000000005160|12
48.3652173913|4|40.981|56.824|000000005165|12
27.8204081633|7|29.792|86.966|000000005174|12
28.3102040816|4|34.533|55.542|000000005177|12
32.768503937|3|31.542|3.009|00000000517B|12
31.0567164179|4|33.519|7.902|00000000518B|12
34.1114754098|4|37.230|10.381|00000000518E|12
25.1532467532|3|25.806|0.851|000000005195|12
40.7076923077|3|37.681|18.318|000000005196|12
40.0941176471|5|41.929|2.522|000000007285|12
34.1114754098|9|35.684|39.937|000000011124|12
32.9806451613|4|28.621|28.839|00000001116A|12
33.3354330709|5|33.576|28.653|00000001116C|12
27.6705882353|6|34.184|187.902|000000011176|12
37.8|9|29.418|70.950|000000012ED2|12
32.768503937|8|28.675|47.540|000000018A98|12
16.1302325581|5|16.425|5.581|000000027C99|12
17.1259259259|4|14.665|7.014|000000029682|12
