32.2604651163|4|32.104|37.820|000000003312|12
40.8|4|39.831|60.180|000000003349|12
28.8|2|29.667|0.752|00000000334A|12
31.5272727273|2|31.527|0.000|000000003353|12
18.5785714286|3|29.488|238.021|000000003354|12
25.3756097561|8|35.972|101.211|000000003356|12
37.4918918919|3|38.884|3.876|000000003359|12
26.5070063694|2|26.507|0.000|00000000335B|12
32.1882352941|3|34.428|10.029|00000000335C|12
34.9714285714|2|34.971|0.000|00000000335E|12
27.3789473684|5|31.207|123.490|000000003360|12
35.8736842105|2|35.874|0.000|000000003368|12
27.8526315789|2|27.853|0.000|000000003369|12
32.5512605042|4|36.799|82.237|00000000336C|12
53.1116883117|2|53.112|0.000|00000000336D|12
26.9656050955|4|31.980|32.013|000000003371|12
26.7949367089|3|25.817|1.912|000000003373|12
27.3789473684|3|29.395|8.133|000000003375|12
29.3070422535|5|30.940|91.949|000000003379|12
31.7023255814|3|31.566|0.037|00000000337E|12
17.9379310345|2|17.938|0.000|00000000337F|12
25.720754717|3|32.106|81.530|000000003384|12
29.3070422535|2|29.307|0.000|000000003397|12
28.8935064935|3|29.201|0.189|0000000048CD|12
24.198816568|4|27.899|28.169|0000000048D2|12
40.0941176471|4|39.312|50.279|0000000048D4|12
32.2015748031|4|34.556|11.395|0000000048D8|12
32.2604651163|3|36.702|39.463|0000000048DC|12
27.9302013423|4|26.260|6.451|0000000048DE|12
40.0153846154|3|36.975|18.493|0000000048E3|12
23.776744186|3|25.372|5.092|0000000048FE|12
32.768503937|4|29.524|56.818|0000000048FF|12
37.1571428571|6|32.786|122.532|000000004908|12
37.2461538462|4|36.367|51.825|00000000490E|12
44.2723404255|3|44.784|0.523|000000004933|12
47.8344827586|3|46.174|5.518|00000000493F|12
35.2551724138|4|30.985|20.357|000000006A21|12
35.5692307692|5|31.148|16.885|000000006A74|12
26.5070063694|5|30.377|122.267|00000000B989|12
38.8403669725|10|33.612|147.205|00000000D2C6|12
27.3789473684|4|32.995|50.340|00000000D31D|12
41.5058823529|4|36.901|21.206|00000000D332|12
40.8|10|33.353|116.397|00000000ED91|12
33.5213114754|3|36.787|21.325|00000000EDC7|12
38.8934579439|6|33.168|60.242|0000000109D6|12
29.9395683453|5|34.080|29.234|000000010A56|12
37.1571428571|9|24.585|80.495|000000012632|12
32.9806451613|6|27.165|39.533|000000012736|12
28.8|5|26.739|38.634|0000000144F6|12
27.9849056604|7|35.864|63.940|0000000174E9|12
52.1142857143|6|32.914|271.155|000000018607|12
37.1571428571|6|35.123|60.575|00000001ADD4|12
16.713253012|2|16.713|0.000|000000026A01|12
19.538028169|2|19.538|0.000|000000026A03|12
10.3511002445|2|10.351|0.000|000000026A04|12
17.4857142857|2|17.486|0.000|000000026A07|12
12.4598802395|2|12.460|0.000|000000026E44|12
18.6230769231|3|16.664|7.674|000000028997|12
12.3757188498|3|11.978|0.317|0000000294FA|12
14.7107913669|6|18.933|22.746|00000002BA73|12
11.5279778393|7|15.326|20.490|00000002C33A|12
