10.0977777778|4|20.333|138.336|000000003401|12
18.496|7|34.357|152.196|000000003402|12
34.9538461538|2|34.954|0.000|000000003405|12
29.3070422535|6|31.661|111.458|000000003407|12
36.5052631579|2|36.505|0.000|00000000340A|12
42.9030927835|7|31.860|107.686|00000000340B|12
27.5602649007|2|27.560|0.000|00000000340C|12
36.1846153846|3|37.567|3.822|00000000340E|12
21.3|1|21.300|0.000|000000003413|12
36.5052631579|5|37.709|46.305|000000003415|12
37.1571428571|2|37.157|0.000|000000003419|12
32.768503937|2|32.769|0.000|00000000341C|12
23.5118644068|2|23.512|0.000|000000003422|12
33.5213114754|2|33.521|0.000|00000000342A|12
33.3354330709|3|38.119|45.768|000000003430|12
31.5272727273|2|31.527|0.000|00000000343C|12
10.9935483871|3|18.683|118.252|0000000048CC|12
29.3070422535|3|33.132|29.257|0000000049F7|12
32.2015748031|5|30.580|53.278|000000004A12|12
24.919760479|3|28.474|25.264|000000004A1A|12
33.0285714286|5|32.624|49.084|000000004A20|12
37.1571428571|5|36.850|45.936|000000004A23|12
31.5272727273|7|36.263|46.193|000000004A2C|12
37.8|5|37.096|66.986|000000004A54|12
28.3102040816|6|34.158|75.087|000000004A5E|12
48.3652173913|4|38.895|90.606|000000004A60|12
38.8403669725|3|37.546|3.350|000000004A76|12
29.9395683453|6|31.614|79.564|000000004A77|12
39.5663551402|4|38.444|38.675|000000004A7A|12
20.6545454545|4|30.542|99.699|000000004A7F|12
17.9379310345|4|29.996|145.856|000000004A80|12
37.1571428571|4|31.320|56.220|000000004A81|12
27.8204081633|3|26.019|6.492|000000004A90|12
41.585046729|3|39.690|7.180|000000004AC6|12
38.0307692308|4|34.334|47.456|000000006B6F|12
35.5764705882|8|29.932|81.609|000000006B71|12
32.0727272727|7|34.010|38.596|000000006B9F|12
40.8|4|37.430|16.362|000000006BEC|12
38.5811320755|4|40.142|95.562|000000006C06|12
27.9302013423|5|23.674|30.703|000000008BAF|12
35.5764705882|4|31.011|82.051|000000008BB8|12
48.6857142857|6|36.641|156.221|000000008BBA|12
30.5194029851|4|29.444|4.349|000000008BF9|12
32.9806451613|9|29.626|66.880|00000000B0F1|12
33.1636363636|9|36.482|76.056|00000000EE86|12
29.3070422535|4|29.282|0.015|00000000EED2|12
41.5058823529|3|38.819|14.435|00000000EEE0|12
33.9348837209|4|32.541|77.385|00000000EF03|12
13.7801324503|3|15.763|7.863|000000010B2E|12
38.8934579439|7|35.085|66.219|000000010B53|12
28.9074626866|6|29.765|40.728|000000010B5C|12
19.7565217391|6|34.546|122.193|000000010B7F|12
40.8|5|37.134|36.632|000000010B9A|12
27.8204081633|4|30.715|16.447|00000001284A|12
21.8695187166|10|26.304|151.954|00000001461B|12
31.9532846715|10|34.674|19.234|000000017510|12
34.9714285714|7|33.093|13.084|000000017583|12
29.814084507|16|30.566|111.722|000000018694|12
25.5312883436|5|23.858|2.985|00000001AEBE|12
38.8934579439|6|32.312|53.415|00000001C4DB|12
15.0782608696|2|15.078|0.000|000000026A12|12
12.2146964856|2|12.215|0.000|000000026A25|12
15.4825174825|4|12.898|6.690|000000026E19|12
19.6|6|14.968|21.489|000000027AF8|12
16.7806451613|4|16.604|0.108|00000002829E|12
12.9865030675|6|11.508|1.239|000000028448|12
21.5626943005|5|17.705|21.515|000000028996|12
13.1922580645|4|16.415|10.413|000000029B30|12
19.9119617225|4|17.363|10.599|00000002AE32|12
