35.5692307692|2|35.569|0.000|0000000032B7|12
35.5764705882|5|29.738|82.656|0000000032BB|12
36.1846153846|2|36.185|0.000|0000000032BC|12
21.4515463918|2|21.452|0.000|0000000032BE|12
41.5058823529|3|44.008|12.525|0000000032C3|12
32.2604651163|3|34.951|14.476|0000000032C6|12
22.8659340659|2|22.866|0.000|0000000032C9|12
34.1114754098|2|34.111|0.000|0000000032CD|12
31.7679389313|3|34.986|20.717|0000000032CE|12
27.0233766234|2|27.023|0.000|0000000032D5|12
28.7006896552|2|28.701|0.000|0000000032D6|12
10.276056338|5|29.007|239.143|0000000032E2|12
26.5558441558|5|28.061|68.711|0000000032E4|12
32.0115107914|2|32.012|0.000|0000000032E5|12
39.5663551402|2|39.566|0.000|0000000032E9|12
47.8344827586|3|47.219|0.758|0000000032EF|12
41.9168316832|2|41.917|0.000|0000000032F0|12
46.7595505618|2|46.760|0.000|0000000032F4|12
40.4910891089|2|40.491|0.000|0000000032F6|12
44.2723404255|2|44.272|0.000|000000003301|12
34.1114754098|3|27.938|76.229|0000000047A6|12
24.624852071|7|31.192|120.273|0000000047A7|12
35.5376146789|6|30.666|62.366|0000000047B2|12
38.5333333333|5|34.742|55.305|0000000047BD|12
32.2015748031|3|32.160|0.004|0000000047C6|12
48.3652173913|4|38.753|93.068|0000000047CF|12
34.9714285714|3|37.446|12.249|0000000047DA|12
24.1953488372|3|26.194|7.988|0000000047DE|12
42.9030927835|3|40.161|15.038|0000000047F1|12
27.4469798658|3|30.159|14.707|0000000047F7|12
30.9818181818|3|31.543|0.630|00000000480F|12
37.1368421053|3|33.795|22.341|0000000068B0|12
47.8344827586|3|38.423|177.152|0000000068C9|12
42.9030927835|2|42.903|0.000|0000000068F6|12
34.1114754098|4|30.722|17.279|00000000695E|12
32.0727272727|4|30.298|12.661|000000006968|12
28.9|6|29.343|177.656|000000006974|12
37.4153846154|4|31.488|40.296|00000000698D|12
31.5272727273|4|25.432|37.645|00000000698F|12
39.3230769231|6|35.102|39.508|00000000B90B|12
33.3354330709|5|28.426|62.650|00000000D18A|12
24.198816568|6|29.125|99.765|00000000D25C|12
36.1846153846|8|32.618|82.047|0000000108DA|12
42.7636363636|6|37.880|103.980|00000001093D|12
32.768503937|6|28.213|27.325|000000010942|12
42.9030927835|6|33.444|88.277|000000012658|12
26.5558441558|5|24.613|20.829|00000001269E|12
37.8|5|27.870|74.103|0000000126BD|12
26.5558441558|9|31.659|89.886|000000014362|12
38.5333333333|5|34.391|98.542|000000016ABC|12
39.5663551402|6|37.628|65.300|000000016AD0|12
28.8|6|36.069|85.773|000000017417|12
30.902189781|5|30.715|74.196|000000017419|12
28.8|4|27.830|50.106|00000001984E|12
22.2545454545|6|27.233|34.175|0000000198A3|12
39.2603773585|12|28.946|105.623|00000001C201|12
34.1114754098|7|26.580|48.809|00000001C2EC|12
48.6620689655|4|39.528|148.773|00000001C300|12
18.6618834081|2|18.662|0.000|0000000269EA|12
17.3288135593|2|17.329|0.000|0000000269F2|12
14.7107913669|2|14.711|0.000|0000000269F4|12
17.6338983051|2|17.634|0.000|0000000269F5|12
20.5514563107|3|18.956|5.089|000000026DF0|12
14.4|2|14.400|0.000|000000026E05|12
20.3462686567|3|17.302|18.539|000000026E1C|12
14.0594594595|2|14.059|0.000|00000002843A|12
10.7257731959|5|12.510|2.518|00000002895E|12
12.4152492669|3|14.073|5.497|000000028965|12
14.45|5|16.051|18.019|000000029AE5|12
