28.8|2|37.566|76.837|000000003B22|12
31.7023255814|2|31.702|0.000|000000003B28|12
43.6453608247|7|39.280|114.255|000000003B2A|12
37.1571428571|4|38.010|59.970|000000003B30|12
29.514893617|2|29.515|0.000|000000003B34|12
23.5118644068|2|23.512|0.000|000000003B3A|12
37.519266055|3|29.768|120.168|000000003B3B|12
32.2015748031|6|27.965|61.080|000000003B3C|12
30.4575539568|2|30.458|0.000|000000003B4F|12
29.8510948905|2|29.851|0.000|000000003B53|12
36.2018691589|3|34.575|5.296|000000003B57|12
42.9030927835|3|40.574|10.852|000000003B5F|12
39.5663551402|3|40.994|4.075|000000003B60|12
23.3467455621|2|23.347|0.000|000000003B6A|12
44.2723404255|3|46.027|6.154|000000003B6B|12
40.6762886598|2|40.676|0.000|000000003B6F|12
37.1368421053|2|37.137|0.000|000000003B74|12
33.5612903226|2|33.561|0.000|000000003B75|12
32.9806451613|4|33.870|33.231|0000000057DB|12
27.3789473684|5|30.785|41.363|00000000594F|12
42.9030927835|4|37.723|79.971|000000005994|12
11.4016438356|6|31.532|291.120|0000000059B0|12
42.7636363636|4|36.447|42.723|0000000059CA|12
37.1571428571|7|33.267|80.109|0000000059D0|12
32.3175572519|5|36.346|101.822|0000000059D5|12
37.8|3|33.298|40.532|0000000059E4|12
30.3766423358|3|33.024|14.019|0000000059E8|12
51.1448275862|3|42.558|147.478|0000000059FE|12
36.5052631579|3|34.208|10.551|000000005A09|12
34.9538461538|3|30.278|43.728|000000005A0A|12
43.5235955056|3|40.662|16.376|000000005A33|12
37.1368421053|4|32.401|92.777|000000007A27|12
38.0307692308|6|29.108|125.802|000000007A30|12
36.4965517241|8|30.779|75.503|000000007A59|12
27.8204081633|5|27.539|31.986|000000007A6C|12
29.9395683453|5|23.611|51.458|000000009A53|12
28.3102040816|5|26.339|49.872|000000009A61|12
31.5940298507|7|31.463|44.724|00000000B2C0|12
32.0727272727|6|33.976|175.724|00000000C608|12
42.1608247423|8|31.249|93.062|00000000E05B|12
24.1953488372|3|27.019|15.943|00000000E074|12
34.9538461538|6|35.291|31.589|00000000E085|12
36.1846153846|8|30.856|89.003|00000000E097|12
31.5272727273|8|33.011|96.759|00000000E09F|12
25.1312101911|12|28.666|136.588|00000000FB13|12
28.4|4|28.914|129.344|00000000FB40|12
21.8695187166|5|21.183|9.197|00000000FB8F|12
33.3354330709|9|35.958|75.568|00000000FB9C|12
37.1571428571|3|34.501|14.111|00000000FBEC|12
31.0829268293|3|30.418|0.883|00000000FBF8|12
37.1571428571|3|34.643|12.642|00000000FC05|12
28.0109589041|9|24.381|39.521|000000011785|12
29.4215827338|4|28.652|54.594|00000001184C|12
32.768503937|6|25.989|56.367|000000011854|12
28.3102040816|6|28.813|52.457|000000011877|12
31.5272727273|6|27.962|27.348|000000011898|12
29.9395683453|4|29.070|23.592|0000000118C9|12
40.7076923077|4|32.431|70.717|0000000118EB|12
38.2205607477|6|33.199|127.615|000000013511|12
38.2205607477|7|30.733|89.473|000000013538|12
45.0382978723|10|28.304|149.858|000000015366|12
45.0382978723|9|31.558|114.645|00000001536D|12
27.3789473684|7|31.051|115.560|00000001650E|12
34.1114754098|6|34.634|46.449|00000001A32B|12
30.9818181818|14|23.256|96.071|00000001B786|12
41.9744680851|7|28.809|112.159|00000001B8A1|12
19.6301886792|5|22.394|48.218|00000001B8B2|12
22.3741935484|7|24.379|36.942|00000001E68F|12
14.6535211268|2|14.654|0.000|000000026BA9|12
17.3288135593|2|17.329|0.000|000000026BAE|12
18.0155844156|5|20.590|10.539|000000027111|12
13.9651006711|5|16.373|13.500|000000027173|12
20.4110091743|3|19.811|0.720|00000002717D|12
12.687804878|3|13.237|0.602|00000002717F|12
20.9419354839|5|18.432|4.604|00000002816E|12
20.2019417476|6|15.966|9.341|000000029171|12
11.6245810056|4|13.927|6.649|0000000291A6|12
14.9697841727|4|16.106|4.656|0000000291C1|12
13.6567741935|3|16.037|11.333|000000029DEA|12
