31.5272727273|2|31.527|0.000|000000003580|12
15.2837545126|2|15.284|0.000|000000003588|12
34.9714285714|3|36.996|8.195|00000000358A|12
35.5764705882|3|36.273|0.971|00000000358D|12
16.5142857143|2|16.514|0.000|00000000358F|12
30.4575539568|3|37.077|87.626|000000003596|12
32.6082644628|2|32.608|0.000|000000003599|12
38.1798165138|2|38.180|0.000|00000000359B|12
44.452173913|2|44.452|0.000|0000000035A0|12
37.8|3|40.383|13.343|0000000035A7|12
23.3900552486|2|23.390|0.000|0000000035A8|12
42.1608247423|2|42.161|0.000|0000000035A9|12
40.0153846154|2|40.015|0.000|0000000035AA|12
38.1882352941|2|38.188|0.000|0000000035B0|12
42.1608247423|3|39.760|11.529|000000004D89|12
32.768503937|4|35.018|12.193|000000004D9A|12
25.1532467532|4|30.023|29.886|000000004DB7|12
34.9714285714|3|35.175|0.083|000000004DBB|12
32.6686567164|3|31.187|4.392|000000004DCA|12
38.8934579439|4|39.463|4.211|000000006F39|12
36.1846153846|4|32.493|17.902|000000008EFE|12
31.7023255814|4|30.354|68.434|000000008F3A|12
29.514893617|4|32.364|14.982|00000000D743|12
21.4021978022|6|31.323|95.494|00000000D744|12
30.7428571429|6|34.736|64.853|00000000D74F|12
34.4692913386|8|29.840|73.703|000000010E4D|12
28.6411764706|5|31.478|20.211|000000010E6C|12
45.1298969072|12|32.959|124.921|000000019C41|12
40.5333333333|8|37.189|40.535|00000001DEC6|12
38.2205607477|10|35.730|57.380|00000001F2BE|12
18.0155844156|2|18.016|0.000|000000026A7D|12
16.1302325581|4|14.407|4.969|000000027BF7|12
