00000001E71B,24.403539823,1477909526
00000001E71C,25.4355140187,1477909534
00000002C486,17.0138613861,1477909245
00000001E729,20.5026022305,1477909654
00000001E728,20.0117647059,1477909651
00000001F6C2,18.8876712329,1477909332
00000001E723,19.7470588235,1477909608
00000001E721,18.5696969697,1477909612
00000001E726,18.6955932203,1477909635
00000001E725,19.1661971831,1477909622
00000001E724,21.3142857143,1477909598
00000002C48B,11.7310344828,1477909714
00000001F6F2,22.9538461538,1477909922
00000001E72C,20.3865168539,1477909667
00000001E72B,16.11,1477909686
00000001E72D,21.0503816794,1477909669
00000001E717,21.4299212598,1477909777
00000001E710,21.179766537,1477909455
00000001F6F4,22.7900826446,1477909944
000000025EDC,10.08,1477909556
00000001E707,19.602919708,1477909399
00000002C183,16.1041420118,1477909885
00000002C185,17.3904153355,1477909929
00000001E70C,22.6632911392,1477909412
00000001E70F,18.5142857143,1477909465
00000001F6E2,19.6505415162,1477909679
00000001F6E0,20.1168539326,1477909668
00000001F6C0,18.8346020761,1477909316
00000001E75D,21.459922179,1477909954
00000001E75E,21.7457489879,1477909955
00000002C163,11.0746987952,1477909202
00000002C17D,14.1381818182,1477909651
00000001F6D1,17.4461538462,1477909563
00000001F6D5,19.4666666667,1477909543
00000001F6D8,18.585467128,1477909808
00000001F6DA,21.1310344828,1477909853
00000001F6D6,21.8748091603,1477909744
00000002C179,18.0837209302,1477909518
00000002C178,21.0976744186,1477909455
00000002C177,10.386440678,1477909593
00000002C174,10.2123827392,1477909486
00000001E757,18.585467128,1477909939
00000001E6E7,16.1263157895,1477909208
00000001F6A1,19.2167247387,1477909495
00000001F6A8,22.3081967213,1477909219
00000001E6E8,16.3258358663,1477909205
00000001E73C,19.1661971831,1477909791
00000001E73D,20.5026022305,1477909788
00000001E749,22.1950413223,1477909846
00000001E747,22.1493975904,1477909838
00000001E743,16.8376175549,1477909837
00000001E742,25.0838709677,1477909778
00000001E6FB,21.2625,1477909285
00000001E6FC,19.7217391304,1477909301
00000001E6FA,20.8909090909,1477909291
00000001E6FD,17.7795918367,1477909333
00000001E6FE,13.8857142857,1477909407
00000001E6F4,20.9353846154,1477909251
00000001E6F8,20.0117647059,1477909281
00000001E6F9,16.0814371257,1477909327
00000001E735,20.7755725191,1477909723
