00000001E194,21.4229508197,1477894893
00000001E197,39.2058394161,1477894908
00000001E190,32.7512195122,1477894808
00000001E193,29.264516129,1477894859
00000001E17A,20.7382239382,1477894482
00000002C067,21.6860557769,1477894533
00000001E179,32.594011976,1477894425
00000002C063,14.9950413223,1477894478
00000002C062,19.9826086957,1477894401
00000001E169,30.470718232,1477894323
00000001F3D5,15.0736842105,1477894211
00000001F3F0,34.2339622642,1477894966
00000001F3EA,40.3605633803,1477894822
00000002C054,11.0746987952,1477894491
00000001E189,35.3454545455,1477894748
00000001E186,32.594011976,1477894704
00000001E184,31.1593220339,1477894830
00000001E16F,29.5826086957,1477894290
00000001E176,29.1080213904,1477894399
00000001E17F,27.3527638191,1477894517
00000001E173,39.1597122302,1477894343
00000001F3E7,16.297005988,1477894693
00000001F3E0,34.2559006211,1477894339
00000001E19D,48.1613445378,1477894962
00000001E19E,39.114893617,1477894975
