00000001E050,22.0372469636,1477890035
00000001E053,26.3294117647,1477890060
00000001E059,36.5387755102,1477890174
00000001E071,42.8598425197,1477890500
00000001F36E,22.9670886076,1477889812
00000002C01B,20.98125,1477890316
00000001E043,40.2569343066,1477890104
00000001E04C,16.3951807229,1477890024
00000001E04A,21.6,1477889959
00000001E06A,48.9846153846,1477890393
00000001E06B,32.594011976,1477890427
00000001E04E,41.2363636364,1477889955
00000001E048,31.6465116279,1477889885
00000001E069,37.2155844156,1477890394
00000001E026,43.4181818182,1477889721
00000001E042,17.2890282132,1477889838
00000001E065,26.0440191388,1477890386
00000001E047,33.6292682927,1477890266
00000001E044,37.3,1477889807
