37.7753424658|5|33.432|34.355|00000001E20F|81
30.8694610778|2|30.869|0.000|00000001E211|81
24.7520737327|4|24.130|2.727|00000001E212|81
34.6203592814|3|32.076|12.948|00000001E214|81
23.9788546256|3|26.971|17.900|00000001E219|81
31.6465116279|3|28.041|25.993|00000001E21C|81
37.8253521127|3|44.626|92.487|00000001E21D|81
35.8105263158|6|30.785|94.556|00000001E220|81
37.8|3|36.549|6.663|00000001E223|81
25.0838709677|4|28.795|14.552|00000001E225|81
21.8748091603|4|28.139|42.056|00000001E227|81
20.8996108949|3|25.740|46.863|00000001E229|81
17.7154639175|2|17.715|0.000|00000001E22B|81
41.2363636364|5|36.816|15.714|00000001E22D|81
29.5826086957|2|29.583|0.000|00000001E230|81
37.8|1|37.800|0.000|00000001E239|81
31.1593220339|2|31.159|0.000|00000001E23B|81
33.9124260355|2|33.912|0.000|00000001E23C|81
37.8253521127|2|37.825|0.000|00000001E23D|81
41.7818181818|2|41.782|0.000|00000001E240|81
12.2630136986|2|12.263|0.000|00000002C076|81
18.5774744027|4|17.866|7.138|00000002C078|81
11.7167701863|2|11.717|0.000|00000002C079|81
