30.4089385475|4|29.304|15.863|00000001E025|81
34.2114649682|5|32.518|8.347|00000001E028|81
35.8105263158|2|35.811|0.000|00000001E029|81
38.8394366197|3|36.624|9.815|00000001E02D|81
20.7382239382|6|29.297|87.972|00000001E032|81
36.2842105263|2|36.284|0.000|00000001E039|81
45.206557377|3|35.815|176.385|00000001E03A|81
17.2890282132|5|32.043|208.476|00000001E042|81
37.3|1|37.300|0.000|00000001E044|81
31.6465116279|2|31.647|0.000|00000001E048|81
22.9670886076|3|27.079|33.818|00000001F36E|81
20.9703422053|3|18.923|8.387|00000002C00C|81
14.1720316623|2|14.172|0.000|00000002C014|81
16.4447129909|2|16.445|0.000|00000002C017|81
