32.2082840237|2|32.208|0.000|00000001E88E|81
34.0444444444|5|24.930|68.370|00000001E894|81
36.0452830189|4|30.776|36.791|00000001E897|81
47.1384615385|3|44.430|14.672|00000001E89D|81
30.9301775148|5|27.432|60.210|00000001E89E|81
27.4388059701|5|23.089|13.326|00000001E89F|81
26.0440191388|4|23.568|8.393|00000001E8B2|81
41.1582089552|3|35.250|69.807|00000001E8B9|81
28.4984293194|3|29.119|0.769|00000001E8C1|81
31.8222222222|4|25.772|37.007|00000001E8CA|81
25.6754716981|3|24.928|1.116|00000001E8CB|81
37.6291970803|2|37.629|0.000|00000001E8CD|81
28.8|1|28.800|0.000|00000001E8CF|81
16.5777777778|2|16.578|0.000|00000001E8D2|81
24.9556561086|3|23.507|4.195|00000001E8D8|81
35.3454545455|3|30.807|41.195|00000001E8D9|81
31.7822485207|3|27.142|43.072|00000001E8DC|81
32.594011976|2|32.594|0.000|00000001E8DD|81
31.6465116279|3|26.395|55.165|00000001E8DE|81
35.8105263158|3|29.682|75.108|00000001E8E0|81
38.3|2|30.049|68.081|00000001E8E5|81
29.4930481283|3|27.744|6.122|00000001E8E6|81
29.5826086957|3|26.672|16.943|00000001E8E7|81
40.2569343066|2|40.257|0.000|00000001E8EA|81
37.8|2|28.737|82.130|00000001E8EC|81
19.5096774194|2|19.510|0.000|00000001E8ED|81
24.3|1|24.300|0.000|00000001E8EF|81
37.3|2|33.800|12.250|00000001E8F7|81
32.8754716981|2|32.875|0.000|00000001E900|81
39.9627906977|2|39.963|0.000|00000001E90D|81
36.5387755102|7|32.793|127.473|00000001F7A5|81
35.3777777778|4|32.168|154.952|00000001F7A7|81
37.8|5|32.785|30.097|00000001F7A8|81
26.5900990099|5|26.302|54.695|00000001F7B0|81
30.7525423729|3|31.527|1.199|00000001F7B5|81
39.8535211268|4|27.547|158.394|00000001F7BA|81
14.556097561|3|22.925|140.081|00000001F7BE|81
29.1080213904|3|33.436|37.465|00000001F7C0|81
20.0591439689|5|24.946|57.474|00000001F7C5|81
26.9465346535|3|27.764|1.338|00000001F7DF|81
18.4288808664|3|22.860|39.267|00000001F7E0|81
12.6786206897|2|12.679|0.000|000000025BEC|81
13.9928020566|2|13.993|0.000|00000002C1BB|81
18.3891891892|2|18.389|0.000|00000002C1BD|81
15.4636363636|2|15.464|0.000|00000002C1C2|81
20.3568345324|2|20.357|0.000|00000002C1C9|81
15.9857142857|4|18.404|6.001|00000002C4B3|81
14.5930294906|2|14.593|0.000|00000002C4BA|81
13.508411215|3|13.156|0.248|00000002C4BC|81
