23.2615384615|2|23.262|0.000|00000001E460|81
26.2956521739|4|23.164|10.727|00000001E469|81
27.3527638191|4|27.199|25.509|00000001E46B|81
39.7313868613|2|39.731|0.000|00000001E46E|81
37.0285714286|5|27.577|72.152|00000001E46F|81
35.1286624204|8|33.361|65.167|00000001E472|81
33.1555555556|5|30.611|49.190|00000001E475|81
11.5812765957|6|24.251|111.662|00000001E477|81
26.6823529412|4|22.686|20.982|00000001E478|81
40.0835820896|2|40.084|0.000|00000001E47B|81
29.9076923077|2|29.908|0.000|00000001E47E|81
29.9720930233|3|27.700|10.326|00000001E48B|81
34.6700636943|2|34.670|0.000|00000001E48C|81
27.6304568528|3|28.383|1.133|00000001E48F|81
28.35|4|23.611|28.794|00000001E490|81
38.8394366197|4|31.067|62.556|00000001E493|81
38.8394366197|4|28.740|103.838|00000001E494|81
28.7229946524|5|30.501|71.985|00000001E497|81
34.0444444444|2|34.044|0.000|00000001E498|81
32.1628742515|2|32.163|0.000|00000001E49A|81
35.1286624204|4|33.821|63.473|00000001E49B|81
11.4186335404|6|22.736|89.689|00000001E49D|81
36.3042253521|2|36.304|0.000|00000001E4A2|81
22.3287449393|3|22.456|0.032|00000001E4A8|81
28.7229946524|3|27.640|2.344|00000001E4B8|81
30.0067039106|3|29.564|0.393|00000001E4B9|81
30.7525423729|2|30.753|0.000|00000001E4BD|81
31.2279069767|3|27.746|24.253|00000001E4BE|81
31.6465116279|2|31.647|0.000|00000001E4C3|81
25.5857142857|2|25.586|0.000|00000001E4C4|81
36.5315436242|3|32.901|26.369|00000001E4CA|81
24.1945945946|2|24.195|0.000|00000001E4CC|81
23.052360515|2|23.052|0.000|00000001E4CF|81
30.9272727273|2|30.927|0.000|00000001E4D4|81
33.6|1|33.600|0.000|00000001E4D5|81
43.8967741935|3|42.100|6.458|00000001E4D8|81
44.6163934426|3|39.944|43.658|00000001E4D9|81
38.6417266187|2|38.642|0.000|00000001E4DA|81
30.4089385475|2|30.409|0.000|00000001E4DB|81
28.7229946524|2|28.723|0.000|00000001E4DF|81
37.6057553957|2|37.606|0.000|00000001E4E3|81
12.4621809745|10|32.264|160.227|00000001F566|81
34.6700636943|7|31.861|33.143|00000001F578|81
27.4909090909|3|28.859|3.741|00000001F583|81
30.4089385475|3|34.266|29.751|00000001F584|81
27.9529411765|5|26.656|59.110|00000001F588|81
27.6304568528|3|32.451|46.477|00000001F593|81
30.4089385475|5|28.856|27.877|00000001F594|81
26.2956521739|3|29.885|25.760|00000001F59E|81
10.6475138122|3|12.140|4.457|00000002C0F0|81
19.15|1|19.150|0.000|00000002C0F2|81
14.7966942149|2|14.797|0.000|00000002C0FA|81
17.063322884|2|17.063|0.000|00000002C0FB|81
16.1297297297|2|16.130|0.000|00000002C0FE|81
19.0405315615|2|19.041|0.000|00000002C100|81
20.4631578947|2|20.463|0.000|00000002C438|81
17.9643564356|3|18.487|0.547|00000002C43E|81
