37.0285714286|6|25.841|84.371|00000001DCE1|81
22.3081967213|5|24.752|19.582|00000001DD1B|81
32.2082840237|2|32.208|0.000|00000001DD1E|81
34.6700636943|3|36.379|5.838|00000001DD20|81
28.725|4|24.192|20.581|00000001DD23|81
48.6|3|28.755|197.231|00000001DD27|81
36.5315436242|7|24.643|73.877|00000001DD28|81
46.9770491803|4|33.333|188.889|00000001DD35|81
42.2557377049|3|35.534|90.369|00000001DD37|81
38.3323943662|2|38.332|0.000|00000001DD38|81
20.8909090909|2|20.891|0.000|00000001DD3A|81
29.1080213904|2|29.108|0.000|00000001DD46|81
28.35|3|25.829|12.713|00000001DD48|81
10.8864|4|22.339|78.257|00000001DD49|81
19.5096774194|3|19.362|0.044|00000001DD53|81
29.5826086957|2|29.583|0.000|00000001DD59|81
29.1080213904|3|25.999|19.333|00000001DD5A|81
24.5189189189|3|23.115|3.943|00000001DD5C|81
20.8996108949|2|20.900|0.000|00000001DD66|81
36.5315436242|3|38.282|6.128|00000001DD6C|81
46.5230769231|3|43.251|21.414|00000001DD6D|81
31.2827586207|2|31.283|0.000|00000001DD72|81
37.0285714286|3|37.486|0.418|00000001F1DD|81
25.6754716981|5|28.462|25.563|00000001F1E0|81
31.2827586207|4|30.316|30.959|00000001F1E5|81
31.6965517241|4|31.683|66.482|00000001F1E7|81
31.2827586207|5|25.892|26.566|00000001F1F0|81
37.8|6|28.534|125.710|00000001F1F2|81
27.6304568528|3|32.376|45.038|00000001F1F8|81
42.2929133858|3|37.127|53.375|00000001F1FD|81
28.7229946524|4|28.825|28.413|00000001F207|81
30.4089385475|3|30.406|0.000|00000001F209|81
34.6867924528|3|34.281|0.329|00000001F20B|81
19.7217391304|3|17.461|10.226|00000002BF6B|81
10.8290322581|2|10.829|0.000|00000002BF6D|81
10.6105263158|2|10.611|0.000|00000002BF74|81
15.8134969325|3|15.806|0.000|00000002BF77|81
14.1720316623|2|14.172|0.000|00000002BF7F|81
21.2300395257|4|17.275|17.617|00000002C37A|81
