53.0422018349|2|53.042|0.000|00000001ECB4|81
35.812987013|3|40.878|51.307|00000001ECB9|81
40.2569343066|5|38.921|17.890|00000001ECBA|81
34.6700636943|4|35.358|12.741|00000001ECBF|81
49.2428571429|6|42.591|67.884|00000001ECC1|81
40.2569343066|2|40.257|0.000|00000001ECC5|81
42.7534883721|4|40.506|7.299|00000001ECC6|81
54.9818181818|2|54.982|0.000|00000001ECD3|81
26.552195122|4|28.410|27.031|00000001FA5A|81
33.7811320755|5|36.761|11.053|00000001FA5B|81
31.6465116279|7|36.781|37.323|00000001FA63|81
40.2569343066|3|40.869|0.749|00000001FA66|81
27.0352941176|4|35.829|77.539|00000001FA68|81
32.1628742515|3|36.822|43.406|00000001FA70|81
20.4631578947|2|20.463|0.000|00000002C283|81
16.5951219512|3|15.071|4.643|00000002C571|81
