30.470718232|4|26.745|14.671|00000001DAFE|81
26.2956521739|6|23.897|21.203|00000001DB1D|81
42.2929133858|3|37.965|37.454|00000001DB21|81
29.1080213904|2|29.108|0.000|00000001DB23|81
26.9465346535|2|26.947|0.000|00000001DB24|81
33.1902439024|3|33.317|0.032|00000001DB2D|81
26.9909547739|5|22.973|13.820|00000001DB2F|81
36.5387755102|2|36.539|0.000|00000001DB31|81
29.5826086957|6|30.132|42.622|00000001DB37|81
30.3906976744|2|30.391|0.000|00000001DB39|81
24.6298642534|2|24.630|0.000|00000001DB40|81
25.2642857143|4|22.932|5.443|00000001DB44|81
39.7313868613|3|32.875|94.018|00000001DB45|81
28.419047619|4|25.043|11.400|00000001DB4C|81
29.9076923077|3|25.399|40.662|00000001DB4D|81
22.2387096774|5|31.728|85.562|00000001DB50|81
29.1913043478|4|25.372|17.937|00000001DB54|81
39.6776978417|4|32.250|68.489|00000001DB57|81
24.2960352423|3|23.675|0.770|00000001DB5B|81
38.3323943662|4|31.271|65.993|00000001DB5C|81
45.1361344538|2|45.136|0.000|00000001DB5E|81
39.8|2|29.737|101.255|00000001DB63|81
25.1835616438|2|25.184|0.000|00000001DB65|81
34.2559006211|3|29.159|51.958|00000001DB66|81
19.5096774194|4|31.889|167.420|00000001DB67|81
35.3368421053|4|34.111|17.298|00000001DB69|81
24.2960352423|2|24.296|0.000|00000001DB6C|81
28.0577319588|3|25.370|14.444|00000001DB6F|81
41.1582089552|3|34.407|91.158|00000001DB73|81
31.6465116279|2|31.647|0.000|00000001DB79|81
47.7473684211|3|43.394|37.900|00000001DB7D|81
33.1555555556|2|33.156|0.000|00000001DB7F|81
36.2842105263|2|36.284|0.000|00000001DB80|81
31.2279069767|2|31.228|0.000|00000001DB81|81
26.9465346535|2|26.947|0.000|00000001DB83|81
33.9124260355|2|33.912|0.000|00000001DB85|81
24.7520737327|3|27.658|16.890|00000001F0EE|81
26.1685279188|7|26.425|47.456|00000001F0EF|81
37.0285714286|4|34.484|23.328|00000001F0F8|81
37.0147651007|6|31.545|42.807|00000001F0F9|81
28.1214659686|4|28.228|38.102|00000001F105|81
21.8602409639|3|31.422|182.873|00000001F108|81
34.5986577181|3|34.841|0.117|00000001F111|81
26.9909547739|3|26.104|1.572|00000001F112|81
16.9570093458|2|16.957|0.000|00000002BEFF|81
10.8566929134|2|10.857|0.000|00000002BF06|81
13.4954773869|2|13.495|0.000|00000002BF0E|81
