29.9720930233|2|29.972|0.000|00000001E1DD|81
15.9157894737|6|25.410|52.352|00000001E1E3|81
30.4089385475|2|30.409|0.000|00000001E1E4|81
33.1902439024|3|34.587|3.900|00000001E1E7|81
32.1628742515|2|32.163|0.000|00000001E1E8|81
21.0503816794|3|21.845|1.263|00000001E1EA|81
26.3294117647|3|26.459|0.034|00000001E1EB|81
23.5636363636|3|27.945|38.386|00000001E1EF|81
39.2058394161|3|31.312|124.628|00000001E1F0|81
13.3411764706|5|23.384|77.266|00000001E1F4|81
18.384|5|33.872|138.194|00000001E1F6|81
41.2316546763|3|38.949|10.417|00000001E1FA|81
29.4930481283|2|29.493|0.000|00000001E1FB|81
36.5315436242|3|36.750|0.096|00000001E200|81
31.1593220339|3|32.462|3.395|00000001E201|81
39.2058394161|2|39.206|0.000|00000001E209|81
37.7753424658|3|37.078|0.973|00000001E20F|81
30.8694610778|2|30.869|0.000|00000001E211|81
24.7520737327|2|24.752|0.000|00000001E212|81
34.6203592814|2|34.620|0.000|00000001E214|81
26.2956521739|6|36.000|112.556|00000001F411|81
30.3032967033|3|28.407|7.193|00000001F419|81
12.2630136986|2|12.263|0.000|00000002C076|81
18.5774744027|2|18.577|0.000|00000002C078|81
