50.8710280374|2|50.871|0.000|00000001EB48|81
15.8911242604|3|24.120|135.434|00000001EB4C|81
39.2058394161|6|31.075|148.645|00000001EB4E|81
39.2058394161|4|40.427|15.003|00000001EB56|81
44.957480315|4|36.862|67.103|00000001EB5E|81
33.6|1|33.600|0.000|00000001EB5F|81
35.8105263158|4|38.175|19.147|00000001EB61|81
39.7313868613|6|34.614|112.378|00000001EB69|81
53.3647058824|2|53.365|0.000|00000001EB6A|81
43.2|2|43.200|0.000|00000001EB6B|81
17.9|2|32.944|226.316|00000001EB72|81
33.6|3|35.673|3.907|00000001EB78|81
39.8535211268|2|39.854|0.000|00000001EB79|81
22.9670886076|3|26.313|22.391|00000001EB7E|81
45.1361344538|2|45.136|0.000|00000001EB80|81
46.5230769231|2|46.523|0.000|00000001EB81|81
38.3323943662|2|38.332|0.000|00000001EB84|81
46.4432432432|3|42.874|25.478|00000001EB85|81
28.8|1|28.800|0.000|00000001EB86|81
42.1953488372|3|40.966|3.025|00000001EB8B|81
41.7818181818|5|40.836|6.828|00000001F992|81
29.5826086957|7|39.126|135.961|00000001F999|81
28.35|6|36.293|48.215|00000001F99B|81
14.5930294906|8|15.905|15.921|00000002C21A|81
17.5022508039|2|17.502|0.000|00000002C24B|81
