36.7890410959|7|32.009|90.427|00000001DDC7|81
31.4341463415|5|36.399|29.217|00000001DDEF|81
39.1597122302|4|35.745|14.022|00000001DDF0|81
29.9739130435|2|29.974|0.000|00000001DDF3|81
27.0805970149|4|30.388|15.044|00000001DDF5|81
29.5120879121|3|32.263|15.137|00000001DDF7|81
27.6304568528|6|27.634|63.378|00000001DDF8|81
32.594011976|2|32.594|0.000|00000001DDFA|81
37.2155844156|2|37.216|0.000|00000001DDFB|81
37.2821917808|3|30.897|81.541|00000001DE00|81
36.4563380282|3|35.254|2.890|00000001DE03|81
41.0015267176|4|40.882|1.874|00000001DE07|81
32.594011976|2|32.594|0.000|00000001DE08|81
25.0838709677|2|25.084|0.000|00000001DE0B|81
36.5315436242|3|31.966|41.689|00000001DE0D|81
23.9785714286|3|33.019|163.460|00000001DE0E|81
38.8394366197|6|32.343|108.367|00000001DE0F|81
28.0577319588|2|28.058|0.000|00000001DE11|81
25.6754716981|2|25.675|0.000|00000001DE13|81
29.1080213904|3|30.374|3.204|00000001DE14|81
25.3358490566|3|23.144|9.607|00000001DE15|81
32.594011976|2|32.594|0.000|00000001DE16|81
13.9212276215|5|26.452|163.260|00000001DE1A|81
52.6588235294|3|41.844|233.906|00000001DE1F|81
26.0440191388|2|26.044|0.000|00000001DE22|81
43.8967741935|2|43.897|0.000|00000001DE24|81
32.3796610169|2|32.380|0.000|00000001DE26|81
27.0805970149|2|27.081|0.000|00000001DE27|81
30.7525423729|2|30.753|0.000|00000001DE29|81
34.6867924528|2|34.687|0.000|00000001DE2C|81
38.3|3|31.970|23.009|00000001F247|81
34.2339622642|8|33.968|27.305|00000001F251|81
41.0015267176|3|40.134|1.504|00000001F265|81
36.3042253521|3|40.080|28.509|00000001F266|81
40.0235294118|3|39.455|0.646|00000001F268|81
10.0911196911|4|13.742|13.774|00000002BF9A|81
18.1367088608|2|18.137|0.000|00000002BF9B|81
10.0058823529|2|10.006|0.000|00000002BF9E|81
12.5409190372|3|13.114|0.657|00000002BF9F|81
18.5774744027|2|18.577|0.000|00000002BFA5|81
10.821471173|4|15.118|19.440|00000002C393|81
