29.9720930233|2|29.972|0.000|00000001E1DD|81
13.3411764706|5|23.384|77.266|00000001E1F4|81
36.5315436242|3|36.750|0.096|00000001E200|81
31.1593220339|3|32.462|3.395|00000001E201|81
39.2058394161|2|39.206|0.000|00000001E209|81
37.7753424658|5|33.432|34.355|00000001E20F|81
30.8694610778|2|30.869|0.000|00000001E211|81
24.7520737327|3|25.058|0.187|00000001E212|81
34.6203592814|3|32.076|12.948|00000001E214|81
23.9788546256|3|26.971|17.900|00000001E219|81
31.6465116279|3|28.041|25.993|00000001E21C|81
37.8253521127|3|44.626|92.487|00000001E21D|81
35.8105263158|3|33.430|11.335|00000001E220|81
37.8|2|38.347|0.299|00000001E223|81
25.0838709677|2|25.084|0.000|00000001E225|81
30.3032967033|3|28.407|7.193|00000001F419|81
12.2630136986|2|12.263|0.000|00000002C076|81
18.5774744027|3|16.889|5.702|00000002C078|81
