34.3185628743|6|37.283|22.687|00000001E129|81
26.6823529412|6|24.645|40.323|00000001E138|81
27.0095238095|3|33.399|81.662|00000001E139|81
25.4355140187|2|25.436|0.000|00000001E13B|81
48.3692307692|2|48.369|0.000|00000001E13F|81
39.2058394161|6|36.356|13.833|00000001E140|81
47.9571428571|7|38.590|77.249|00000001E144|81
42.8598425197|2|42.860|0.000|00000001E145|81
42.8598425197|2|42.860|0.000|00000001E14C|81
46.0923076923|3|43.804|10.468|00000001E14D|81
37.8253521127|4|37.244|10.323|00000001E153|81
22.7748953975|2|22.775|0.000|00000001E15A|81
29.9076923077|3|30.087|0.065|00000001E15B|81
32.2576271186|2|32.258|0.000|00000001E15D|81
37.8|1|37.800|0.000|00000001E164|81
40.5921259843|6|35.179|74.246|00000001F3BC|81
34.8779220779|4|36.985|18.752|00000001F3CA|81
30.7525423729|3|36.025|55.600|00000001F3D0|81
17.9638795987|3|16.450|4.585|00000002C050|81
