22.4925619835|6|28.677|49.270|00000001E3C5|81
23.052360515|3|29.599|85.708|00000001E3E4|81
41.8335766423|4|35.399|54.668|00000001E3EC|81
43.3161290323|2|43.316|0.000|00000001E3ED|81
36.5387755102|2|36.539|0.000|00000001E3F6|81
39.7313868613|3|37.438|10.523|00000001E3FF|81
16.9570093458|6|31.508|109.898|00000001E402|81
34.2339622642|4|37.519|22.170|00000001E40A|81
38.3|2|35.082|10.354|00000001E40B|81
37.0285714286|2|37.029|0.000|00000001E40C|81
48.3692307692|2|48.369|0.000|00000001E410|81
25.1835616438|2|25.184|0.000|00000001E412|81
22.3384615385|2|22.338|0.000|00000001E413|81
25.4355140187|7|29.796|10.951|00000001F516|81
33.8086956522|9|32.854|31.444|00000001F526|81
32.594011976|3|30.809|6.374|00000001F531|81
37.8|4|30.656|64.815|00000001F53B|81
38.471641791|5|39.178|36.534|00000001F53D|81
31.1593220339|3|28.873|10.456|00000001F53F|81
37.8|2|42.951|26.533|00000001F54D|81
10.08|1|10.080|0.000|000000025AFA|81
11.8569536424|3|13.404|4.788|00000002C0DF|81
16.9570093458|2|16.957|0.000|00000002C0E2|81
10.347467167|2|10.347|0.000|00000002C0E3|81
20.0856088561|2|20.086|0.000|00000002C0E4|81
16.3756097561|2|16.376|0.000|00000002C0E5|81
16.7003194888|2|16.700|0.000|00000002C428|81
