31.6465116279|9|31.311|182.150|00000001EBA6|81
52.0301886792|7|40.153|89.470|00000001EBAC|81
16.8660550459|5|31.040|216.079|00000001EBAD|81
40.0835820896|3|36.384|27.375|00000001EBB0|81
42.1953488372|2|42.195|0.000|00000001EBB1|81
16.1442253521|3|24.691|146.092|00000001EBBA|81
35.5924528302|4|34.786|12.819|00000001EBBD|81
29.180952381|2|29.181|0.000|00000001EBC2|81
51.5439252336|4|45.036|43.009|00000001EBC4|81
42.1953488372|2|42.195|0.000|00000001EBD7|81
48.6|1|48.600|0.000|00000001EBDF|81
41.2363636364|5|36.969|53.796|00000001F9C4|81
38.1547445255|5|32.766|106.852|00000001F9C6|81
43.8967741935|3|47.207|21.920|00000001F9D1|81
37.8|2|35.234|6.583|00000001F9E1|81
16.4142857143|4|16.327|0.178|00000002C256|81
17.7267326733|4|17.142|1.175|00000002C258|81
18.5774744027|3|18.739|0.052|00000002C25A|81
11.3874476987|2|11.387|0.000|00000002C25B|81
14.0288659794|2|14.029|0.000|00000002C25F|81
