0000000151D1,27.9584415584,1477906899
000000007858,29.7658536585,1477906890
000000009774,32.9837837838,1477906544
000000007852,14.1966101695,1477906905
000000007854,23.9294117647,1477906869
000000015130,31.6987012987,1477906779
0000000077F8,31.1684210526,1477906355
00000000982E,29.9142857143,1477906930
0000000077F7,20.264516129,1477906888
0000000077F1,26.7319148936,1477906326
0000000097FC,28.8827586207,1477907023
0000000097FF,39.547826087,1477906626
00000000C44C,26.821978022,1477906988
0000000097F3,33.9567567568,1477906786
00000001A170,24.1887640449,1477906570
000000007813,31.6987012987,1477906524
000000007845,33.9,1477906801
0000000077FB,31.8075949367,1477906374
0000000077FC,10.3962616822,1477906453
00000002A3A7,12.6909090909,1477906684
00000000785B,28.8827586207,1477906907
00000001164C,17.9470588235,1477906621
00000001E547,31.6987012987,1477906760
0000000151DB,18.4909090909,1477906900
00000001F5F1,35.3552238806,1477907051
00000000785A,31.6987012987,1477906901
0000000097D6,32.9837837838,1477906563
0000000077EE,21.7928571429,1477906333
000000007835,17.45,1477906769
00000000782C,28.0551724138,1477906666
00000000782B,20.5109243697,1477906680
00000000782A,22.7769230769,1477906659
00000000DDF3,28.0551724138,1477906858
00000000AA53,30.0648648649,1477906335
00000001339F,26.5304347826,1477906597
0000000133C2,22.8112149533,1477906899
00000001A118,21.7321100917,1477906510
00000000978A,35.3739130435,1477906369
00000002A763,14.0810126582,1477906321
000000007823,38.2064516129,1477906614
0000000097C6,27.4247191011,1477906527
00000000AA5B,22.7769230769,1477906513
0000000077DD,25.747826087,1477906208
00000000783B,37.0125,1477906736
00000000783C,29.7658536585,1477906758
00000000781A,23.2235294118,1477906570
000000007747,24.6352941176,1477906539
0000000097A0,31.6987012987,1477906354
000000029D83,10.8660550459,1477906292
000000007812,40.5290322581,1477906516
000000007810,31.6987012987,1477906499
000000013380,20.6847457627,1477906366
00000000F993,30.0648648649,1477906961
0000000151CC,24.1615384615,1477907024
00000002777A,13.4850828729,1477906307
000000029D7E,11.1452054795,1477906564
000000007754,20.8615384615,1477906227
00000001F5CB,22.4357142857,1477906485
00000000780D,36.4298507463,1477906477
000000007808,20.7,1477906474
000000007802,28.8827586207,1477906412
000000013363,26.5304347826,1477906220
0000000151B0,24.6545454545,1477906735
0000000077E6,30.8962025316,1477906264
0000000151C8,24.3961165049,1477907045
00000000F989,28.0551724138,1477907032
00000000786D,19.2188976378,1477907006
000000029D8A,18.3518796992,1477906375
000000027781,10.7845493562,1477906536
000000027782,17.9470588235,1477906515
000000027DC5,19.06875,1477907021
000000027784,17.0685314685,1477906631
000000027788,11.7850746269,1477906702
0000000151B4,25.1628865979,1477907002
000000007878,36.4298507463,1477907040
000000007874,29.0571428571,1477907006
000000007873,29.0571428571,1477907003
000000015113,41.3694915254,1477906843
00000000786C,30.643902439,1477906968
00000002778C,19.3714285714,1477906873
00000002129D,12.8463157895,1477906848
00000002A39F,12.9142857143,1477906391
000000016442,31.6987012987,1477906676
00000001A155,40.728358209,1477906693
0000000097BB,26.5304347826,1477906497
0000000097BA,26.175,1477906952
00000000981D,31.6987012987,1477906850
000000007869,35.3552238806,1477906955
000000007862,31.8075949367,1477906925
00000002777C,17.8212765957,1477906352
000000015184,29.7658536585,1477906350
00000002778B,14.5285714286,1477906836
00000000786F,25.9051546392,1477906992
0000000133D1,25.1628865979,1477906959
00000001F5C4,34.9,1477906569
00000001F5C7,30.8962025316,1477906278
00000001CD1D,25.9659574468,1477906807
