000000011A57,19.0363636364,1477912813
00000001BA83,17.5597122302,1477912883
00000002786E,17.4176470588,1477913078
000000007D36,18.6519685039,1477913140
00000001377F,14.8981132075,1477912883
000000009CB2,16.5315789474,1477913205
000000013865,19.6838709677,1477913625
000000015637,21.4105263158,1477913485
000000007C8E,15.0666666667,1477913092
000000029891,17.2708860759,1477913541
00000001E895,21.4769230769,1477912912
000000007D48,15.8493506494,1477913257
00000001A485,21.9891891892,1477912945
000000007D8C,20.8615384615,1477913582
00000001BAC9,21.7928571429,1477913574
000000009C94,17.9454545455,1477912904
000000007D45,17.8160583942,1477913206
00000001F7D6,16.95,1477913131
000000007CD8,13.3078651685,1477913299
000000007D29,15.0878980892,1477913101
000000007D28,20.8615384615,1477913075
000000007D27,15.5111111111,1477913066
000000007D30,19.3714285714,1477913113
000000009C9D,17.5597122302,1477912915
000000007D22,20.2461538462,1477913011
000000007D21,18.9209302326,1477913005
00000001D13A,15.7470967742,1477913600
000000016644,19.3714285714,1477913016
000000016647,20.5967213115,1477913205
0000000166A9,19.2188976378,1477913567
00000001E89F,20.5967213115,1477913213
00000001386A,18.752238806,1477913627
000000007CA8,17.45,1477913239
000000009CB1,18.3416058394,1477913187
000000007D3E,16.95,1477913187
000000007D18,15.6461538462,1477913388
00000000AC4F,18.4909090909,1477913624
000000009CD0,17.9454545455,1477913199
000000009D0F,20.006557377,1477913614
000000007D17,17.093877551,1477912973
0000000137F8,14.1906976744,1477913039
00000000AC71,21.0413793103,1477913638
000000011B20,19.2188976378,1477913546
00000000AC2B,15.1602484472,1477913216
000000027877,16.0054054054,1477913419
00000000FD2F,19.9058823529,1477913417
000000016636,16.6816901408,1477913511
0000000137A3,19.4163934426,1477913515
000000028C44,14.5285714286,1477913236
000000007CF8,19.0363636364,1477912804
00000001D151,20.1719008264,1477913363
000000007D0B,16.5315789474,1477912930
00000001E8E5,17.1887323944,1477912965
000000009CE4,20.006557377,1477913191
0000000137AB,19.4163934426,1477913406
000000007CFC,17.1887323944,1477912831
000000007CFF,18.752238806,1477912844
000000027865,10.4265560166,1477912915
00000001D0D1,16.6040816327,1477912993
00000001380F,20.5967213115,1477913151
00000002787A,13.7720930233,1477913491
000000007D85,16.1142857143,1477913561
000000007D95,22.3926605505,1477913601
000000009CDA,17.8160583942,1477913222
000000007D1A,17.45,1477912974
00000001A4A5,18.2722689076,1477913212
000000007D1D,16.6040816327,1477912984
00000001A515,17.5597122302,1477913612
000000007D72,18.4909090909,1477913436
000000007D35,19.3714285714,1477913134
000000007D79,18.4909090909,1477913471
00000002A7E4,14.6947368421,1477913541
000000007D19,21.1159663866,1477913636
0000000137C9,18.4909090909,1477913453
000000009C55,17.1887323944,1477913019
000000009D1E,18.2149253731,1477913553
000000009C6E,19.2188976378,1477913113
000000007D88,12.3898477157,1477913599
00000001564C,19.2188976378,1477913410
000000007D81,16.45,1477913527
000000007D83,20.006557377,1477913537
000000007D82,17.5597122302,1477913533
000000007D6A,16.95,1477913412
000000009BEB,21.15,1477913046
000000009C8E,15.0666666667,1477913289
000000027EB5,14.9742331288,1477913317
0000000213A8,10.848,1477913550
000000007D63,18.9209302326,1477913377
000000007D61,12.7125,1477913400
000000007D60,21.1159663866,1477913355
000000007D16,16.3812080537,1477912970
000000007D68,20.5967213115,1477913393
000000009D15,16.3168831169,1477913506
000000009C69,18.4909090909,1477912877
0000000190B0,20.2461538462,1477913470
000000007D7A,20.264516129,1477913464
000000007D7F,17.6776119403,1477913508
000000007D46,19.5264,1477913218
00000000FDC3,18.0824427481,1477913098
000000007D4D,14.4413793103,1477913286
000000027E9B,13.4374331551,1477913003
00000001F7CD,16.8644295302,1477913135
000000027879,17.6869565217,1477913441
00000001D0BE,16.95,1477912844
00000002A4A3,13.7123595506,1477913307
0000000137DE,13.6357541899,1477912859
000000016677,17.0417266187,1477912911
000000007C58,23.4692307692,1477913498
000000009CAE,22.3672131148,1477913001
00000001D118,21.7928571429,1477912875
000000009CAA,19.2188976378,1477913027
00000001BAB1,15.1846153846,1477913471
00000001BA59,19.7858267717,1477912923
000000027872,14.1086705202,1477913289
0000000137E6,19.0363636364,1477912893
000000011AF1,21.4105263158,1477913276
000000007D33,13.8828729282,1477913607
000000007D4E,20.006557377,1477913262
00000001BAB7,20.006557377,1477913446
00000001562D,19.1816793893,1477913200
00000001D0CF,20.7669421488,1477913497
000000029E90,16.45,1477913446
00000002B893,13.731147541,1477913360
000000015625,20.0745762712,1477913364
000000013856,15.0878980892,1477913551
00000001D126,22.0421052632,1477912992
000000007D8B,17.9454545455,1477913587
0000000137D9,16.1142857143,1477912852
00000001384A,17.9454545455,1477913461
00000001384C,16.8644295302,1477913457
00000001E907,16.4918918919,1477913245
00000001BAB2,19.7858267717,1477913395
000000009C88,16.4918918919,1477912876
000000007D59,21.1159663866,1477913304
000000009C87,18.752238806,1477912810
000000009C81,14.8686390533,1477913050
00000001D0B5,20.5109243697,1477912840
