00000001CB33,42.8210526316,1477900091
000000014ECD,27.2275862069,1477900030
0000000074F1,33.0631578947,1477900110
0000000074F4,29.9142857143,1477900612
0000000074F9,30.8962025316,1477900178
0000000074EC,34.3774647887,1477900074
0000000113A7,28.2,1477900498
000000029CFB,15.1373493976,1477899975
0000000276CD,15.1602484472,1477900035
0000000276CE,14.9742331288,1477900045
0000000074E6,25.1628865979,1477900046
0000000074E4,28.0551724138,1477900012
00000000A93D,38.1375,1477900537
0000000074DF,30.8962025316,1477899912
00000000750A,38.2064516129,1477900264
000000014ED3,26.5304347826,1477900142
0000000094B9,42.5898305085,1477900147
000000013116,17.5597122302,1477900323
000000007520,26.5304347826,1477900493
0000000094E6,33.9567567568,1477900629
000000007508,34.9,1477900250
000000007506,26.5304347826,1477900258
000000007500,21.7321100917,1477900240
0000000094E9,33.9567567568,1477900650
00000000752B,26.6157303371,1477900589
00000000752C,33.9,1477900584
00000000752A,31.6987012987,1477900570
000000014EF2,32.1313432836,1477900388
00000001B4FF,28.0551724138,1477900467
000000016305,28.6515463918,1477900186
0000000074B2,39.3677419355,1477900260
000000007519,23.9294117647,1477900420
000000007512,39.8857142857,1477900345
0000000094DE,35.3739130435,1477900699
0000000074ED,24.7448275862,1477900096
00000000751E,25.9659574468,1477900481
0000000296F5,13.5096774194,1477900160
00000000751A,32.9,1477900405
0000000074BB,32.6337662338,1477900042
000000029D05,14.2698795181,1477900311
000000007528,28.2,1477900550
000000007529,28.0551724138,1477900559
00000000A948,32.9,1477900617
000000007526,29.7658536585,1477900522
00000002C0A3,10.848,1477900447
00000000A92C,46.9384615385,1477900024
00000001F494,32.6337662338,1477900347
000000007531,45.5538461538,1477900650
000000007530,40.5290322581,1477900652
00000000751C,32.1157894737,1477900421
000000007501,28.0551724138,1477900238
0000000276D4,15.6827586207,1477900172
0000000276D0,17.3106382979,1477900049
