00000000A500,24.6352941176,1477872422
000000014393,28.3813953488,1477872459
00000000EB9D,19.2188976378,1477872604
00000001436C,23.0532110092,1477872341
0000000068F0,22.6,1477873089
000000014313,22.4357142857,1477872429
0000000068BC,24.4206185567,1477872836
000000029AE2,19.3714285714,1477872511
00000000A51F,25.1628865979,1477873082
00000001084A,23.9272727273,1477872385
000000006892,22.8112149533,1477872573
0000000068C0,15.9272727273,1477872868
00000000A50B,18.8842105263,1477872762
000000027ABD,10.2125523013,1477872311
0000000143C5,23.9294117647,1477872840
00000001089F,19.6838709677,1477872852
000000010741,25.0348623853,1477872541
000000010812,23.0264150943,1477872541
00000000689E,23.9294117647,1477872680
0000000088AD,20.8615384615,1477872407
00000001ACB2,25.9051546392,1477872981
00000001AC94,26.5304347826,1477873019
000000012601,20.8615384615,1477872896
0000000068D0,22.8112149533,1477872932
000000012602,24.4206185567,1477872878
0000000068B2,24.1663366337,1477872787
0000000068EB,23.4841121495,1477873074
00000000680F,25.3818181818,1477872431
000000008906,18.6320610687,1477872720
00000001080C,19.2188976378,1477872453
000000010804,21.7928571429,1477872593
00000000890A,19.4163934426,1477872776
000000027A78,17.9470588235,1477872610
0000000107D5,23.9294117647,1477872799
0000000068E9,21.9891891892,1477873068
000000006888,22.8112149533,1477872509
0000000125B8,21.4769230769,1477872832
000000006885,19.843902439,1477872475
0000000068E1,21.2243478261,1477873031
0000000088AB,23.2666666667,1477872352
00000000686C,22.3926605505,1477872339
00000002745D,17.572027972,1477872485
0000000088F5,21.7928571429,1477872775
000000006819,26.5304347826,1477872849
0000000088F6,23.4692307692,1477872785
00000001AC95,23.4692307692,1477872857
0000000068B5,25.1628865979,1477872804
0000000068B6,25.9051546392,1477872812
0000000068E6,24.6545454545,1477873045
00000000686B,22.4357142857,1477872340
000000006746,23.0264150943,1477872953
000000006882,18.2360655738,1477872467
0000000068CE,14.7020979021,1477872940
00000002A0D1,18.2149253731,1477873093
000000006866,22.8112149533,1477872967
0000000068C7,22.138317757,1477872884
0000000107B3,20.006557377,1477872916
000000029A66,16.4918918919,1477872668
00000001D940,26.5304347826,1477872473
00000000689D,19.2585365854,1477872684
00000001AC1D,18.0776978417,1477872442
00000001082A,22.6378378378,1477872638
00000001D99E,23.2235294118,1477872837
00000000A4B6,21.7928571429,1477872626
00000001EFF5,17.1887323944,1477872331
000000015DD7,22.3926605505,1477872300
0000000068AA,24.6545454545,1477872754
0000000143D8,26.5304347826,1477872918
00000001D957,17.9454545455,1477872363
00000000A4EE,18.9209302326,1477872628
00000001F00A,23.9294117647,1477872449
00000001C287,22.8112149533,1477873025
000000027467,15.9529411765,1477872682
000000027469,10.5662337662,1477872793
00000002746D,14.2736842105,1477872861
00000001253D,23.9294117647,1477872530
0000000068A7,26.5304347826,1477872746
00000000894A,24.8792079208,1477873050
0000000068A8,22.8112149533,1477872757
0000000088F0,20.8615384615,1477872575
00000000687E,21.4105263158,1477872443
000000012581,23.0532110092,1477872729
00000001D962,26.5304347826,1477872347
0000000143E4,23.9272727273,1477873056
0000000068D8,24.6545454545,1477872975
