000000014B7B,28.0551724138,1477890029
00000000713D,35.3552238806,1477889671
00000000716B,35.3552238806,1477890177
00000002C008,15.4823529412,1477889699
000000007153,39.2625,1477889925
00000000715F,28.0551724138,1477890077
000000007167,27.7363636364,1477890146
000000007168,22.3926605505,1477890178
000000012DB1,27.2275862069,1477889508
000000011013,39.3677419355,1477889499
000000010FD1,39.3677419355,1477889553
00000000915E,45.5538461538,1477890228
000000014B84,29.9848101266,1477890182
00000001617F,40.5152542373,1477889422
000000014B6D,28.1319587629,1477889717
000000012DAC,28.887804878,1477889510
00000001B258,31.3655172414,1477889638
000000007152,32.9837837838,1477889923
000000007151,32.4,1477889926
00000000914E,21.9636363636,1477890020
00000001F364,20.8615384615,1477889728
000000009128,28.1319587629,1477889643
000000009123,35.3552238806,1477890240
000000019DB4,19.9428571429,1477890233
000000014B82,25.7433962264,1477890004
00000000712B,16.0050955414,1477889625
000000012DC7,34.9,1477889807
000000012DC4,28.2337078652,1477889718
0000000070C2,23.9294117647,1477889813
000000007128,41.3694915254,1477889546
000000012DCA,36.4298507463,1477889777
000000027608,13.5551020408,1477889630
00000000912B,34.3304347826,1477889813
00000002A269,15.4823529412,1477890024
00000002A268,14.5285714286,1477890021
00000001E033,41.4,1477889622
000000009100,40.0131147541,1477889831
00000001C8B5,29.9142857143,1477890190
000000012DDB,32.9837837838,1477890043
000000014B5C,25.9659574468,1477889750
00000000714D,26.5304347826,1477889920
00000000714A,39.3677419355,1477889843
000000007136,39.3677419355,1477889632
000000007138,31.6987012987,1477889662
00000001E028,27.3130434783,1477889510
000000012DE1,23.9294117647,1477890079
000000012D90,31.6987012987,1477889692
00000000713A,36.4173913043,1477889662
00000000713B,39.3677419355,1477889665
000000007142,20.2461538462,1477889772
00000000713F,21.15,1477889718
000000012DD4,33.9,1477889913
