000000007014,27.2275862069,1477886360
000000019D18,35.8909090909,1477886489
00000001DFA8,49.2705882353,1477886945
0000000275A4,11.1963302752,1477886622
00000000700E,27.3130434783,1477886321
00000000700D,39.3677419355,1477886286
000000007005,33.9,1477886466
000000007007,26.5304347826,1477886261
000000019D1D,32.6337662338,1477886688
00000000701B,37.5044776119,1477886421
00000000701C,28.0551724138,1477886444
000000014A62,37.9,1477886177
000000006FFC,26.6157303371,1477886135
000000014A66,37.9,1477886226
000000009016,22.138317757,1477886668
000000009011,33.9,1477886468
000000012C92,39.3677419355,1477886476
000000014A72,30.1333333333,1477886415
000000006FFF,33.9567567568,1477886141
00000001DF84,35.3739130435,1477886280
0000000275D8,13.7123595506,1477886832
0000000275D6,16.4235294118,1477886558
000000007021,32.9837837838,1477886497
00000000A78A,31.6987012987,1477886762
00000001B1A3,24.906122449,1477886260
000000006FA4,35.3739130435,1477886280
000000009021,18.3867768595,1477886907
0000000295EC,16.4918918919,1477886277
00000000A775,23.7056603774,1477886320
00000000BE2D,44.0842105263,1477886365
00000002A8F4,16.4918918919,1477886695
00000001C7F0,31.6987012987,1477886593
000000006F86,32.4493150685,1477886128
00000000F2D5,32.6337662338,1477886895
000000008FF7,35.438961039,1477886175
00000000702C,28.0551724138,1477886550
000000007023,32.9837837838,1477886505
0000000275CF,13.337704918,1477886167
000000007024,22.8112149533,1477886527
00000000703A,32.6181818182,1477886791
00000002B6C4,16.4918918919,1477886392
