000000016023,28.0551724138,1477878975
000000016022,23.0264150943,1477878995
00000001AF92,35.3739130435,1477878910
00000001296C,17.9470588235,1477878767
000000008D4F,30.7636363636,1477878901
0000000147A4,24.4206185567,1477878841
00000001289E,23.4,1477878841
00000001C5D4,25.1628865979,1477879347
000000006D2C,25.1628865979,1477878912
000000027B99,13.8828729282,1477878814
000000014722,15.9529411765,1477878621
000000029565,13.1225806452,1477879156
000000010BDE,30.1333333333,1477879032
000000006D25,32.9837837838,1477878865
000000006D20,19.7858267717,1477878878
00000001F1AC,25.9659574468,1477879040
000000019B0C,36.4298507463,1477879113
00000000EF94,25.9659574468,1477879427
000000008D44,30.8962025316,1477878843
000000014747,35.3552238806,1477879368
0000000147AC,23.4841121495,1477879122
0000000147AB,29.7658536585,1477878945
000000008D3E,27.4247191011,1477879106
000000008D3F,20.1719008264,1477878829
000000012A49,25.9659574468,1477879353
000000006D37,35.438961039,1477878955
000000012A44,45.0305084746,1477879311
000000008CC5,25.9659574468,1477878722
000000006D1F,29.9142857143,1477878853
000000010C21,29.9142857143,1477878914
00000001AFAE,17.5597122302,1477878739
000000008D57,33.9,1477879001
000000006D89,41.3694915254,1477879421
000000006CFC,26.0307692308,1477878720
00000001602B,36.4298507463,1477879194
000000027550,18.6320610687,1477879246
00000001DD65,28.887804878,1477879421
000000008D2E,21.4769230769,1477878726
00000001AF3F,33.0631578947,1477878839
000000014794,25.1628865979,1477879135
000000006D38,34.3304347826,1477878953
000000006D52,35.3552238806,1477879121
000000006D11,33.9,1477878802
00000001AFA4,27.6131868132,1477878686
00000001AF81,29.9848101266,1477878725
000000006D7B,41.5578947368,1477879287
000000006D7A,36.4298507463,1477879288
000000027B89,14.9571428571,1477878686
0000000147BA,32.0108108108,1477879448
0000000147BB,33.9,1477878942
00000000BC02,33.9,1477879435
000000008D0F,19.2188976378,1477879115
000000010C87,37.5044776119,1477878834
000000006CF8,23.0264150943,1477878682
000000027BBC,16.1142857143,1477879384
000000006BE9,22.8112149533,1477879366
000000027552,17.9470588235,1477879262
000000012A31,25.425,1477879236
00000002BF6F,12.7125,1477879210
000000012A30,23.9272727273,1477879239
00000001DD28,23.4692307692,1477878886
000000006D68,36.4173913043,1477879194
00000001DD25,33.9,1477879219
00000002754A,13.0196891192,1477879122
00000001F1E3,34.9,1477878913
000000006CE9,23.6680851064,1477879207
000000008D80,33.9,1477879319
0000000129C2,31.6987012987,1477878644
000000008D83,39.3677419355,1477879272
000000008D96,35.3739130435,1477879338
000000008D7D,33.9567567568,1477879228
00000002BF5F,11.4056074766,1477879128
000000006CEE,19.6838709677,1477878634
000000006CFD,27.6131868132,1477878721
000000006CEC,17.8160583942,1477878637
00000001F1DF,28.8827586207,1477878901
000000006D71,29.0571428571,1477879253
00000002C376,13.3659574468,1477879177
0000000129D6,31.6987012987,1477878661
000000006D78,22.8112149533,1477879298
00000001C5AC,23.4692307692,1477879347
000000029BA8,19.3714285714,1477878690
00000002A191,16.45,1477879334
000000028091,15.6461538462,1477879128
00000000F043,31.6987012987,1477879366
00000001C594,23.2235294118,1477878811
00000001C595,31.6987012987,1477878826
00000002B65E,10.3423728814,1477878939
000000006D5C,27.3130434783,1477879172
00000002BF66,17.6869565217,1477879189
000000006D6F,30.5379310345,1477879238
000000027546,17.3106382979,1477878957
000000006D5E,33.9,1477879171
00000001DCF3,29.0571428571,1477879097
000000012A24,17.1887323944,1477879213
00000001DCFD,33.2780487805,1477878707
000000006D4C,33.9,1477879104
00000000A6BD,25.1628865979,1477879449
00000000A6A5,23.9272727273,1477879114
000000027551,17.9470588235,1477879264
000000006D55,32.1157894737,1477879135
00000001293F,35.3552238806,1477878639
000000008CF0,25.9659574468,1477878696
000000008D9C,26.5304347826,1477879377
