00000000A3A6,32.9,1477867087
00000000650C,35.3739130435,1477866931
000000014041,28.0551724138,1477866555
0000000279FD,17.8352941176,1477866729
000000006511,34.9,1477866977
000000027FFC,11.1963302752,1477866417
000000006518,41.3694915254,1477866986
000000029A24,10.7052631579,1477866632
00000001BFDB,23.1032967033,1477866335
0000000064F0,37.5044776119,1477866606
0000000064F8,30.643902439,1477866737
0000000064FB,23.2235294118,1477866765
0000000064CD,28.0551724138,1477866339
0000000064FD,42.8210526316,1477866800
0000000085AE,29.7658536585,1477866913
00000000651E,24.1663366337,1477867057
000000006500,30.3692307692,1477866815
000000006509,32.0108108108,1477867150
000000006508,32.9837837838,1477866881
00000001EE8B,24.6352941176,1477866732
00000001C016,31.8075949367,1477867003
0000000064EC,40.5290322581,1477866560
0000000064ED,31.6987012987,1477866576
000000014025,26.5304347826,1477866486
0000000064D8,38.1375,1477866432
0000000064D6,18.4,1477866430
0000000064D5,36.4298507463,1477866388
0000000064D1,31.6987012987,1477866344
0000000122B5,41.3694915254,1477866656
0000000122B1,21.7321100917,1477867039
0000000064E3,25.9051546392,1477866536
0000000064E4,37.5044776119,1477866520
0000000122CC,26.6157303371,1477866960
00000001D748,36.4298507463,1477866698
0000000064CE,35.3739130435,1477866328
0000000273B2,15.6461538462,1477867032
0000000273B1,20.6847457627,1477866984
000000006523,27.9584415584,1477867097
0000000064F2,42.8210526316,1477866643
0000000085C2,34.9,1477867133
0000000064BD,35.8941176471,1477866380
000000027A07,13.2652173913,1477866746
000000014069,17.8160583942,1477867049
000000008598,35.3739130435,1477866590
000000008599,24.6545454545,1477866617
000000008573,22.9021276596,1477866748
000000008580,30.643902439,1477867122
000000008582,32.6337662338,1477866639
