000000013F06,18.7753846154,1477862209
00000001A97B,32.9,1477862435
000000013F14,28.3813953488,1477862594
000000012182,41.3694915254,1477862582
000000012180,30.8962025316,1477862590
00000000847B,50.4,1477862674
0000000063A1,42.5898305085,1477862258
000000027370,21.4530612245,1477861856
000000027374,11.3884615385,1477862507
000000008474,40.1294117647,1477862586
000000019521,30.7636363636,1477861905
0000000063AF,39.2625,1477862655
000000027373,17.0685314685,1477862464
000000006397,39.3677419355,1477862001
00000000638C,53.4638297872,1477862324
0000000063B0,35.3739130435,1477862659
0000000063A3,38.1375,1477862360
0000000279CA,11.268161435,1477861873
0000000063A0,29.7658536585,1477862268
