000000007DB8,15.6895522388,1477913793
000000027879,17.6869565217,1477913441
000000007D33,13.8828729282,1477913607
000000013865,19.6838709677,1477913625
0000000138A3,17.6776119403,1477913960
000000015637,21.4105263158,1477913485
00000001564C,19.2188976378,1477913410
00000000FD2F,19.9058823529,1477913417
0000000156D8,17.2905109489,1477914088
000000029891,17.2708860759,1477913541
000000007DF8,20.5109243697,1477914142
0000000166AD,23.4841121495,1477913976
000000007DB3,18.2086956522,1477913755
000000007D81,16.45,1477913527
00000001BAC9,21.7928571429,1477913574
000000007D8B,17.9454545455,1477913587
00000001BACA,16.0578947368,1477913992
000000009D3A,15.5842105263,1477913664
00000001D13A,15.7470967742,1477913600
000000007DF2,16.6816901408,1477914127
000000007DF1,16.0578947368,1477914128
000000009D50,18.752238806,1477914137
0000000166A9,19.2188976378,1477913567
00000002A7F1,10.3407407407,1477913718
00000000FED2,16.1076923077,1477914001
000000007DAC,18.9209302326,1477913722
00000002BD1D,15.3219512195,1477913659
000000007D3A,21.7928571429,1477913976
000000009CD8,15.6874172185,1477913810
000000007D19,21.1159663866,1477913636
00000001D16F,19.0363636364,1477913663
00000001D16D,20.8615384615,1477913660
000000007D9E,14.6155688623,1477913668
000000007DE1,20.006557377,1477914042
000000011B20,19.2188976378,1477913546
000000016EDE,18.4764705882,1477914060
000000027877,16.0054054054,1477913419
000000016636,16.6816901408,1477913511
0000000137A3,19.4163934426,1477913515
000000009D7F,19.2585365854,1477914095
000000009D7E,16.0050955414,1477914138
00000001BAA2,18.4764705882,1477913867
00000001D0CF,20.7669421488,1477913497
000000007DDA,15.6074534161,1477914032
000000007DFC,19.1032258065,1477914168
0000000213A8,10.848,1477913550
000000007DD2,17.45,1477913964
0000000137AB,19.4163934426,1477913406
00000001565C,16.7178082192,1477913808
000000007DD7,18.4909090909,1477913977
000000029E90,16.45,1477913446
00000000AC8A,16.1142857143,1477913837
000000009D4A,18.752238806,1477913742
00000002787A,13.7720930233,1477913491
00000001D1B6,19.6316546763,1477914111
000000007D95,22.3926605505,1477913601
000000007DEF,16.8644295302,1477914114
000000009D6B,16.95,1477913969
000000011B34,13.7720930233,1477913627
00000001A515,17.5597122302,1477913612
000000007D79,18.4909090909,1477913471
00000000ACAB,17.8160583942,1477914211
00000000AC4F,18.4909090909,1477913624
0000000137C9,18.4909090909,1477913453
000000007DC6,19.9182481752,1477913889
000000007DC0,21.4769230769,1477913819
000000007DC1,17.8160583942,1477913848
000000007DC2,15.8493506494,1477913863
000000007D88,12.3898477157,1477913599
000000007DBC,17.8160583942,1477913807
000000007D83,20.006557377,1477913537
000000007D82,17.5597122302,1477913533
000000007D6A,16.95,1477913412
000000027EB7,17.9470588235,1477914031
000000007DAE,16.6040816327,1477913739
000000007D61,12.7125,1477913400
000000007DEA,17.8160583942,1477914084
000000009D15,16.3168831169,1477913506
000000027886,19.1032258065,1477913821
000000027882,11.4591549296,1477913693
000000007DB6,16.8545454545,1477913776
00000001D17F,20.5967213115,1477913758
000000007DB1,17.9454545455,1477913745
00000000FEBF,18.9209302326,1477913804
000000007DCE,12.9142857143,1477913968
000000007DCF,17.1887323944,1477913957
000000007DAF,20.7789473684,1477913730
000000015680,19.4163934426,1477913671
00000001384A,17.9454545455,1477913461
000000027EC1,10.5662337662,1477913803
000000007D7A,20.264516129,1477913464
00000000AC91,15.1605633803,1477913766
000000009D05,18.4909090909,1477913736
000000007DA8,22.8112149533,1477913691
00000001BA70,20.3641791045,1477914200
000000007DA6,15.8979865772,1477913705
00000001E942,15.1846153846,1477913698
00000001BAB1,15.1846153846,1477913471
000000013856,15.0878980892,1477913551
0000000156CC,16.6040816327,1477914099
000000011AF3,15.5111111111,1477913901
0000000156CF,15.792,1477914081
0000000166DE,17.5597122302,1477913839
00000001D1B3,17.0685314685,1477914120
000000009D37,17.4176470588,1477913637
000000007E07,19.2188976378,1477914231
000000007D8C,20.8615384615,1477913582
000000007C58,23.4692307692,1477913498
000000007D73,16.6040816327,1477914033
00000001BAB7,20.006557377,1477913446
00000000ACBD,19.3714285714,1477914090
000000007E01,19.9428571429,1477914189
000000007DAB,13.3659574468,1477913755
00000001384C,16.8644295302,1477913457
00000000ACC7,17.8160583942,1477914186
00000000ACC1,23.3230769231,1477914100
00000001F81F,14.1906976744,1477913985
000000007D57,17.5597122302,1477913783
000000009D0F,20.006557377,1477913614
