00000001F42E,27.2275862069,1477897679
00000000740C,30.643902439,1477897365
0000000073E7,30.1333333333,1477897377
0000000073DD,19.5157894737,1477897003
0000000073DB,34.5417721519,1477896923
00000000741F,30.8962025316,1477897603
00000000741D,30.643902439,1477897590
00000000741E,27.3130434783,1477897599
000000027CB1,20.5109243697,1477897110
000000007400,32.9,1477897283
000000007403,36.4173913043,1477897298
0000000093BE,21.7928571429,1477897557
000000027CDD,12.3783251232,1477897502
0000000073E9,22.0421052632,1477897100
0000000073E4,45.5538461538,1477897056
000000014DCC,27.9584415584,1477897268
0000000112A8,29.7658536585,1477897574
00000001CAB8,27.2506329114,1477897482
00000001301B,30.1333333333,1477897582
0000000073EE,32.6337662338,1477897108
0000000073ED,31.6987012987,1477897106
000000027CD5,12.6909090909,1477896901
000000009399,34.9,1477896901
00000000A8D2,24.7448275862,1477897721
00000000F5D1,28.3813953488,1477897115
00000001CAA3,33.9567567568,1477897369
0000000093BA,21.7928571429,1477897473
0000000093A5,42.8210526316,1477897126
0000000093A4,40.728358209,1477897158
000000027CE7,13.0872928177,1477897124
00000001303A,40.2782608696,1477897415
00000001303B,28.0551724138,1477897498
000000027695,12.8204081633,1477897180
000000027693,14.9924050633,1477897123
00000001E22D,35.3552238806,1477897463
00000002769B,10.0444444444,1477897618
00000001CA7A,29.7658536585,1477896962
0000000093B9,20.006557377,1477897468
00000001E21E,42.8210526316,1477897208
00000001302A,46.2508474576,1477897274
0000000073FB,28.8827586207,1477897235
0000000073FD,26.821978022,1477897243
0000000073FE,31.8075949367,1477897237
0000000093C8,28.8827586207,1477897577
0000000093C2,20.8615384615,1477897701
00000000A8C9,40.0131147541,1477897391
000000029CCF,15.1602484472,1477897415
000000027CEB,11.1211267606,1477897284
0000000073F0,29.0571428571,1477897134
00000001E23D,36.4298507463,1477897722
0000000073F2,23.9272727273,1477897158
0000000073F3,17.3106382979,1477897214
0000000073F4,32.0108108108,1477897184
0000000073F9,38.1375,1477897206
