0000000151D1,27.9584415584,1477906899
0000000078AC,28.3813953488,1477907341
00000001CD57,29.029787234,1477907095
000000007858,29.7658536585,1477906890
000000009774,32.9837837838,1477906544
000000007852,14.1966101695,1477906905
000000027DBC,10.8,1477907248
000000015130,31.6987012987,1477906779
000000029DB1,15.6461538462,1477907319
00000000982E,29.9142857143,1477906930
0000000077F7,20.264516129,1477906888
00000000982C,20.5967213115,1477907058
00000001CDAD,22.8112149533,1477907313
0000000097FC,28.8827586207,1477907023
0000000097FF,39.547826087,1477906626
00000001340D,33.9,1477907290
00000000C44C,26.821978022,1477906988
0000000097F3,33.9567567568,1477906786
00000001A170,24.1887640449,1477906570
00000001B736,36.4173913043,1477907328
000000007813,31.6987012987,1477906524
000000007845,33.9,1477906801
00000002A3A7,12.6909090909,1477906684
00000000785B,28.8827586207,1477906907
00000000785A,31.6987012987,1477906901
000000007825,26.821978022,1477907275
000000009839,21.9891891892,1477907077
00000001164C,17.9470588235,1477906621
00000001E547,31.6987012987,1477906760
0000000151DB,18.4909090909,1477906900
0000000078A4,28.8827586207,1477907299
0000000078A2,30.7636363636,1477907285
00000001F5F1,35.3552238806,1477907051
0000000078A1,17.9454545455,1477907315
0000000133C2,22.8112149533,1477906899
00000000F993,30.0648648649,1477906961
000000007835,17.45,1477906769
00000000F977,35.3739130435,1477907074
000000027DCA,12.0236453202,1477907052
00000000782B,20.5109243697,1477906680
00000000782A,22.7769230769,1477906659
00000001CDCB,25.9659574468,1477907094
00000000DDF3,28.0551724138,1477906858
00000001F5C4,34.9,1477906569
00000000788F,40.1491525424,1477907149
000000007854,23.9294117647,1477906869
00000001339F,26.5304347826,1477906597
0000000077CD,31.6987012987,1477907235
00000001A118,21.7321100917,1477906510
000000007823,38.2064516129,1477906614
0000000078A7,34.3304347826,1477907314
000000009840,28.8827586207,1477907228
00000000783B,37.0125,1477906736
00000000783C,29.7658536585,1477906758
000000013369,28.887804878,1477907132
000000013405,38.1375,1477907285
0000000097D6,32.9837837838,1477906563
00000000781A,23.2235294118,1477906570
000000007747,24.6352941176,1477906539
00000000789F,21.3405405405,1477907289
00000000789E,26.5304347826,1477907279
00000000789B,16.7178082192,1477907287
0000000097A6,23.9294117647,1477907081
000000011606,33.4356164384,1477907276
00000000AA5B,22.7769230769,1477906513
000000007812,40.5290322581,1477906516
000000027782,17.9470588235,1477906515
0000000116D6,30.1333333333,1477907326
000000009871,38.1375,1477907351
0000000151CC,24.1615384615,1477907024
000000027DB7,12.9142857143,1477907057
000000029D7E,11.1452054795,1477906564
000000027DC5,19.06875,1477907021
00000000AA85,28.0551724138,1477907099
0000000151C8,24.3961165049,1477907045
00000000F989,28.0551724138,1477907032
00000000786D,19.2188976378,1477907006
000000007896,32.6337662338,1477907194
000000007894,36.4173913043,1477907185
000000007895,27.4247191011,1477907202
000000007890,34.3304347826,1477907156
000000027769,16.7178082192,1477907087
00000000983D,26.821978022,1477907067
000000007898,36.4298507463,1477907201
000000027781,10.7845493562,1477906536
000000027784,17.0685314685,1477906631
000000027788,11.7850746269,1477906702
0000000151B4,25.1628865979,1477907002
0000000151B0,24.6545454545,1477906735
000000007874,29.0571428571,1477907006
000000027796,15.4823529412,1477907192
000000007873,29.0571428571,1477907003
000000015114,44.0842105263,1477906862
000000009817,18.752238806,1477907043
000000015113,41.3694915254,1477906843
00000000786C,30.643902439,1477906968
000000007886,39.3677419355,1477907120
00000002129D,12.8463157895,1477906848
00000000782C,28.0551724138,1477906666
000000027790,15.9529411765,1477907057
000000016442,31.6987012987,1477906676
00000001A155,40.728358209,1477906693
0000000097BA,26.175,1477906952
00000000981D,31.6987012987,1477906850
000000007869,35.3552238806,1477906955
000000007862,31.8075949367,1477906925
00000001162A,31.8075949367,1477907107
000000009864,23.4534653465,1477907259
00000002778B,14.5285714286,1477906836
00000002778C,19.3714285714,1477906873
00000000786F,25.9051546392,1477906992
0000000133D1,25.1628865979,1477906959
0000000097C6,27.4247191011,1477906527
00000001CD1D,25.9659574468,1477906807
