23.3052631579|4|23.393|67.752|000000006A1E|28
24.6545454545|6|27.570|87.653|000000006A21|28
26.5304347826|3|28.802|10.320|000000006A38|28
25.9051546392|2|25.905|0.000|000000006A8C|28
22.8112149533|2|22.811|0.000|000000006A8E|28
21.2363636364|3|26.515|55.735|000000006A91|28
22.8112149533|2|22.811|0.000|000000006A94|28
19.9058823529|2|19.906|0.000|000000006A9B|28
24.6352941176|2|24.635|0.000|000000006AA0|28
17.2905109489|2|17.291|0.000|000000006AA5|28
17.0417266187|2|17.042|0.000|000000006AA6|28
22.3471698113|2|22.347|0.000|000000006AA8|28
22.3926605505|3|27.119|44.678|000000006AAA|28
22.8112149533|2|22.811|0.000|000000006AAB|28
18.9209302326|2|18.921|0.000|000000006AB2|28
16.6816901408|2|16.682|0.000|000000006ABC|28
20.7789473684|2|20.779|0.000|000000006AC0|28
38.1375|3|38.890|0.849|000000006ACB|28
27.3130434783|2|27.313|0.000|000000006ACE|28
30.1333333333|2|30.133|0.000|000000006AD7|28
25.1628865979|2|25.163|0.000|000000006AD8|28
27.7363636364|2|27.736|0.000|000000006ADA|28
23.4692307692|2|23.469|0.000|000000006ADD|28
28.2337078652|2|28.234|0.000|000000006AE2|28
31.0222222222|2|31.022|0.000|000000006AE5|28
16.9511811024|2|16.951|0.000|000000006AE7|28
28.887804878|2|28.888|0.000|000000006AE8|28
29.0571428571|4|33.746|43.039|000000006AEA|28
30.7636363636|2|30.764|0.000|000000006AF3|28
28.1620253165|2|28.162|0.000|000000006AF5|28
29.7658536585|3|29.540|0.102|000000006AFA|28
29.0571428571|3|28.408|0.842|000000006AFB|28
25.1628865979|2|25.163|0.000|000000006AFE|28
27.4247191011|2|27.425|0.000|000000006B09|28
31.8075949367|2|31.808|0.000|000000006B0E|28
26.6157303371|2|26.616|0.000|000000006B13|28
30.8962025316|2|30.896|0.000|000000006B21|28
39.2625|1|39.263|0.000|000000006B23|28
22.0064516129|12|25.323|102.175|000000008A37|28
21.7928571429|4|28.248|148.901|000000008AB9|28
23.0264150943|4|27.551|97.320|000000008ABD|28
19.7858267717|4|25.044|99.439|000000008AD0|28
22.8112149533|3|19.411|23.119|000000008AE0|28
21.1159663866|2|21.116|0.000|000000008AE1|28
27.3130434783|4|25.367|9.730|000000008AEC|28
19.8642857143|2|19.864|0.000|000000008AF0|28
25.9659574468|3|24.233|6.005|000000008AF5|28
19.4790697674|4|19.550|0.005|000000008B01|28
20.5109243697|4|20.356|3.275|000000008B12|28
28.887804878|3|25.711|20.188|000000008B2B|28
25.425|4|32.048|86.559|000000008B2D|28
23.0532110092|3|21.413|5.380|000000008B6A|28
28.0551724138|3|24.481|25.543|000000008B6E|28
28.2|4|28.456|28.543|00000000ED95|28
19.6838709677|6|20.933|44.373|0000000109A2|28
15.0666666667|4|18.340|13.058|0000000109E6|28
19.2188976378|2|19.219|0.000|000000010A45|28
26.5304347826|4|28.350|84.872|0000000127B6|28
20.5109243697|4|21.139|0.771|0000000127EF|28
27.3130434783|3|24.774|12.891|0000000127F2|28
39.547826087|4|32.524|67.045|00000001280D|28
32.9|7|23.712|40.492|0000000144EB|28
19.9428571429|5|22.773|22.432|000000014510|28
21.6|4|20.512|3.292|000000014517|28
20.6847457627|4|20.197|4.001|000000014555|28
32.9|4|26.636|41.332|000000014569|28
29.7658536585|4|24.359|31.131|0000000145CD|28
20.8615384615|5|20.984|12.374|000000015EDE|28
39.3677419355|15|27.183|104.162|00000001746E|28
21.1159663866|9|22.473|8.590|000000019963|28
29.7658536585|4|24.547|27.836|0000000199A2|28
21.4105263158|4|20.272|1.621|0000000199DC|28
24.906122449|5|27.552|91.097|00000001C3B6|28
30.5379310345|5|29.138|54.833|00000001C3EC|28
15.6874172185|5|22.782|116.433|00000001C3F7|28
39.3677419355|4|28.389|122.432|00000001C3FB|28
25.9051546392|6|23.098|33.681|00000001C401|28
24.1663366337|5|22.177|15.406|00000001DAF5|28
25.747826087|5|23.161|8.482|00000001DB29|28
28.3813953488|8|25.356|78.800|00000001DB4E|28
16.95|9|24.266|50.417|00000001F0F7|28
25.9659574468|6|26.136|91.777|00000001F117|28
13.6924855491|3|15.112|4.032|0000000274C1|28
16.7178082192|4|16.822|18.306|0000000274C6|28
14.5325153374|2|14.533|0.000|0000000274C7|28
11.4591549296|2|11.459|0.000|0000000274CA|28
16.4918918919|2|16.492|0.000|0000000274D5|28
20.6847457627|3|17.306|22.829|000000027B3D|28
22.6|5|16.230|14.745|00000002806A|28
18.4909090909|2|18.491|0.000|00000002951C|28
12.8142857143|2|12.814|0.000|000000029B45|28
15.6874172185|3|15.361|0.213|000000029B4E|28
12.1432835821|4|12.780|0.698|00000002A11D|28
16.4918918919|5|16.156|10.686|00000002BA41|28
