23.9294117647|8|31.574|69.671|0000000070C2|28
41.3694915254|2|41.369|0.000|000000007128|28
16.0050955414|3|22.531|85.169|00000000712B|28
39.3677419355|2|39.368|0.000|000000007136|28
31.6987012987|2|31.699|0.000|000000007138|28
36.4173913043|2|36.417|0.000|00000000713A|28
39.3677419355|2|39.368|0.000|00000000713B|28
35.3552238806|2|35.355|0.000|00000000713D|28
21.15|3|25.753|42.368|00000000713F|28
20.2461538462|2|20.246|0.000|000000007142|28
39.3677419355|4|34.894|35.049|00000000714A|28
26.5304347826|2|26.530|0.000|00000000714D|28
32.4|2|32.400|0.000|000000007151|28
32.9837837838|2|32.984|0.000|000000007152|28
39.2625|1|39.263|0.000|000000007153|28
28.0551724138|3|29.592|4.724|00000000715F|28
27.7363636364|2|27.736|0.000|000000007167|28
22.3926605505|2|22.393|0.000|000000007168|28
35.3552238806|2|35.355|0.000|00000000716B|28
40.0131147541|6|38.902|31.698|000000009100|28
35.3552238806|3|28.668|89.442|000000009123|28
28.1319587629|3|29.760|5.300|000000009128|28
34.3304347826|5|33.527|115.559|00000000912B|28
21.9636363636|4|28.164|44.464|00000000914E|28
45.5538461538|3|40.923|42.883|00000000915E|28
39.3677419355|6|38.386|6.528|000000010FD1|28
39.3677419355|2|39.368|0.000|000000011013|28
31.6987012987|8|37.341|31.697|000000012D90|28
28.887804878|5|27.451|57.867|000000012DAC|28
27.2275862069|6|29.195|75.134|000000012DB1|28
28.2337078652|3|28.221|0.000|000000012DC4|28
34.9|5|27.079|85.643|000000012DC7|28
36.4298507463|5|32.088|91.023|000000012DCA|28
33.9|3|33.014|1.569|000000012DD4|28
32.9837837838|5|25.587|64.980|000000012DDB|28
23.9294117647|3|27.483|25.254|000000012DE1|28
25.9659574468|5|31.246|33.562|000000014B5C|28
28.1319587629|5|33.192|69.612|000000014B6D|28
28.0551724138|4|28.606|142.524|000000014B7B|28
25.7433962264|5|33.336|59.864|000000014B82|28
29.9848101266|4|35.980|40.312|000000014B84|28
40.5152542373|4|34.235|42.268|00000001617F|28
19.9428571429|5|22.914|73.646|000000019DB4|28
31.3655172414|7|30.917|74.391|00000001B258|28
29.9142857143|4|33.987|20.270|00000001C8B5|28
27.3130434783|7|32.276|14.533|00000001E028|28
41.4|7|35.657|26.218|00000001E033|28
20.8615384615|6|28.739|62.301|00000001F364|28
13.5551020408|2|13.555|0.000|000000027608|28
14.5285714286|4|12.977|2.752|00000002A268|28
15.4823529412|2|15.482|0.000|00000002A269|28
15.4823529412|7|14.999|17.455|00000002C008|28
