23.9294117647|8|31.574|69.671|0000000070C2|28
40.5290322581|5|33.987|38.938|0000000070E0|28
41.5125|2|40.292|1.491|00000000710F|28
18.4909090909|5|29.220|81.359|000000007111|28
28.0551724138|2|28.055|0.000|000000007116|28
32.9837837838|5|34.431|4.800|00000000711D|28
41.3694915254|2|41.369|0.000|000000007128|28
16.0050955414|3|22.531|85.169|00000000712B|28
39.3677419355|2|39.368|0.000|000000007136|28
31.6987012987|2|31.699|0.000|000000007138|28
36.4173913043|2|36.417|0.000|00000000713A|28
39.3677419355|2|39.368|0.000|00000000713B|28
35.3552238806|2|35.355|0.000|00000000713D|28
21.15|3|25.753|42.368|00000000713F|28
20.2461538462|2|20.246|0.000|000000007142|28
39.3677419355|3|38.213|2.668|00000000714A|28
26.5304347826|2|26.530|0.000|00000000714D|28
32.4|2|32.400|0.000|000000007151|28
32.9837837838|2|32.984|0.000|000000007152|28
39.2625|1|39.263|0.000|000000007153|28
29.9848101266|5|31.765|101.937|0000000090EF|28
34.9|5|33.746|104.739|0000000090FF|28
40.0131147541|5|37.322|23.067|000000009100|28
39.3677419355|3|37.750|5.231|000000009112|28
28.1319587629|3|29.760|5.300|000000009128|28
34.3304347826|5|33.527|115.559|00000000912B|28
36.4298507463|6|31.553|39.086|00000000A7B9|28
39.3677419355|5|38.708|7.210|000000010FD1|28
35.3739130435|6|30.759|141.874|00000001100B|28
39.3677419355|2|39.368|0.000|000000011013|28
20.5967213115|3|23.533|17.241|000000012D88|28
31.6987012987|7|37.832|34.300|000000012D90|28
35.3739130435|3|34.063|3.435|000000012D9D|28
28.887804878|5|27.451|57.867|000000012DAC|28
27.2275862069|6|29.195|75.134|000000012DB1|28
28.2337078652|3|28.221|0.000|000000012DC4|28
34.9|5|27.079|85.643|000000012DC7|28
36.4298507463|5|32.088|91.023|000000012DCA|28
33.9|3|33.014|1.569|000000012DD4|28
33.84|2|25.976|61.839|000000014B48|28
25.9659574468|5|31.246|33.562|000000014B5C|28
28.1319587629|5|33.192|69.612|000000014B6D|28
40.5152542373|4|34.235|42.268|00000001617F|28
31.3655172414|4|34.419|11.666|00000001B258|28
27.3130434783|5|31.138|11.289|00000001E028|28
41.4|7|35.657|26.218|00000001E033|28
20.8615384615|6|28.739|62.301|00000001F364|28
14.9106382979|2|14.911|0.000|00000002756E|28
11.3884615385|2|11.388|0.000|000000027603|28
13.5551020408|2|13.555|0.000|000000027608|28
15.4823529412|6|15.651|17.386|00000002C008|28
