17.2905109489|2|17.291|0.000|000000006868|28
21.9891891892|2|21.989|0.000|0000000069F2|28
19.9058823529|2|19.906|0.000|0000000069FC|28
20.7669421488|2|20.767|0.000|0000000069FF|28
24.1615384615|2|24.162|0.000|000000006A07|28
18.3627906977|2|18.363|0.000|000000006A08|28
24.6352941176|2|24.635|0.000|000000006A09|28
24.4206185567|2|24.421|0.000|000000006A0B|28
23.0264150943|2|23.026|0.000|000000006A0F|28
21.7928571429|2|21.793|0.000|000000006A14|28
15.0666666667|2|15.067|0.000|000000006A16|28
23.0264150943|3|24.872|6.813|000000006A1C|28
17.5024390244|2|17.502|0.000|000000006A22|28
19.9058823529|2|19.906|0.000|000000006A25|28
19.1032258065|2|19.103|0.000|000000006A2A|28
19.3714285714|2|19.371|0.000|000000006A2B|28
23.4692307692|2|23.469|0.000|000000006A2D|28
17.1652173913|3|18.362|2.866|000000006A2E|28
18.752238806|2|18.752|0.000|000000006A31|28
21.9891891892|2|21.989|0.000|000000006A36|28
23.9294117647|2|23.929|0.000|000000006A37|28
27.4247191011|2|27.425|0.000|000000006A3B|28
22.3926605505|2|22.393|0.000|000000006A3E|28
23.4692307692|4|26.565|37.166|000000006A43|28
17.9454545455|3|20.312|11.199|000000006A53|28
27.4247191011|2|27.425|0.000|000000006A56|28
23.0532110092|2|23.053|0.000|000000006A5E|28
23.9294117647|2|23.929|0.000|000000006A6D|28
27.0178217822|2|27.018|0.000|000000006A6E|28
22.3926605505|2|22.393|0.000|000000006A71|28
24.6545454545|2|24.655|0.000|000000006A74|28
23.0264150943|2|23.026|0.000|000000006A7A|28
23.9272727273|4|26.720|34.619|000000008A1A|28
25.1628865979|4|28.227|58.361|000000008A30|28
26.5304347826|7|26.714|95.814|000000008A37|28
17.45|2|17.450|0.000|000000008A3D|28
21.7928571429|3|20.602|2.836|000000008A40|28
25.9659574468|3|23.111|16.306|000000008A6E|28
22.3926605505|3|20.945|4.192|000000008A7B|28
22.138317757|3|20.412|5.958|000000008A7D|28
16.0578947368|4|21.972|75.031|000000008A8B|28
17.6957746479|3|17.151|0.594|000000008AAC|28
23.9272727273|3|22.404|4.643|000000008AB4|28
21.7928571429|3|21.976|0.067|000000008ACB|28
25.5724137931|6|32.264|96.683|00000000B960|28
24.3743119266|2|24.374|0.000|00000000D1FB|28
18.6519685039|2|18.652|0.000|00000000ED7B|28
23.4692307692|4|22.944|61.081|0000000109A2|28
23.6970873786|2|23.697|0.000|0000000109DD|28
27.4247191011|11|26.355|72.695|000000012658|28
19.4790697674|5|23.739|92.373|0000000126FB|28
17.8160583942|3|19.154|3.579|000000012717|28
25.3818181818|3|24.693|0.950|000000012728|28
13.8065934066|3|16.720|16.978|00000001272B|28
21.7928571429|3|20.129|5.540|000000012780|28
21.9891891892|8|20.000|10.020|000000014473|28
21.15|5|21.922|23.741|000000014486|28
24.1615384615|4|20.868|11.536|0000000144B5|28
20.6847457627|4|19.940|0.756|0000000144F7|28
19.6838709677|5|21.939|67.923|000000014506|28
20.8615384615|5|24.036|45.075|00000001450E|28
18.3416058394|5|21.745|31.001|000000014525|28
25.9051546392|5|27.208|34.698|000000015EBA|28
20.5967213115|5|19.460|1.678|000000015EC5|28
22.3926605505|6|25.420|35.665|00000001992D|28
22.8112149533|6|20.699|4.110|00000001AD80|28
28.0551724138|17|27.167|82.777|00000001C201|28
25.1628865979|8|23.893|44.031|00000001C2DC|28
22.8112149533|12|22.858|81.770|00000001C309|28
21.7928571429|6|20.856|7.743|00000001C330|28
17.45|5|19.736|18.230|00000001C344|28
22.3926605505|4|21.725|0.700|00000001C387|28
23.9294117647|9|27.363|69.821|00000001DA97|28
27.2275862069|7|22.613|43.645|00000001F0BC|28
23.2235294118|6|25.621|59.550|00000001F0C5|28
10.4755364807|5|14.372|18.734|00000002747B|28
11.4591549296|2|11.459|0.000|0000000274A6|28
17.8105263158|2|17.811|0.000|0000000274B4|28
20.4206896552|3|20.497|0.012|0000000274B6|28
16.4918918919|2|16.492|0.000|0000000274BE|28
14.9571428571|4|13.814|4.028|000000027AF2|28
15.6|3|14.876|1.047|000000027B01|28
15.1373493976|4|16.117|1.339|000000027B0F|28
14.9742331288|3|15.325|0.246|0000000294B8|28
16.4918918919|4|15.447|3.117|000000029B11|28
13.4590909091|4|13.009|0.394|00000002A104|28
18.3518796992|3|18.032|0.205|00000002B5C3|28
17.3106382979|5|15.679|11.223|00000002B5F5|28
14.9742331288|5|19.830|22.494|00000002BA73|28
