30.8962025316|8|34.145|58.941|000000006E52|28
41.3694915254|4|38.094|11.014|000000006E78|28
41.5578947368|5|37.260|43.731|000000006E7B|28
25.425|1|25.425|0.000|000000006E7D|28
36.4298507463|2|36.430|0.000|000000006E80|28
25.1628865979|5|30.433|46.694|000000006E81|28
28.887804878|4|26.714|9.411|000000006E82|28
30.8962025316|2|30.896|0.000|000000006E8B|28
29.0571428571|2|29.057|0.000|000000006E8D|28
28.2|2|28.200|0.000|000000006E8F|28
30.7636363636|2|30.764|0.000|000000006E96|28
30.2746987952|2|30.275|0.000|000000006E9A|28
38.2064516129|2|38.206|0.000|000000006E9B|28
35.3552238806|2|35.355|0.000|000000006E9D|28
24.1663366337|2|24.166|0.000|000000006EA1|28
39.2625|3|34.213|32.693|000000006EA2|28
32.9|3|33.796|1.607|000000006EAB|28
31.3655172414|2|31.366|0.000|000000006EAC|28
34.9|4|36.286|4.135|000000006EAD|28
24.7448275862|2|24.745|0.000|000000006EB3|28
40.5290322581|2|40.529|0.000|000000006EB6|28
33.9|2|33.900|0.000|000000006EB8|28
26.5304347826|2|26.530|0.000|000000006EB9|28
39.3677419355|2|39.368|0.000|000000006EBD|28
46.9384615385|2|46.938|0.000|000000006EBE|28
27.4247191011|2|27.425|0.000|000000006EC6|28
30.643902439|2|30.644|0.000|000000008E76|28
28.0551724138|5|33.794|95.080|000000008E9F|28
22.1890909091|3|23.941|6.136|000000008EA3|28
32.1313432836|3|33.903|6.279|000000008EAC|28
29.0571428571|4|32.137|31.547|00000000A723|28
21.7928571429|2|21.793|0.000|00000000F15B|28
34.3774647887|5|31.832|123.680|000000010DE9|28
29.4072289157|4|26.235|22.712|000000012B37|28
32.9|3|30.404|12.456|000000012B57|28
33.4356164384|3|34.068|0.799|000000012B91|28
36.4298507463|5|34.942|72.503|000000012B94|28
35.9052631579|5|34.327|31.964|0000000148E0|28
19.7504587156|7|34.793|190.582|00000001490B|28
31.6987012987|5|31.928|4.730|000000014937|28
29.0571428571|9|31.120|127.098|00000001B0AE|28
42.5898305085|3|39.923|14.223|00000001B0DD|28
24.6352941176|4|27.905|14.495|00000001C6C4|28
12.0831683168|9|28.751|150.523|00000001DE4A|28
44.0842105263|5|37.145|34.663|00000001F2A8|28
11.4591549296|2|11.459|0.000|0000000274E9|28
11.0443438914|2|11.044|0.000|00000002757F|28
19.2585365854|2|19.259|0.000|000000027581|28
17.6869565217|2|17.687|0.000|000000027583|28
14.9924050633|3|15.978|1.944|000000027BE2|28
10.2125523013|3|11.457|3.097|000000028093|28
16.4235294118|6|16.703|7.429|0000000280A1|28
10.6585152838|2|10.659|0.000|000000028FD8|28
10.9161290323|3|11.265|0.243|0000000295AB|28
13.7123595506|3|13.315|0.316|000000029BD4|28
17.0685314685|3|16.793|0.152|000000029BE6|28
18.3518796992|5|16.963|7.467|00000002A1EC|28
13.6565217391|5|14.954|5.973|00000002A6D3|28
14.5325153374|6|15.478|9.318|00000002BF9C|28
