17.1887323944|4|24.771|118.460|0000000075FC|28
37.5044776119|3|37.194|0.193|000000007616|28
36.4298507463|2|36.430|0.000|00000000761B|28
29.7658536585|4|29.546|13.420|00000000762B|28
35.3552238806|2|35.355|0.000|000000007634|28
30.9|2|30.900|0.000|000000007638|28
37.5044776119|2|37.504|0.000|000000007648|28
27.6131868132|2|27.613|0.000|000000007649|28
30.7636363636|2|30.764|0.000|00000000764A|28
41.3694915254|2|41.369|0.000|00000000764C|28
36.9818181818|2|36.982|0.000|000000007652|28
24.1615384615|2|24.162|0.000|000000007655|28
33.9|2|33.900|0.000|000000007656|28
24.1663366337|2|24.166|0.000|00000000765C|28
39.3677419355|5|34.954|106.066|0000000095E7|28
16.0578947368|3|22.738|89.255|0000000095F0|28
32.9837837838|3|33.802|1.339|00000000960A|28
33.6375|4|34.384|10.343|00000000962A|28
31.6987012987|6|29.331|69.361|00000000A9A2|28
40.1491525424|4|36.410|15.686|00000000A9C5|28
22.3471698113|2|22.347|0.000|0000000114C3|28
27.2275862069|3|21.651|62.193|0000000114C6|28
21.9333333333|4|21.614|38.539|0000000131E8|28
42.8210526316|5|36.030|91.366|000000013210|28
33.9|9|32.991|64.389|000000014FCE|28
30.643902439|4|36.330|67.479|000000014FD6|28
28.0551724138|9|29.274|88.255|000000014FEC|28
18.0824427481|6|27.413|74.677|00000001A04A|28
23.4841121495|8|30.567|85.444|00000001CBDA|28
21.7928571429|7|24.126|34.607|00000001CC04|28
29.7658536585|8|29.881|85.246|00000001E3CA|28
24.675|4|38.652|133.296|00000001E3CD|28
32.9837837838|5|34.333|25.597|00000001E3DC|28
31.8075949367|5|31.196|2.436|00000001F51D|28
13.9224489796|2|13.922|0.000|000000027717|28
18.6320610687|2|18.632|0.000|00000002771A|28
12.3783251232|2|12.378|0.000|00000002771C|28
14.5325153374|4|13.781|2.131|000000028122|28
14.1|3|13.480|0.769|000000029D35|28
