39.3677419355|2|39.368|0.000|0000000063A6|28
37.0125|1|37.013|0.000|0000000063B5|28
38.1375|1|38.138|0.000|0000000063BB|28
37.5044776119|2|37.504|0.000|0000000063BD|28
52.4769230769|6|44.957|108.065|0000000063C2|28
35.3552238806|2|35.355|0.000|0000000063D0|28
34.3304347826|2|34.330|0.000|0000000063D3|28
58.1142857143|2|58.114|0.000|0000000063D4|28
30.1333333333|3|31.950|6.598|0000000063D7|28
43.5857142857|2|43.586|0.000|0000000063DC|28
42.8210526316|2|42.821|0.000|0000000063E1|28
44.0842105263|2|44.084|0.000|0000000063E5|28
37.7684210526|2|37.768|0.000|0000000063E6|28
30.8962025316|5|33.910|130.538|00000000848E|28
31.6987012987|5|33.702|7.573|000000010443|28
32.9837837838|3|27.563|58.768|00000001044B|28
41.3454545455|3|31.412|197.341|000000010470|28
45.2|5|43.023|46.917|00000001219F|28
25.9659574468|3|29.843|30.058|000000013F47|28
42.8210526316|2|42.821|0.000|000000013F4D|28
37.5044776119|8|37.307|101.254|000000015C28|28
58.0595744681|6|39.058|253.044|00000001A99E|28
38.2064516129|5|29.496|142.424|00000001A9AD|28
41.3454545455|4|38.997|12.340|00000001D692|28
10.848|2|10.848|0.000|000000020E98|28
16.2246575342|2|16.225|0.000|000000027377|28
10.6585152838|3|10.852|0.075|00000002737A|28
13.1192307692|4|12.678|1.299|000000027FEE|28
