29.2444444444|2|29.244|0.000|00000000644C|28
28.887804878|6|36.333|55.061|000000006455|28
29.4072289157|2|29.407|0.000|000000006471|28
23.4534653465|2|23.453|0.000|00000000647E|28
25.1628865979|5|28.791|25.432|000000006487|28
35.3739130435|2|35.374|0.000|00000000648B|28
39.6537313433|2|39.654|0.000|000000006493|28
27.4247191011|3|29.637|9.788|000000006497|28
32.2434782609|2|32.243|0.000|000000006499|28
28.0551724138|2|28.055|0.000|00000000649D|28
28.2337078652|2|28.234|0.000|00000000649F|28
35.8838709677|3|36.426|0.588|0000000064A5|28
44.0129032258|2|44.013|0.000|0000000064A8|28
22.3926605505|3|29.922|113.368|0000000064B3|28
41.5578947368|2|41.558|0.000|0000000064B4|28
30.8962025316|2|30.896|0.000|0000000064B5|28
28.8827586207|3|28.812|0.010|0000000064B8|28
29.0571428571|2|29.057|0.000|0000000064BA|28
30.8962025316|2|30.896|0.000|0000000064C1|28
35.3739130435|3|36.831|4.247|00000000853F|28
29.7658536585|5|34.921|23.666|00000000854B|28
32.9837837838|3|31.563|4.038|000000008561|28
35.9027027027|3|37.426|4.641|000000008570|28
36.4298507463|3|34.670|6.191|00000000A381|28
49.812244898|2|49.812|0.000|00000000B5E4|28
28.0551724138|3|23.652|38.771|000000010526|28
36.4298507463|8|32.980|141.251|000000012225|28
36.4298507463|3|33.358|18.870|00000001222F|28
45.5538461538|4|35.432|218.809|00000001223B|28
22.8112149533|4|25.598|14.410|000000012260|28
42.8210526316|7|33.098|117.878|000000012263|28
31.3352112676|3|28.591|15.063|00000001226A|28
40.1491525424|4|36.592|13.908|000000012270|28
28.8782608696|5|32.008|31.780|000000012274|28
36.4298507463|3|33.142|21.615|000000015C62|28
35.3552238806|4|31.711|35.701|00000001BFC0|28
26.6157303371|5|28.139|13.022|00000001D727|28
36.4173913043|9|34.604|6.062|00000001EE62|28
39.3677419355|6|41.448|20.786|00000001EE80|28
10.2554621849|3|12.741|12.356|000000027395|28
11.268161435|2|11.268|0.000|000000027399|28
12.1432835821|2|12.143|0.000|00000002739D|28
13.1560209424|2|13.156|0.000|00000002739F|28
13.6357541899|2|13.636|0.000|0000000273A0|28
18.3518796992|3|18.917|0.638|0000000279E2|28
16.0054054054|3|14.153|6.861|000000029A1B|28
17.572027972|3|17.149|0.357|00000002BE42|28
