31.6987012987|2|31.699|0.000|00000000753B|28
30.8962025316|4|28.161|16.257|000000007540|28
41.3694915254|3|36.780|42.133|000000007544|28
40.5290322581|2|40.529|0.000|000000007545|28
27.4247191011|2|27.425|0.000|000000007546|28
33.9567567568|2|33.957|0.000|00000000754E|28
26.5304347826|2|26.530|0.000|000000007551|28
25.425|2|26.360|0.875|000000007559|28
32.9837837838|2|32.984|0.000|00000000755B|28
34.3774647887|2|34.377|0.000|000000007565|28
44.0842105263|4|36.510|92.094|000000007568|28
22.6|2|23.992|1.937|00000000756A|28
29.9848101266|2|29.985|0.000|00000000756B|28
33.9|4|31.400|9.845|00000000756E|28
33.9|2|33.900|0.000|00000000756F|28
41.5578947368|4|38.960|14.671|000000007571|28
25.747826087|2|25.748|0.000|000000007588|28
25.6285714286|2|25.629|0.000|00000000758B|28
32.9837837838|2|32.984|0.000|00000000758C|28
32.9|5|28.868|26.726|0000000094E4|28
37.9|7|33.369|100.178|0000000094E7|28
31.1684210526|3|29.701|4.304|000000009505|28
39.547826087|3|39.297|0.126|000000009508|28
27.2275862069|5|32.502|59.691|00000000951B|28
22.9021276596|3|26.478|25.579|00000000951F|28
36.4298507463|4|33.826|7.312|000000009527|28
24.7448275862|6|26.044|73.755|00000000A92B|28
42.8210526316|3|38.511|37.148|00000000A94B|28
30.1333333333|4|32.334|8.187|00000000A974|28
36.4298507463|2|36.430|0.000|00000000F727|28
18.2149253731|2|18.215|0.000|0000000113BD|28
28.0551724138|2|28.055|0.000|0000000113CC|28
34.3774647887|2|34.377|0.000|0000000113D1|28
29.7658536585|6|33.232|152.410|0000000113D6|28
35.8941176471|3|35.092|1.285|0000000113FC|28
36.9|5|28.222|96.925|000000013161|28
35.3552238806|3|38.673|22.010|000000013171|28
28.887804878|3|29.673|1.233|000000013183|28
23.9272727273|4|28.170|19.340|000000014F2D|28
23.9294117647|5|28.716|17.406|000000016327|28
24.4206185567|9|30.557|90.432|000000019FD7|28
18.2149253731|7|28.537|122.958|00000001B528|28
40.1491525424|6|34.892|40.095|00000001F4C4|28
11.5677725118|2|11.568|0.000|0000000276EF|28
15.5045454545|4|14.293|5.268|000000027D2E|28
17.4176470588|6|17.372|8.427|0000000290F8|28
10.3423728814|3|11.037|0.964|000000029D18|28
17.4923076923|6|16.499|6.554|00000002A315|28
14.7130434783|6|17.434|54.750|00000002A747|28
16.95|7|15.792|3.969|00000002C40B|28
