38.1375|2|38.448|0.096|000000006A75|28
30.8962025316|3|30.576|0.205|000000006B0F|28
30.2746987952|4|31.465|2.405|000000006B86|28
25.9659574468|3|25.694|0.148|000000006B8D|28
31.0222222222|2|31.022|0.000|000000006B95|28
27.4247191011|2|27.425|0.000|000000006B96|28
31.6987012987|8|31.301|57.313|000000006B97|28
28.887804878|2|28.888|0.000|000000006B98|28
20.3641791045|2|20.364|0.000|000000006B9D|28
42.8210526316|7|35.546|46.793|000000006B9F|28
21.4105263158|3|26.464|51.082|000000006BAB|28
26.5304347826|3|23.147|22.896|000000006BB1|28
38.2064516129|2|38.206|0.000|000000006BB5|28
36.4298507463|3|36.702|0.148|000000006BBB|28
28.2337078652|5|32.040|16.666|000000006BC2|28
28.8827586207|2|28.883|0.000|000000006BC8|28
22.9021276596|2|22.902|0.000|000000006BE3|28
18.4909090909|2|18.491|0.000|000000006BE8|28
27.4247191011|3|28.347|1.700|000000006BEA|28
30.8962025316|4|34.954|18.063|000000006BEC|28
33.9|2|33.900|0.000|000000006BF6|28
28.0551724138|4|37.510|124.550|000000006C06|28
23.4534653465|2|23.453|0.000|000000006C08|28
20.006557377|2|20.007|0.000|000000006C15|28
22.193814433|2|22.194|0.000|000000006C16|28
27.3130434783|2|27.313|0.000|000000006C24|28
15.3818181818|4|25.963|112.423|000000008BB8|28
40.1491525424|3|33.378|91.697|000000008BEE|28
30.643902439|4|31.333|131.539|000000008BF0|28
30.8962025316|4|29.538|4.578|000000008BF9|28
23.4692307692|3|22.304|2.715|000000008C09|28
33.9567567568|3|29.296|43.451|000000008C0B|28
24.6352941176|6|26.244|139.366|000000008C11|28
36.9818181818|5|32.163|204.345|000000008C1C|28
29.9142857143|4|25.126|23.293|000000008C23|28
34.9|2|34.900|0.000|000000008C27|28
30.7636363636|5|35.515|141.674|000000008C35|28
31.6987012987|3|27.149|41.400|000000008C39|28
23.2235294118|4|25.565|61.190|000000008C42|28
27.4247191011|3|23.771|26.699|000000008C58|28
30.643902439|3|26.285|38.007|000000008C65|28
27.2275862069|4|23.679|12.726|00000000A65F|28
13.2252631579|9|19.604|22.971|000000010A7F|28
20.2461538462|2|20.246|0.000|000000010B6C|28
35.3552238806|2|35.355|0.000|000000010B73|28
29.0571428571|2|29.057|0.000|000000010BAF|28
30.643902439|4|26.567|20.522|000000012813|28
29.7658536585|6|28.391|68.470|00000001288B|28
22.3926605505|4|20.861|2.848|0000000128BC|28
29.9848101266|3|26.632|22.486|0000000128C1|28
26.5304347826|5|20.563|31.294|0000000128D5|28
29.7658536585|4|24.383|30.712|0000000128E3|28
30.1333333333|3|25.888|36.048|0000000128FC|28
26.5304347826|3|24.528|8.022|000000012910|28
23.9294117647|5|21.823|3.733|00000001464E|28
23.4692307692|4|22.139|3.390|00000001464F|28
34.3304347826|5|26.708|45.279|000000015FA1|28
22.9360824742|5|23.029|6.072|000000015FB5|28
27.2275862069|6|22.144|18.998|000000019A6E|28
28.887804878|11|24.814|84.583|00000001AE2E|28
27.5441860465|9|23.212|33.728|00000001AE33|28
39.3677419355|6|31.493|118.403|00000001AE99|28
24.6545454545|5|23.683|2.521|00000001AEBE|28
32.6337662338|5|26.776|28.459|00000001AEFD|28
27.5240506329|3|24.592|17.194|00000001AF27|28
32.6337662338|6|27.393|25.247|00000001C4C6|28
23.9294117647|6|22.820|4.721|00000001C4E2|28
36.4298507463|4|27.822|78.058|00000001C507|28
29.9848101266|5|23.310|34.313|00000001DBF4|28
36.4298507463|7|29.122|38.479|00000001DC43|28
24.1615384615|5|22.345|2.681|00000001DC78|28
25.1628865979|6|26.792|72.929|00000001F17B|28
19.9759398496|2|19.976|0.000|0000000274F9|28
12.1432835821|2|12.143|0.000|0000000274FB|28
12.3272727273|2|12.327|0.000|000000027500|28
15.1602484472|9|15.038|7.966|000000029AF4|28
16.1642384106|4|18.347|11.109|000000029B6F|28
17.0685314685|4|16.261|0.854|00000002A150|28
17.572027972|4|16.550|12.847|00000002A168|28
11.7346153846|4|14.913|11.200|00000002BF2C|28
