39.3677419355|8|31.678|121.958|0000000074B2|28
32.6337662338|2|32.634|0.000|0000000074BB|28
30.8962025316|2|30.896|0.000|0000000074DF|28
28.0551724138|2|28.055|0.000|0000000074E4|28
25.1628865979|2|25.163|0.000|0000000074E6|28
34.3774647887|5|27.655|70.518|0000000074EC|28
24.7448275862|2|24.745|0.000|0000000074ED|28
33.0631578947|2|33.063|0.000|0000000074F1|28
29.9142857143|3|26.239|27.015|0000000074F4|28
30.8962025316|2|30.896|0.000|0000000074F9|28
21.7321100917|5|29.475|56.183|000000007500|28
28.0551724138|2|28.055|0.000|000000007501|28
26.5304347826|2|26.530|0.000|000000007506|28
34.9|2|34.900|0.000|000000007508|28
38.2064516129|2|38.206|0.000|00000000750A|28
39.8857142857|2|39.886|0.000|000000007512|28
23.9294117647|2|23.929|0.000|000000007519|28
32.9|2|32.900|0.000|00000000751A|28
32.1157894737|3|32.764|0.841|00000000751C|28
25.9659574468|2|25.966|0.000|00000000751E|28
26.5304347826|2|26.530|0.000|000000007520|28
29.7658536585|2|29.766|0.000|000000007526|28
28.2|2|28.200|0.000|000000007528|28
28.0551724138|2|28.055|0.000|000000007529|28
31.6987012987|2|31.699|0.000|00000000752A|28
26.6157303371|2|26.616|0.000|00000000752B|28
33.9|3|34.461|0.629|00000000752C|28
40.5290322581|2|40.529|0.000|000000007530|28
45.5538461538|2|45.554|0.000|000000007531|28
42.5898305085|4|34.461|66.891|0000000094B9|28
35.3739130435|5|34.176|130.694|0000000094DE|28
33.9567567568|3|34.671|1.022|0000000094E6|28
33.9567567568|4|34.534|8.172|0000000094E9|28
46.9384615385|3|42.845|33.515|00000000A92C|28
38.1375|2|29.056|82.482|00000000A93D|28
32.9|3|35.629|14.900|00000000A948|28
28.2|5|26.343|53.379|0000000113A7|28
17.5597122302|5|26.834|58.717|000000013116|28
27.2275862069|4|28.396|1.805|000000014ECD|28
26.5304347826|4|32.501|58.945|000000014ED3|28
32.1313432836|4|33.534|12.486|000000014EF2|28
28.6515463918|5|27.884|94.572|000000016305|28
28.0551724138|5|22.733|51.042|00000001B4FF|28
42.8210526316|7|30.463|127.648|00000001CB33|28
32.6337662338|2|32.634|0.000|00000001F494|28
15.1602484472|2|15.160|0.000|0000000276CD|28
14.9742331288|2|14.974|0.000|0000000276CE|28
17.3106382979|3|17.730|0.351|0000000276D0|28
15.6827586207|2|15.683|0.000|0000000276D4|28
13.5096774194|4|13.913|4.844|0000000296F5|28
15.1373493976|5|14.022|2.814|000000029CFB|28
14.2698795181|4|15.439|1.376|000000029D05|28
10.848|5|14.936|29.080|00000002C0A3|28
