27.4247191011|3|29.637|9.788|000000006497|28
32.2434782609|2|32.243|0.000|000000006499|28
28.0551724138|2|28.055|0.000|00000000649D|28
28.2337078652|2|28.234|0.000|00000000649F|28
35.8838709677|5|32.855|105.298|0000000064A5|28
44.0129032258|2|44.013|0.000|0000000064A8|28
22.3926605505|4|30.056|85.080|0000000064B3|28
41.5578947368|2|41.558|0.000|0000000064B4|28
30.8962025316|2|30.896|0.000|0000000064B5|28
28.8827586207|4|30.775|11.562|0000000064B8|28
29.0571428571|2|29.057|0.000|0000000064BA|28
35.8941176471|2|35.894|0.000|0000000064BD|28
30.8962025316|2|30.896|0.000|0000000064C1|28
28.0551724138|2|28.055|0.000|0000000064CD|28
35.3739130435|2|35.374|0.000|0000000064CE|28
31.6987012987|2|31.699|0.000|0000000064D1|28
36.4298507463|3|34.532|7.204|0000000064D5|28
18.4|2|18.400|0.000|0000000064D6|28
38.1375|1|38.138|0.000|0000000064D8|28
25.9051546392|2|25.905|0.000|0000000064E3|28
37.5044776119|2|37.504|0.000|0000000064E4|28
40.5290322581|2|40.529|0.000|0000000064EC|28
29.7658536585|5|34.921|23.666|00000000854B|28
32.9837837838|3|31.563|4.038|000000008561|28
35.9027027027|3|37.426|4.641|000000008570|28
36.4298507463|3|34.670|6.191|00000000A381|28
49.812244898|2|49.812|0.000|00000000B5E4|28
23.9294117647|8|29.641|122.436|000000010516|28
28.0551724138|3|23.652|38.771|000000010526|28
31.3352112676|3|28.591|15.063|00000001226A|28
40.1491525424|4|36.592|13.908|000000012270|28
28.8782608696|5|32.008|31.780|000000012274|28
26.5304347826|3|29.334|15.725|000000014025|28
28.0551724138|4|36.371|69.271|000000014041|28
36.4298507463|3|33.142|21.615|000000015C62|28
35.3552238806|4|31.711|35.701|00000001BFC0|28
23.1032967033|6|27.485|91.222|00000001BFDB|28
26.6157303371|7|29.276|14.990|00000001D727|28
11.268161435|2|11.268|0.000|000000027399|28
12.1432835821|2|12.143|0.000|00000002739D|28
13.1560209424|2|13.156|0.000|00000002739F|28
13.6357541899|2|13.636|0.000|0000000273A0|28
18.3518796992|4|18.049|2.736|0000000279E2|28
11.2296296296|3|12.290|2.248|000000027FEA|28
11.1963302752|4|11.544|0.673|000000027FFC|28
17.572027972|3|17.149|0.357|00000002BE42|28
