46.9384615385|2|46.938|0.000|00000000653A|28
36.4298507463|2|36.430|0.000|000000006551|28
39.3677419355|2|39.368|0.000|000000006554|28
34.7225806452|3|38.631|30.551|000000006557|28
28.0551724138|5|35.737|60.102|000000006561|28
36.4173913043|2|36.417|0.000|000000006563|28
38.1375|1|38.138|0.000|000000006565|28
31.6987012987|5|32.155|39.750|000000006567|28
34.9|2|34.900|0.000|00000000656C|28
25.9659574468|2|25.966|0.000|00000000656D|28
36.4298507463|5|41.589|60.520|000000006572|28
26.5304347826|2|26.530|0.000|00000000657B|28
22.0421052632|2|22.042|0.000|00000000658B|28
42.8210526316|2|42.821|0.000|000000006590|28
25.1628865979|2|25.163|0.000|000000006591|28
35.3739130435|2|35.374|0.000|000000006596|28
28.0551724138|8|30.259|35.591|000000008599|28
33.9|3|28.585|56.507|0000000085E7|28
18.4909090909|5|29.334|147.645|0000000085E9|28
20.3094339623|4|22.551|7.227|0000000085F6|28
41.5578947368|3|39.416|9.176|00000000860E|28
24.997752809|3|26.239|3.081|00000000861D|28
31.6987012987|7|30.973|157.439|00000000A3BD|28
34.3304347826|6|34.669|98.807|00000000A3C0|28
47.4947368421|2|47.495|0.000|00000000A3DE|28
29.7658536585|4|31.968|31.821|0000000105AF|28
24.6545454545|3|31.351|89.676|0000000105BB|28
41.5578947368|4|33.821|155.443|0000000122C7|28
45.2|2|38.951|39.045|0000000122EF|28
24.6352941176|6|34.014|53.171|0000000122F8|28
21.15|4|22.759|99.906|0000000122FF|28
40.728358209|5|34.387|30.462|000000012303|28
28.0551724138|5|29.738|28.969|000000013FF4|28
33.9|4|36.123|5.054|0000000140B4|28
27.1317073171|2|27.132|0.000|0000000140EA|28
25.9659574468|6|37.033|160.522|000000015C9B|28
13.0153846154|4|16.662|35.589|000000015CA4|28
23.9294117647|6|27.261|25.543|000000015CA6|28
30.51|8|32.228|86.279|00000001AA64|28
26.5304347826|3|28.887|11.106|00000001AA65|28
25.6926315789|8|30.338|108.993|00000001AA75|28
29.0571428571|7|32.832|192.572|00000001AA7B|28
26.4857142857|7|29.170|93.491|00000001D779|28
33.9|6|33.277|97.762|00000001EEA8|28
11.1963302752|3|13.403|9.735|0000000273A1|28
16.3168831169|2|16.317|0.000|0000000273C0|28
11.5659574468|2|11.566|0.000|0000000273C1|28
27.6131868132|2|27.613|0.000|0000000273C5|28
11.1185840708|2|11.119|0.000|0000000273C9|28
10.1665236052|2|10.167|0.000|0000000273CA|28
12.735483871|2|12.735|0.000|0000000273CF|28
13.8526315789|4|12.991|0.840|000000027A21|28
10.6474576271|3|12.851|9.711|000000027A25|28
13.2335195531|3|15.589|11.092|000000029408|28
10.2554621849|6|13.242|14.080|000000029A32|28
10.4265560166|4|11.948|2.316|00000002B9BB|28
