31.6987012987|3|27.439|36.283|0000000077CD|28
23.9294117647|3|26.315|11.386|000000007803|28
39.3677419355|8|31.904|138.877|000000007839|28
33.9|3|35.273|3.768|000000007851|28
39.3677419355|2|39.368|0.000|000000007886|28
40.1491525424|2|40.149|0.000|00000000788F|28
34.3304347826|2|34.330|0.000|000000007890|28
36.4173913043|7|36.884|41.481|000000007894|28
27.4247191011|2|27.425|0.000|000000007895|28
32.6337662338|2|32.634|0.000|000000007896|28
36.4298507463|2|36.430|0.000|000000007898|28
16.7178082192|7|30.311|223.586|00000000789B|28
21.3405405405|2|21.341|0.000|00000000789F|28
30.7636363636|2|30.764|0.000|0000000078A2|28
15.7138686131|2|15.714|0.000|0000000078A5|28
34.3304347826|4|30.956|38.458|0000000078A7|28
28.3813953488|2|28.381|0.000|0000000078AC|28
23.3230769231|2|23.323|0.000|0000000078B8|28
22.138317757|4|28.025|43.763|0000000078BA|28
17.6776119403|2|17.678|0.000|0000000078BD|28
20.8615384615|4|32.338|132.726|0000000078CC|28
16.95|2|16.950|0.000|0000000078CD|28
29.7658536585|2|29.766|0.000|0000000078D2|28
22.8112149533|2|22.811|0.000|0000000078D4|28
34.3304347826|4|32.713|2.707|0000000078DA|28
21.7321100917|2|21.732|0.000|0000000078DE|28
25.9051546392|2|25.905|0.000|0000000078DF|28
25.9051546392|2|25.905|0.000|0000000078E3|28
31.8075949367|3|34.229|11.722|0000000078EE|28
27.6131868132|2|27.613|0.000|0000000078F1|28
27.4247191011|2|27.425|0.000|0000000078F5|28
21.1159663866|2|21.116|0.000|0000000078F7|28
22.8112149533|2|22.811|0.000|0000000078FD|28
30.1333333333|2|30.133|0.000|000000007906|28
29.7658536585|3|31.612|6.816|000000007908|28
31.8075949367|3|30.263|4.769|000000007912|28
39.3677419355|3|36.937|11.817|00000000791B|28
32.9837837838|2|32.984|0.000|00000000791E|28
34.9|2|34.900|0.000|000000007922|28
39.3677419355|2|39.368|0.000|000000007924|28
32.9|2|32.900|0.000|000000007927|28
25.1628865979|2|25.163|0.000|00000000792A|28
28.8827586207|3|26.016|16.437|000000009840|28
23.4534653465|3|22.503|1.808|000000009864|28
23.9294117647|4|27.053|86.122|00000000986E|28
38.1375|2|28.010|102.558|000000009871|28
26.8363636364|3|22.271|41.694|000000009877|28
25.9051546392|3|21.257|43.216|00000000987D|28
23.2235294118|4|25.745|64.344|000000009881|28
30.8962025316|3|27.600|21.724|000000009885|28
35.3552238806|4|31.781|127.466|000000009892|28
31.6987012987|3|32.993|3.351|000000009899|28
42.8210526316|4|35.678|97.549|0000000098A4|28
26.7319148936|3|21.282|59.404|0000000098AA|28
26.7319148936|4|28.253|40.377|0000000098B3|28
32.9837837838|3|27.194|67.044|0000000098CD|28
25.3818181818|3|23.197|9.549|0000000098D1|28
29.9848101266|3|25.625|38.010|0000000098DA|28
29.9142857143|4|25.066|23.689|00000000AA93|28
32.9837837838|6|32.824|52.403|00000000DE60|28
33.4356164384|7|31.004|88.245|000000011606|28
31.8075949367|4|31.577|5.622|00000001162A|28
30.1333333333|2|30.133|0.000|0000000116D6|28
36.9818181818|2|36.982|0.000|00000001170E|28
28.887804878|6|25.949|63.116|000000013369|28
22.8112149533|4|24.223|15.486|0000000133C6|28
38.1375|3|27.189|96.194|000000013405|28
33.9|3|28.877|50.463|00000001340D|28
44.0842105263|3|34.792|172.677|000000013416|28
29.9142857143|5|22.966|50.947|000000013418|28
30.643902439|4|27.578|49.704|00000001342F|28
28.887804878|3|25.598|21.650|00000001344C|28
17.0417266187|5|19.719|12.141|0000000151A8|28
36.4173913043|11|22.058|73.093|0000000151AD|28
32.9837837838|7|26.764|121.791|00000001520C|28
22.8112149533|5|20.878|4.127|000000015233|28
25.1628865979|4|23.078|5.017|000000015234|28
30.8962025316|5|24.195|31.229|00000001525B|28
33.9|5|27.096|31.254|000000015262|28
36.4298507463|9|26.724|115.798|00000001A1BF|28
20.1719008264|4|22.568|7.106|00000001A205|28
32.1157894737|3|27.619|40.438|00000001A20D|28
36.4173913043|5|27.740|66.657|00000001B736|28
25.1628865979|7|22.958|11.949|00000001B740|28
24.6545454545|3|21.825|16.012|00000001B794|28
22.8112149533|5|24.427|42.993|00000001CDAD|28
30.643902439|5|25.333|24.261|00000001CDDB|28
36.4298507463|7|27.493|56.717|00000001CDF0|28
32.6337662338|4|25.335|53.474|00000001CE23|28
26.5304347826|4|22.426|17.767|00000001CE31|28
19.4163934426|4|20.224|2.591|00000001CE3B|28
29.7658536585|8|25.780|143.407|00000001E50A|28
25.9051546392|10|26.887|10.522|00000001F5FC|28
10.848|2|10.848|0.000|0000000212B6|28
15.4823529412|2|15.482|0.000|000000027796|28
19.1032258065|2|19.103|0.000|00000002779D|28
14.7036144578|2|14.704|0.000|0000000277A5|28
15.8979865772|2|15.898|0.000|0000000277A6|28
11.0443438914|2|11.044|0.000|0000000277AC|28
10.8|3|12.535|5.379|000000027DBC|28
12.9142857143|2|12.914|0.000|000000027DE0|28
19.843902439|2|19.844|0.000|000000029DAB|28
15.6461538462|4|16.361|11.361|000000029DB1|28
15.9037974684|3|14.858|2.187|000000029DC0|28
13.4850828729|3|15.594|8.891|000000029DC2|28
11.4591549296|7|16.326|24.411|00000002A77A|28
14.9742331288|5|15.312|2.712|00000002BC63|28
