39.3677419355|2|39.368|0.000|0000000063A6|28
39.2625|1|39.263|0.000|0000000063AF|28
35.3739130435|3|36.949|4.959|0000000063B0|28
37.0125|1|37.013|0.000|0000000063B5|28
38.1375|1|38.138|0.000|0000000063BB|28
37.5044776119|2|37.504|0.000|0000000063BD|28
52.4769230769|5|47.541|55.873|0000000063C2|28
35.3552238806|2|35.355|0.000|0000000063D0|28
34.3304347826|2|34.330|0.000|0000000063D3|28
58.1142857143|2|58.114|0.000|0000000063D4|28
40.1294117647|4|38.272|42.293|000000008474|28
50.4|3|50.203|0.078|00000000847B|28
30.8962025316|5|33.910|130.538|00000000848E|28
31.6987012987|4|34.233|8.059|000000010443|28
32.9837837838|3|27.563|58.768|00000001044B|28
30.8962025316|5|31.596|82.654|000000012180|28
41.3694915254|8|31.523|119.316|000000012182|28
45.2|5|43.023|46.917|00000001219F|28
28.3813953488|4|24.739|35.539|000000013F14|28
37.5044776119|8|37.307|101.254|000000015C28|28
32.9|8|34.174|67.425|00000001A97B|28
58.0595744681|6|39.058|253.044|00000001A99E|28
41.3454545455|4|38.997|12.340|00000001D692|28
10.848|2|10.848|0.000|000000020E98|28
17.0685314685|2|17.069|0.000|000000027373|28
11.3884615385|3|11.238|0.046|000000027374|28
16.2246575342|2|16.225|0.000|000000027377|28
10.6585152838|2|10.659|0.000|00000002737A|28
13.1192307692|4|12.678|1.299|000000027FEE|28
