24.6352941176|4|21.292|12.311|000000007747|28
20.8615384615|4|20.407|31.368|000000007754|28
25.747826087|2|25.748|0.000|0000000077DD|28
30.8962025316|2|30.896|0.000|0000000077E6|28
21.7928571429|2|21.793|0.000|0000000077EE|28
26.7319148936|2|26.732|0.000|0000000077F1|28
20.264516129|3|24.149|30.182|0000000077F7|28
31.1684210526|4|32.353|1.714|0000000077F8|28
31.8075949367|4|32.749|4.077|0000000077FB|28
10.3962616822|4|21.274|124.391|0000000077FC|28
28.8827586207|4|34.913|36.368|000000007802|28
20.7|2|20.700|0.000|000000007808|28
36.4298507463|2|36.430|0.000|00000000780D|28
31.6987012987|2|31.699|0.000|000000007810|28
40.5290322581|3|40.278|0.126|000000007812|28
31.6987012987|3|33.655|7.652|000000007813|28
23.2235294118|2|23.224|0.000|00000000781A|28
38.2064516129|4|38.421|0.141|000000007823|28
22.7769230769|2|22.777|0.000|00000000782A|28
20.5109243697|2|20.511|0.000|00000000782B|28
28.0551724138|4|25.757|19.549|00000000782C|28
17.45|4|30.046|158.898|000000007835|28
37.0125|1|37.013|0.000|00000000783B|28
29.7658536585|2|29.766|0.000|00000000783C|28
33.9|3|31.825|8.611|000000007845|28
14.1966101695|2|14.197|0.000|000000007852|28
23.9294117647|2|23.929|0.000|000000007854|28
29.7658536585|2|29.766|0.000|000000007858|28
31.6987012987|2|31.699|0.000|00000000785A|28
28.8827586207|2|28.883|0.000|00000000785B|28
31.8075949367|2|31.808|0.000|000000007862|28
35.3552238806|2|35.355|0.000|000000007869|28
30.643902439|2|30.644|0.000|00000000786C|28
19.2188976378|2|19.219|0.000|00000000786D|28
25.9051546392|2|25.905|0.000|00000000786F|28
29.0571428571|2|29.057|0.000|000000007873|28
29.0571428571|2|29.057|0.000|000000007874|28
36.4298507463|2|36.430|0.000|000000007878|28
32.9837837838|2|32.984|0.000|000000009774|28
35.3739130435|5|26.537|61.063|00000000978A|28
31.6987012987|5|31.180|62.964|0000000097A0|28
26.175|2|23.074|9.614|0000000097BA|28
26.5304347826|4|28.943|42.578|0000000097BB|28
27.4247191011|4|32.708|205.853|0000000097C6|28
32.9837837838|5|29.312|142.851|0000000097D6|28
33.9567567568|5|29.092|26.104|0000000097F3|28
28.8827586207|2|28.883|0.000|0000000097FC|28
39.547826087|3|32.730|92.976|0000000097FF|28
31.6987012987|3|26.988|44.385|00000000981D|28
29.9142857143|3|26.957|17.494|00000000982E|28
30.0648648649|4|24.250|33.932|00000000AA53|28
22.7769230769|5|23.250|25.224|00000000AA5B|28
26.821978022|6|30.042|54.012|00000000C44C|28
28.0551724138|4|31.599|116.480|00000000DDF3|28
28.0551724138|2|28.055|0.000|00000000F989|28
30.0648648649|2|30.065|0.000|00000000F993|28
17.9470588235|2|17.947|0.000|00000001164C|28
26.5304347826|4|23.574|16.987|000000013363|28
20.6847457627|5|23.794|81.824|000000013380|28
26.5304347826|3|24.069|12.117|00000001339F|28
22.8112149533|4|25.588|53.336|0000000133C2|28
25.1628865979|3|22.906|10.188|0000000133D1|28
41.3694915254|12|25.652|132.292|000000015113|28
31.6987012987|8|32.096|64.057|000000015130|28
29.7658536585|4|25.441|19.104|000000015184|28
24.6545454545|4|20.999|15.178|0000000151B0|28
25.1628865979|3|21.944|20.716|0000000151B4|28
24.3961165049|3|22.975|4.038|0000000151C8|28
24.1615384615|4|21.509|7.075|0000000151CC|28
27.9584415584|4|23.051|26.480|0000000151D1|28
18.4909090909|4|19.692|5.262|0000000151DB|28
31.6987012987|5|24.521|46.582|000000016442|28
21.7321100917|7|20.902|5.742|00000001A118|28
40.728358209|6|29.113|72.368|00000001A155|28
24.1887640449|6|24.300|12.128|00000001A170|28
25.9659574468|5|22.708|16.831|00000001CD1D|28
31.6987012987|5|25.186|35.128|00000001E547|28
34.9|9|25.805|119.579|00000001F5C4|28
30.8962025316|7|29.228|73.498|00000001F5C7|28
22.4357142857|8|26.056|72.356|00000001F5CB|28
35.3552238806|6|26.349|67.797|00000001F5F1|28
12.8463157895|2|12.846|0.000|00000002129D|28
13.4850828729|2|13.485|0.000|00000002777A|28
17.8212765957|2|17.821|0.000|00000002777C|28
10.7845493562|3|11.638|1.458|000000027781|28
17.9470588235|2|17.947|0.000|000000027782|28
17.0685314685|2|17.069|0.000|000000027784|28
11.7850746269|2|11.785|0.000|000000027788|28
14.5285714286|2|14.529|0.000|00000002778B|28
19.3714285714|2|19.371|0.000|00000002778C|28
19.06875|1|19.069|0.000|000000027DC5|28
11.1452054795|2|11.145|0.000|000000029D7E|28
10.8660550459|3|13.225|11.131|000000029D83|28
18.3518796992|5|17.856|0.233|000000029D8A|28
12.9142857143|6|14.059|3.902|00000002A39F|28
12.6909090909|2|12.691|0.000|00000002A3A7|28
14.0810126582|4|13.938|0.103|00000002A763|28
