00000001D879,32.3571428571,1477870033
00000001C14C,42.1967213115,1477870682
00000001EF86,49.5,1477870740
00000002B9F4,15.5060240964,1477870485
00000001D8CB,41.3684210526,1477870635
00000001D8CE,56.2978723404,1477870664
00000001AB60,32.2682926829,1477870429
00000001C126,49.0,1477870414
00000002BE9D,14.380952381,1477870455
00000001AAB2,41.5161290323,1477870112
00000001D898,32.2682926829,1477870225
00000001D8AB,13.2585365854,1477870482
00000001C10D,38.4179104478,1477870180
00000001C10C,52.2692307692,1477870133
00000001C103,49.0,1477870408
00000001D8A6,41.3684210526,1477870341
