00000001C162,33.724137931,1477870809
00000001C17D,26.7272727273,1477870965
00000001EF86,49.5,1477870740
000000015D0D,39.4925373134,1477870217
00000002B9F4,15.5060240964,1477870485
00000001C14C,42.1967213115,1477870682
000000015D33,39.75,1477870909
00000001C145,34.8157894737,1477870863
00000001D8CB,41.3684210526,1477870635
00000001D8CE,56.2978723404,1477870664
00000001C103,49.0,1477870408
00000001D8DA,41.45,1477870790
00000001D8DC,44.8474576271,1477870830
00000001AB60,32.2682926829,1477870429
00000001C126,49.0,1477870414
00000002BE9D,14.380952381,1477870455
00000001D898,32.2682926829,1477870225
00000001D8AB,13.2585365854,1477870482
00000001D8A6,41.3684210526,1477870341
