00000001CD36,44.8474576271,1477906135
00000001E4F7,35.7567567568,1477905745
00000001B614,49.0,1477905700
00000001E556,43.8387096774,1477906444
00000001E553,35.75,1477906428
000000025E88,12.3545454545,1477905848
00000001B605,45.9642857143,1477905667
00000001CD59,49.0,1477906283
00000001F587,47.6842105263,1477905707
00000001F5D7,40.0909090909,1477906167
00000001F5D9,42.46875,1477906241
00000002BC3F,24.2830188679,1477905842
00000002C112,18.2553191489,1477906290
00000001E50F,51.8823529412,1477905916
000000025B28,12.08,1477906162
00000001E514,30.7674418605,1477905959
00000001E516,49.5,1477905933
00000002B37A,16.3087248322,1477905734
00000001F5CE,40.3297297297,1477906088
00000001E52E,54.0,1477906132
00000001F5B9,36.75,1477905792
00000001CD2E,37.2676056338,1477906212
00000001F5C1,58.5,1477905958
00000001E4A5,41.34375,1477905914
00000001E485,11.2118644068,1477905629
00000001B621,32.3571428571,1477905960
00000001B627,10.9887640449,1477905737
