56.2978723404|5|38.309|237.170|0000000163CF|65
37.1688311688|3|35.769|3.921|00000001A09D|65
55.4693877551|4|38.028|306.440|00000001CC8B|65
35.7567567568|2|35.757|0.000|00000001CC91|65
42.1967213115|2|42.197|0.000|00000001CCB2|65
46.4210526316|5|31.952|149.266|00000001CCC7|65
43.6271186441|4|35.945|82.572|00000001E49B|65
59.8775510204|3|47.947|284.661|00000001E4AC|65
34.3636363636|3|30.990|22.768|00000001E4AE|65
41.34375|3|30.969|55.409|00000001E4BF|65
51.8823529412|9|27.923|212.105|00000001F56C|65
41.5161290323|5|30.859|127.811|00000001F585|65
39.4925373134|3|36.554|17.265|00000001F597|65
11.44|1|11.440|0.000|000000025B01|65
15.1843575419|2|15.184|0.000|00000002B7B1|65
15.7792207792|3|18.435|14.101|00000002B7C0|65
11.6341463415|2|11.634|0.000|00000002BC46|65
13.6582914573|5|14.775|4.753|00000002C0EC|65
19.6488549618|3|17.904|6.090|00000002C0F1|65
14.1570552147|3|15.723|4.904|00000002C0FF|65
19.6488549618|3|19.031|0.764|00000002C439|65
