56.2978723404|8|36.730|185.253|000000019717|65
46.8620689655|3|37.072|191.694|000000019739|65
38.6052631579|5|27.284|90.375|00000001ABC9|65
42.6774193548|6|29.794|161.909|00000001ABE5|65
31.5|2|26.113|29.015|00000001ABF2|65
38.9117647059|9|25.501|74.177|00000001C18D|65
51.7021276596|7|28.749|214.655|00000001C19D|65
54.7659574468|2|54.766|0.000|00000001C1A5|65
45.9642857143|4|31.670|213.234|00000001C1D5|65
52.2692307692|6|34.132|201.109|00000001D894|65
29.5434782609|7|21.947|29.473|00000001D8E6|65
34.7837837838|4|32.954|76.271|00000001D916|65
44.8474576271|4|32.969|141.264|00000001D919|65
35.7567567568|3|30.148|62.922|00000001D92A|65
42.6774193548|3|36.278|81.904|00000001D939|65
26.7272727273|5|26.546|43.924|00000001D93B|65
44.8474576271|3|37.728|101.375|00000001D944|65
49.5|2|36.272|174.974|00000001D949|65
47.6842105263|3|39.915|120.709|00000001D956|65
10.5418326693|2|10.542|0.000|00000001D95B|65
34.3636363636|3|30.884|24.214|00000001D964|65
32.8378378378|3|29.169|26.919|00000001D96E|65
47.6666666667|8|32.181|187.251|00000001EFBC|65
36.2686567164|5|28.250|87.751|00000001EFEE|65
11.9166666667|2|11.917|0.000|00000002A62C|65
16.9615384615|3|16.793|0.057|00000002C317|65
12.5906735751|4|14.403|3.698|00000002C31A|65
11.4051724138|4|12.509|3.631|00000002C31D|65
