39.2054794521|5|40.888|68.356|00000001B37B|65
38.3806451613|8|32.778|50.281|00000001B381|65
40.0909090909|7|34.295|72.397|00000001C9E2|65
47.6842105263|3|46.672|2.048|00000001E180|65
31.4505494505|3|36.330|47.618|00000001E18E|65
52.2692307692|3|47.416|47.111|00000001E19B|65
43.3770491803|5|36.501|100.292|00000001F3DF|65
32.75|5|35.202|152.116|00000001F3E5|65
17.6301369863|3|19.025|3.889|00000002A710|65
11.6052631579|5|13.310|7.863|00000002B718|65
11.1176470588|2|11.118|0.000|00000002BBB1|65
24.5|1|24.500|0.000|00000002C05C|65
