42.6774193548|7|32.551|84.164|000000019782|65
46.4210526316|5|31.285|161.260|0000000197DB|65
39.4925373134|2|39.493|0.000|00000001ACAD|65
43.6271186441|2|43.627|0.000|00000001ACC7|65
54.7659574468|6|30.685|304.412|00000001ACEC|65
29.7303370787|2|29.730|0.000|00000001AD16|65
11.164556962|8|22.827|121.962|00000001C210|65
36.75|1|36.750|0.000|00000001C2A1|65
35.75|1|35.750|0.000|00000001C2B4|65
56.2978723404|4|37.897|339.083|00000001C2C6|65
38.2816901408|5|31.481|102.738|00000001C2DB|65
42.6774193548|2|42.677|0.000|00000001C2E9|65
38.347826087|5|26.793|111.568|00000001DA11|65
43.8387096774|3|37.305|85.384|00000001DA1E|65
42.6774193548|3|35.187|112.204|00000001DA2B|65
52.2692307692|3|43.033|170.616|00000001DA2C|65
38.347826087|6|28.840|87.849|00000001DA38|65
44.8474576271|3|37.133|119.020|00000001DA46|65
39.0|3|29.690|44.393|00000001DA48|65
27.4545454545|3|25.334|8.997|00000001DA51|65
39.4925373134|4|31.012|72.497|00000001DA74|65
42.6774193548|4|31.083|143.622|00000001F051|65
46.4210526316|5|32.110|205.910|00000001F08C|65
30.0681818182|3|23.552|84.912|00000002BED2|65
17.2751677852|3|17.802|0.554|00000002BEDA|65
