41.5161290323|5|26.196|181.343|00000001AAB2|65
32.2682926829|2|32.268|0.000|00000001AB60|65
40.21875|3|25.196|112.841|00000001C0D5|65
56.2978723404|2|56.298|0.000|00000001C0DF|65
49.0|2|36.622|153.209|00000001C103|65
52.2692307692|2|52.269|0.000|00000001C10C|65
38.4179104478|2|38.418|0.000|00000001C10D|65
49.0|3|29.342|193.944|00000001C126|65
10.5758754864|2|10.576|0.000|00000001D834|65
32.3571428571|3|29.345|18.150|00000001D879|65
32.2682926829|3|28.820|23.782|00000001D898|65
41.3684210526|4|36.341|45.803|00000001D8A6|65
49.5|4|25.960|204.692|00000001EF3B|65
12.08|1|12.080|0.000|000000025D30|65
13.8534031414|4|17.834|22.196|00000002B17D|65
