00000001AD2A,45.2634146341,1477874351
00000001C272,42.5123595506,1477874249
00000001993A,38.2639175258,1477874899
000000017454,45.2634146341,1477874351
00000002AA85,12.8693877551,1477874633
000000017467,50.1567567568,1477874337
00000001858E,36.7485148515,1477874375
000000017477,41.7033707865,1477874779
000000017478,40.3434782609,1477874407
0000000198F1,59.11875,1477874270
0000000198DB,41.1260869565,1477874427
00000001740F,37.5216494845,1477874296
000000017497,27.6096774194,1477874802
0000000174B7,42.0146341463,1477874813
