34.9880184332|4|31.332|69.417|00000000B8EE|19
40.2160427807|3|44.791|41.867|00000000B941|19
32.725862069|5|32.962|38.738|00000000D22B|19
40.355801105|4|35.639|25.161|00000000D24C|19
44.0733727811|4|41.408|19.992|00000000D254|19
38.6759358289|5|33.968|39.249|00000000ECAF|19
46.4222222222|6|34.656|88.804|000000010960|19
34.3244239631|7|36.767|149.092|0000000143E7|19
38.79375|3|32.643|92.630|0000000198DB|19
42.8068965517|11|34.536|55.695|00000001D978|19
40.4804347826|12|33.788|113.580|00000001F04E|19
18.8954773869|5|14.934|12.011|000000028410|19
14.7641221374|5|16.346|14.658|00000002841F|19
17.0233183857|3|16.498|0.552|000000028450|19
10.1012658228|5|15.584|35.360|000000028E82|19
12.1537437604|8|13.611|10.985|00000002A8A6|19
10.373816156|9|16.098|37.320|00000002ADCF|19
