000000014DEB,37.8705882353,1477897300
000000027CB9,11.8057142857,1477896948
000000016284,36.0990825688,1477896890
000000014DD5,20.904950495,1477897129
000000014DD4,33.6307692308,1477897081
00000000F58E,37.8705882353,1477896622
00000000939D,32.4605042017,1477896840
00000000939C,40.5649484536,1477896793
00000001627B,37.8705882353,1477896806
000000009380,35.4769230769,1477896768
00000001B3E9,12.3735849057,1477896826
00000001E202,20.9014925373,1477896665
00000000938F,32.4605042017,1477896629
00000000938A,18.5603773585,1477896613
000000009399,26.1056603774,1477896781
000000009396,29.8090909091,1477896739
000000009395,38.5764705882,1477896714
0000000093BB,24.2888888889,1477897385
0000000093BC,24.2888888889,1477897388
0000000093BA,33.0655462185,1477897351
0000000093BE,21.7392265193,1477897408
0000000280ED,10.2736292428,1477897126
0000000093A7,26.3605263158,1477897129
0000000093A5,40.9752808989,1477897049
0000000093A4,33.0655462185,1477897063
0000000093A3,40.5649484536,1477897049
0000000093A0,36.1009345794,1477897003
0000000093A8,30.3798561151,1477897118
00000001CA7A,14.96121673,1477896787
000000027CEA,12.6520900322,1477896961
00000002A2C9,10.6979381443,1477896723
00000000A8B1,52.0363636364,1477896633
0000000093B6,25.0624203822,1477897317
0000000093B4,35.4385321101,1477897256
0000000093B9,34.4892857143,1477897345
00000000C08A,10.6345945946,1477896917
00000000A8C9,21.2241758242,1477897268
000000027CE7,11.8162162162,1477896855
00000000DA97,37.8346153846,1477897023
00000000A8CD,37.7035714286,1477897373
000000027CEB,11.9963414634,1477896999
