0000000085F6,26.8912751678,1477867816
000000008635,33.9206896552,1477868367
000000027A2A,14.9720930233,1477868337
000000019627,47.9853658537,1477868426
00000001961F,33.0655462185,1477868093
00000000A3DA,17.8833333333,1477868287
00000001AA7B,29.3641791045,1477868015
00000002A03D,15.075862069,1477868013
000000008623,10.3838709677,1477868243
000000015CBA,13.2040268456,1477868416
00000002A042,16.6257261411,1477868149
00000000863F,14.9720930233,1477868570
00000000863E,17.0337662338,1477868547
0000000140DE,33.8842105263,1477868038
000000027A25,17.2578947368,1477867941
000000008636,28.7211678832,1477868391
00000000A3D4,39.8226804124,1477868053
00000000861D,28.7211678832,1477868029
00000001EEDA,16.8681222707,1477868584
0000000140F1,28.8268656716,1477868346
00000001232C,35.4857142857,1477868217
000000027A29,13.2341637011,1477868315
000000008612,36.0990825688,1477867887
00000001D794,20.11875,1477868023
000000015CAF,10.2734042553,1477868088
00000000862D,29.3641791045,1477868275
00000000860A,15.7024390244,1477867817
00000000860D,32.8426229508,1477867807
00000000860E,35.1321428571,1477867836
00000001EED6,31.9902439024,1477868426
