00000001C076,20.014507772,1477869321
0000000086C6,19.0086956522,1477869309
000000027A49,15.5302325581,1477869406
0000000086C2,18.132718894,1477869310
000000008677,15.6142857143,1477868873
00000001AA96,14.4674157303,1477869044
0000000086C8,17.800921659,1477869321
0000000086CC,18.464516129,1477869342
000000014130,17.0167400881,1477868982
00000001235C,18.0504672897,1477868987
000000029401,11.9598784195,1477869003
00000001D7CA,20.2824742268,1477869039
000000008668,19.3565217391,1477868793
0000000086A2,19.8356435644,1477869057
000000027A42,13.9038869258,1477869152
000000027A47,12.7753246753,1477869345
000000012361,18.1303167421,1477869436
000000008633,18.3071090047,1477868769
00000001414C,19.3565217391,1477869490
0000000086AA,23.5616766467,1477869114
000000014152,18.8267942584,1477869206
0000000086F3,22.6137931034,1477869511
000000012376,19.0086956522,1477869469
000000015CE1,18.0486486486,1477869159
000000008688,10.1412371134,1477869021
000000008689,22.0153846154,1477868935
00000000A40C,16.6698795181,1477869111
00000000869B,21.6197802198,1477869011
000000014169,21.6197802198,1477869391
00000000A416,15.1922779923,1477869239
000000015CD4,18.464516129,1477868935
000000008692,20.2824742268,1477868975
000000014174,20.4428571429,1477869344
0000000086D5,14.7435114504,1477869385
0000000086D2,19.0086956522,1477869350
00000000868C,21.5419354839,1477868945
00000000868E,19.3565217391,1477868963
00000000A3EA,16.6728813559,1477868705
000000027A37,13.4125,1477868843
00000001060C,19.8727272727,1477869172
000000027A2F,15.3517241379,1477868704
0000000086BD,18.5603773585,1477869445
00000002801B,18.0495412844,1477869133
00000000866B,16.4635983264,1477868810
00000001D7F4,18.220754717,1477869353
000000015CC4,15.559832636,1477868770
000000014105,23.9926829268,1477868731
000000014107,17.6511013216,1477869069
0000000086E0,15.9303643725,1477869456
0000000086E4,17.9677130045,1477869463
000000008669,10.9475409836,1477868869
00000000B68F,18.3071090047,1477869294
00000000A3F9,18.0486486486,1477868844
00000000A3F1,15.2078740157,1477868765
000000012345,19.5090909091,1477868767
00000000A40E,21.0417112299,1477869109
0000000140D3,19.3565217391,1477869261
0000000086EC,19.9736040609,1477869474
0000000086EF,20.3390862944,1477869483
00000002C2EB,12.3735849057,1477869046
00000002C2ED,14.5766037736,1477869235
000000015CCC,21.0417112299,1477868831
0000000086B5,15.075862069,1477869226
0000000086B6,18.9,1477869204
0000000086B0,19.7728643216,1477869162
0000000086B1,19.9736040609,1477869169
0000000086B2,15.7189655172,1477869201
0000000086B3,19.7728643216,1477869186
000000008664,16.65,1477868788
00000002BE75,12.9861386139,1477869420
