00000001C979,36.441509434,1477893225
000000027CA6,16.5327731092,1477893462
000000027CA2,23.9925465839,1477893205
00000000927C,38.9584158416,1477893500
000000009270,25.0624203822,1477893387
000000009272,36.4333333333,1477893373
000000009273,28.3079136691,1477893397
000000009275,27.325,1477893445
00000001C97D,40.6941176471,1477893427
000000012EB1,14.9045454545,1477892781
000000009269,35.1473684211,1477893265
000000009260,32.2524590164,1477893091
000000009267,27.7098591549,1477893228
000000009266,29.8090909091,1477893194
000000021810,10.7802739726,1477892810
000000009264,11.7768292683,1477893235
000000027C9C,15.55256917,1477892937
000000016204,40.5649484536,1477892925
00000002BB92,21.5016393443,1477893114
00000000925F,16.0272,1477893107
00000000925E,13.2237623762,1477893127
00000000925C,26.0582781457,1477893021
00000001E111,31.1516129032,1477893059
000000009257,23.4315789474,1477893008
000000011128,32.2524590164,1477893089
000000027C94,10.4095238095,1477892709
00000001E12A,48.8634146341,1477893476
000000014C52,31.7322580645,1477892709
000000027C98,12.9624161074,1477892767
00000000926B,30.4157480315,1477893301
000000009241,15.55256917,1477892894
000000009244,29.8090909091,1477892848
000000009248,10.6923913043,1477893000
00000000923F,29.2636363636,1477892778
00000000923B,25.8868421053,1477892774
000000029C7E,25.2230769231,1477893019
000000009263,42.7695652174,1477893103
000000012EA0,27.2571428571,1477892866
000000009239,39.7454545455,1477892713
00000000924E,41.4,1477892925
00000001C981,42.4483516484,1477893254
00000002A2B9,18.3071090047,1477893394
00000002C3DF,14.4129496403,1477893353
000000009228,13.3290322581,1477892805
000000014C85,46.8428571429,1477892830
000000014C8D,19.0086956522,1477893254
000000014C94,27.325,1477893020
000000014C96,46.0551724138,1477893063
00000002A287,12.4822429907,1477892787
000000014C93,33.0153846154,1477893000
00000000922C,25.8868421053,1477892912
00000000A838,36.7738317757,1477893266
00000000A839,37.120754717,1477893359
00000000A833,46.8428571429,1477893226
000000014C88,45.0202247191,1477892854
