00000000864F,15.9951219512,1477868656
000000027A2A,14.9720930233,1477868337
00000000866A,18.9734693878,1477868787
00000000866B,16.4635983264,1477868810
00000001EEDA,16.8681222707,1477868584
000000014124,20.49375,1477868871
00000000862D,29.3641791045,1477868275
000000019627,47.9853658537,1477868426
000000015CC4,15.559832636,1477868770
000000027A29,13.2341637011,1477868315
00000000A3DA,17.8833333333,1477868287
000000008623,10.3838709677,1477868243
000000015CBA,13.2040268456,1477868416
00000002A042,16.6257261411,1477868149
00000000863F,14.9720930233,1477868570
00000000863E,17.0337662338,1477868547
000000008652,15.831147541,1477868667
000000008655,17.6383561644,1477868660
000000008654,17.7243243243,1477868657
00000000A3F9,18.0486486486,1477868844
00000001232C,35.4857142857,1477868217
000000008677,15.6142857143,1477868873
000000008668,19.3565217391,1477868793
00000000A3F1,15.2078740157,1477868765
000000008636,28.7211678832,1477868391
000000008633,18.3071090047,1477868769
000000027A2F,15.3517241379,1477868704
000000014105,23.9926829268,1477868731
0000000140F1,28.8268656716,1477868346
00000000A3EA,16.6728813559,1477868705
000000015CCC,21.0417112299,1477868831
00000001233E,17.3339207048,1477868696
000000027A37,13.4125,1477868843
000000008640,16.4213114754,1477868585
000000008664,16.65,1477868788
