00000000885A,15.8024096386,1477871488
0000000087DC,15.9619834711,1477870830
00000000885E,18.723364486,1477871514
00000001D90B,10.73,1477871409
000000008832,19.2882352941,1477871356
0000000142BB,14.2565217391,1477871168
000000015DB4,17.9671232877,1477871514
000000015DB1,16.9779661017,1477871531
000000008840,22.6137931034,1477871286
0000000087E6,15.9303643725,1477870866
000000008844,21.5798882682,1477871298
000000008846,17.2578947368,1477871336
0000000087E3,17.3339207048,1477870843
000000008848,13.2675496689,1477871390
00000000884C,20.3390862944,1477871362
00000000884D,14.4674157303,1477871405
00000001C081,20.2824742268,1477871243
0000000087EC,16.9063291139,1477870894
00000001C18D,19.8356435644,1477871482
00000001EF94,22.8568047337,1477871006
00000001EFA4,19.576119403,1477871284
0000000142EC,19.8356435644,1477871411
00000001D901,19.6081218274,1477871307
0000000124A5,16.8153846154,1477870990
00000001D862,15.55256917,1477871243
00000002B9F6,10.8396694215,1477871352
000000008857,16.1623430962,1477871458
000000008858,20.11875,1477871442
00000001C159,21.4267379679,1477871519
00000001C153,18.8267942584,1477870960
000000015DAE,17.1230769231,1477871538
000000008786,19.7728643216,1477870810
0000000087FB,20.5485148515,1477870929
00000000A4CB,22.3428571429,1477871546
000000008866,15.831147541,1477871577
0000000087D5,14.6874524715,1477870801
000000008860,17.410619469,1477871536
0000000124CA,20.656684492,1477871182
00000002BE94,10.2734042553,1477871330
0000000142D8,21.982122905,1477871265
0000000142D7,19.6081218274,1477871274
0000000142D6,21.5798882682,1477871238
0000000142D5,18.3256281407,1477871263
0000000142D3,16.65,1477871276
0000000087A9,19.9113402062,1477871061
00000001C145,18.6608695652,1477871474
0000000142DA,10.6923913043,1477871337
0000000124C9,10.5083544304,1477871309
00000001427D,19.4110552764,1477870814
0000000087F8,17.800921659,1477870918
00000001C172,21.0417112299,1477871322
0000000087F1,21.6197802198,1477870881
000000014298,20.656684492,1477870911
00000000881D,17.5660714286,1477871114
00000000881A,19.1009708738,1477871080
000000012492,23.7088757396,1477871036
000000015D92,17.4,1477871111
0000000142F7,15.9303643725,1477871480
00000001D8D6,20.86875,1477871483
000000008801,21.0417112299,1477870946
00000001428E,19.9736040609,1477871047
00000000880D,21.4267379679,1477871008
00000000880A,20.819047619,1477870998
00000000A4C0,13.9609756098,1477871544
000000008800,19.2882352941,1477870950
000000008815,17.2446428571,1477871058
00000000884A,20.3485714286,1477871356
00000000A4B4,15.5906614786,1477871315
00000000884E,10.4095238095,1477871458
000000027A9B,12.2579439252,1477871376
000000008829,17.6383561644,1477871179
000000008823,16.2595041322,1477871162
00000000A4C4,16.6257261411,1477871526
00000002C30B,13.9125,1477871375
00000000882F,15.3105058366,1477871215
000000027A90,10.1412371134,1477871049
0000000087CD,10.3268041237,1477870819
000000027A94,11.3278592375,1477871120
00000000A49D,14.7370786517,1477870811
000000027A8C,10.5490616622,1477870945
000000014303,18.9895734597,1477871543
0000000142C5,18.4099009901,1477871210
000000008835,23.6866242038,1477871187
000000008834,22.3843575419,1477871198
000000028016,16.8875536481,1477871014
00000000A4BB,22.2305084746,1477871348
