41.8595744681|6|38.084|179.191|000000009610|31
14.0528571429|4|27.017|168.485|000000009611|31
11.339481268|2|11.339|0.000|000000009614|31
24.581595092|2|24.582|0.000|000000009615|31
37.8705882353|3|34.447|23.441|00000000961C|31
41.9869565217|2|41.987|0.000|000000009620|31
12.4464163823|4|25.176|163.522|000000009624|31
24.2943396226|2|24.294|0.000|000000009629|31
39.8226804124|8|36.759|95.912|00000000962A|31
31.0604651163|2|31.060|0.000|00000000962D|31
26.7673469388|2|26.767|0.000|000000009632|31
12.5312101911|2|12.531|0.000|000000009634|31
28.7211678832|4|24.968|35.870|000000009635|31
36.1009345794|4|27.241|88.181|000000009638|31
21.2241758242|2|21.224|0.000|00000000963D|31
13.4456375839|4|26.784|206.889|00000000963F|31
45.2275862069|2|45.228|0.000|000000009640|31
26.7673469388|2|26.767|0.000|000000009648|31
28.5130434783|2|28.513|0.000|00000000964A|31
13.6074626866|4|27.847|220.181|000000009651|31
15.5822878229|4|28.976|180.887|000000009655|31
25.5506493506|2|25.551|0.000|00000000965D|31
26.7673469388|2|26.767|0.000|00000000965F|31
36.8363636364|2|36.836|0.000|000000009661|31
28.825|2|28.825|0.000|000000009664|31
37.8|2|37.800|0.000|000000009668|31
33.0153846154|2|33.015|0.000|00000000966D|31
28.6791946309|4|27.116|8.380|00000000A9B3|31
34.5157894737|4|35.001|11.103|00000000A9C5|31
39.2823529412|7|32.015|81.843|00000000A9C9|31
26.7673469388|3|28.495|5.969|00000000A9D0|31
31.5496062992|2|31.550|0.000|00000000A9D2|31
36.7738317757|10|33.851|57.597|000000011476|31
35.4769230769|2|35.477|0.000|0000000114F5|31
32.8426229508|2|32.843|0.000|00000001322D|31
37.8346153846|3|38.290|0.414|000000013232|31
13.8949640288|9|27.700|111.892|000000014FEC|31
11.2744985673|3|19.341|130.148|000000014FED|31
12.6929032258|5|27.481|149.105|000000014FF4|31
29.8090909091|5|24.338|57.759|00000001501D|31
36.7738317757|4|30.723|77.763|000000016396|31
59.8029850746|6|43.733|197.591|00000001639D|31
31.2285714286|6|32.501|115.823|00000001CC42|31
30.4819672131|12|39.518|116.884|00000001E386|31
16.3269709544|8|34.205|165.753|00000001E3EA|31
29.4870229008|4|36.052|43.324|00000001E408|31
23.0105263158|4|35.663|191.191|00000001E409|31
13.6625|7|29.215|107.306|00000001F521|31
26.4080536913|9|34.069|207.923|00000001F535|31
36.0990825688|6|35.896|88.393|00000001F537|31
11.7107142857|2|11.711|0.000|000000027D64|31
17.1825327511|2|17.183|0.000|000000027D6B|31
13.0090909091|2|13.009|0.000|000000027D6C|31
14.8|3|13.531|2.591|000000028122|31
13.0090909091|6|13.923|6.648|00000002A355|31
19.2634615385|3|20.214|1.806|00000002A36A|31
18.6849557522|3|17.029|5.485|00000002C423|31
16.3533632287|6|15.740|7.868|00000002C426|31
