21.6197802198|4|26.379|126.699|00000000892B|31
21.0417112299|3|22.321|3.273|00000000894A|31
19.4792079208|2|19.479|0.000|00000000894D|31
19.0086956522|2|19.009|0.000|000000008950|31
21.6197802198|4|20.802|26.779|000000008952|31
19.1076923077|3|20.556|4.197|000000008953|31
18.8267942584|3|18.288|0.580|000000008956|31
18.9352941176|2|18.935|0.000|000000008958|31
20.49375|4|20.290|27.572|00000000895B|31
15.7048034934|2|15.705|0.000|00000000895D|31
19.3565217391|2|19.357|0.000|00000000895E|31
19.4792079208|2|19.479|0.000|000000008960|31
19.171291866|2|19.171|0.000|000000008961|31
20.2240837696|3|23.110|16.661|000000008965|31
19.674|4|26.114|108.711|000000008968|31
18.3071090047|2|18.307|0.000|000000008969|31
16.9603448276|2|16.960|0.000|00000000896C|31
21.3847826087|2|21.385|0.000|00000000896D|31
17.5736842105|4|18.088|25.646|00000000896E|31
18.295890411|2|18.296|0.000|000000008971|31
17.1825327511|2|17.183|0.000|000000008985|31
21.0417112299|2|21.042|0.000|00000000898E|31
18.220754717|3|19.197|1.907|000000008990|31
19.1009708738|2|19.101|0.000|000000008994|31
19.6081218274|3|21.049|4.150|00000000899B|31
18.6608695652|2|18.661|0.000|0000000089A2|31
18.132718894|2|18.133|0.000|0000000089AB|31
18.8517857143|2|18.852|0.000|0000000089AE|31
20.9934782609|4|24.183|80.933|0000000089B2|31
19.4504854369|2|19.450|0.000|0000000089B7|31
13.9531914894|2|13.953|0.000|0000000089BA|31
20.86875|2|20.869|0.000|0000000089BB|31
18.132718894|3|19.042|1.655|0000000089C0|31
17.3219730942|4|23.892|170.684|0000000089C2|31
22.6137931034|2|22.614|0.000|0000000089C3|31
19.4792079208|3|20.590|2.467|0000000089C5|31
21.6197802198|2|21.620|0.000|0000000089CB|31
20.49375|2|20.494|0.000|0000000089CE|31
16.9603448276|2|16.960|0.000|0000000089CF|31
19.9736040609|2|19.974|0.000|0000000089D0|31
20.2824742268|2|20.282|0.000|0000000089D6|31
21.7392265193|2|21.739|0.000|0000000089DC|31
19.9736040609|2|19.974|0.000|0000000089DD|31
19.3565217391|2|19.357|0.000|0000000089DE|31
19.0086956522|3|21.060|8.416|00000000A51F|31
19.7728643216|3|19.386|0.300|00000000A535|31
10.2214285714|4|17.766|63.301|00000000A53F|31
18.132718894|4|20.183|13.436|00000000A54D|31
18.9|3|19.282|0.292|00000000A554|31
21.0417112299|3|20.945|0.019|00000000A557|31
23.4508474576|10|29.771|97.817|00000000B046|31
21.5016393443|3|23.178|5.620|0000000108D5|31
18.0495412844|3|24.417|81.083|0000000125F8|31
15.3285714286|2|15.329|0.000|000000012659|31
21.61875|2|21.619|0.000|000000012661|31
20.6010471204|3|18.446|9.287|0000000143C4|31
19.576119403|5|18.301|1.321|0000000143DE|31
18.8267942584|3|19.619|1.257|0000000143ED|31
19.3565217391|4|19.240|5.992|00000001440A|31
18.9895734597|5|20.756|11.663|00000001441D|31
10.219047619|6|20.262|83.965|000000014421|31
22.8568047337|3|22.621|0.111|00000001443F|31
19.0086956522|4|20.076|2.214|000000014447|31
19.6081218274|3|20.079|0.444|000000015E07|31
17.8875|4|19.333|0.809|000000015E36|31
21.8237288136|7|26.991|78.122|000000015E38|31
21.3847826087|4|22.253|12.589|000000015E3D|31
17.6383561644|5|19.090|32.056|000000015E48|31
18.3869158879|5|20.434|9.697|000000015E55|31
20.2824742268|4|20.623|15.090|000000015E58|31
19.8356435644|4|22.652|9.569|000000015E5D|31
18.8267942584|4|20.592|5.928|000000015E62|31
17.808|4|21.402|8.941|000000019827|31
18.0486486486|17|28.061|72.042|00000001AB64|31
21.4267379679|8|24.109|103.561|00000001C210|31
22.6137931034|6|22.248|6.659|00000001C281|31
21.2|2|21.877|0.458|00000001C2CB|31
18.9|4|20.212|2.300|00000001D9AA|31
17.1825327511|6|22.971|23.933|00000001DA12|31
22.2305084746|4|20.293|5.227|00000001DA4A|31
20.819047619|10|26.615|70.399|00000001F012|31
13.3660899654|6|20.380|94.695|00000001F047|31
13.5216494845|4|14.462|8.659|000000027AA0|31
15.55256917|2|15.553|0.000|000000027ACF|31
23.6981595092|2|23.698|0.000|000000027AD7|31
12.6|3|12.822|0.098|000000027AD8|31
11.1467422096|2|11.147|0.000|000000027AD9|31
16.1925925926|2|16.193|0.000|000000027AE0|31
23.4214285714|2|23.421|0.000|000000027AE3|31
18.0495412844|2|18.050|0.000|000000027AE4|31
11.5133126935|2|11.513|0.000|000000027AEA|31
19.9343283582|2|19.934|0.000|000000027AEB|31
17.8875|1|17.887|0.000|000000027AEE|31
16.5785407725|2|16.579|0.000|00000002804C|31
14.6820895522|3|14.211|0.443|00000002A0DC|31
16.5785407725|4|15.390|8.919|00000002BA2F|31
18.9173076923|5|16.422|6.830|00000002BED0|31
14.6874524715|8|16.330|8.120|00000002C330|31
