33.0153846154|4|35.903|8.450|00000000A1AD|31
40.5649484536|2|40.565|0.000|00000000A1B2|31
31.5134328358|2|31.513|0.000|00000000A1B9|31
52.0363636364|3|45.257|91.916|00000000A1BC|31
45.2275862069|2|45.228|0.000|00000000A1C0|31
15.075862069|2|15.076|0.000|00000000A1C1|31
47.9853658537|2|47.985|0.000|00000000A1CE|31
42.6545454545|3|44.473|6.612|00000000AEE0|31
43.552173913|19|32.096|151.744|000000011EEF|31
26.4080536913|3|29.943|24.990|000000011F67|31
35.775|4|35.645|124.503|000000015AB6|31
47.9853658537|7|36.995|196.735|0000000168EE|31
53.65|6|48.521|92.900|0000000168F1|31
31.5496062992|6|38.764|235.156|0000000168FB|31
32.7348837209|5|34.092|48.634|00000001FA72|31
22.3283236994|2|22.328|0.000|000000027FA0|31
18.8517857143|2|18.852|0.000|00000002A57D|31
15.3226890756|4|15.957|0.723|00000002C56C|31
