18.4822966507|3|23.635|53.094|000000009722|31
18.464516129|2|18.465|0.000|00000000982B|31
13.1802631579|3|15.652|12.223|00000000982C|31
21.4267379679|2|21.427|0.000|000000009833|31
19.7728643216|2|19.773|0.000|000000009834|31
19.1009708738|2|19.101|0.000|000000009838|31
16.1262295082|3|18.081|7.639|000000009839|31
17.9671232877|3|20.919|17.424|00000000983D|31
20.2824742268|3|23.149|16.437|000000009840|31
17.5660714286|4|26.082|85.583|000000009842|31
16.2595041322|3|17.736|4.357|000000009847|31
21.2241758242|5|26.631|101.072|00000000985B|31
19.576119403|4|18.284|18.435|00000000985F|31
20.6010471204|3|21.552|1.808|000000009864|31
18.1352112676|2|18.135|0.000|000000009869|31
16.2595041322|2|16.260|0.000|00000000986B|31
17.817721519|4|25.525|102.671|00000000986E|31
17.8833333333|3|24.635|91.163|000000009871|31
22.1967914439|2|22.197|0.000|000000009874|31
13.1387755102|3|17.705|41.694|000000009877|31
21.5798882682|2|21.580|0.000|000000009879|31
11.9598784195|3|16.608|43.216|00000000987D|31
18.9|2|18.900|0.000|00000000987F|31
21.0089552239|3|24.305|21.724|000000009885|31
16.395|1|16.395|0.000|00000000989E|31
10.5540983607|4|23.478|263.553|0000000098A1|31
19.7728643216|2|19.773|0.000|0000000098AD|31
16.3677966102|2|16.368|0.000|0000000098B1|31
23.1305389222|2|23.131|0.000|0000000098B6|31
18.1303167421|2|18.130|0.000|0000000098B9|31
19.576119403|2|19.576|0.000|0000000098C1|31
21.4267379679|2|21.427|0.000|0000000098C2|31
19.2882352941|6|21.663|54.498|00000000AA5D|31
15.2511627907|4|18.393|31.127|00000000AA85|31
19.4792079208|3|17.961|4.608|00000000AA88|31
19.6081218274|4|22.490|18.623|00000000AA93|31
22.3843575419|3|21.950|0.378|00000000AA97|31
16.9063291139|3|16.449|0.419|00000000AA9D|31
17.5736842105|3|23.507|70.411|00000000F977|31
19.2634615385|8|25.070|92.145|000000013360|31
18.9352941176|2|18.935|0.000|0000000133A9|31
21.6197802198|2|21.620|0.000|0000000133D3|31
15.513253012|2|15.513|0.000|0000000133DE|31
21.7760869565|2|21.776|0.000|0000000133FC|31
21.5798882682|2|21.580|0.000|000000013407|31
15.9303643725|3|17.207|3.258|0000000151F3|31
19.171291866|5|20.692|2.620|000000015202|31
19.0086956522|5|22.094|49.005|000000015205|31
19.8356435644|4|20.876|3.219|000000015208|31
15.6388663968|3|18.312|14.287|000000015211|31
14.7370786517|3|15.910|2.754|000000015217|31
19.576119403|3|20.265|0.950|000000015228|31
18.5603773585|5|17.677|15.882|00000001522B|31
19.8356435644|4|21.746|4.784|000000015234|31
23.5616766467|4|20.317|14.952|000000015243|31
17.6511013216|4|21.756|29.528|00000001525B|31
22.876744186|3|22.466|0.338|000000015260|31
19.9736040609|3|19.954|0.001|000000015265|31
15.8024096386|4|20.064|18.835|000000016486|31
21.5798882682|3|20.424|2.672|00000001B727|31
14.96121673|5|23.448|65.839|00000001B736|31
21.5419354839|5|22.563|14.670|00000001CD57|31
23.7036144578|6|23.733|55.465|00000001CD99|31
22.6372881356|6|23.674|38.706|00000001CDB1|31
20.7606217617|5|20.954|0.676|00000001CDF0|31
19.3832512315|7|21.523|58.581|00000001E568|31
17.1825327511|10|26.639|136.740|00000001F5CD|31
19.4504854369|7|23.569|47.401|00000001F5F1|31
10.0892307692|7|26.257|332.544|00000001F5F7|31
21.2241758242|7|26.399|17.137|00000001F5FC|31
18.5381443299|5|23.348|25.818|00000001F61C|31
13.8063157895|3|13.212|0.706|000000027DCA|31
17.3339207048|3|15.637|5.759|000000027DD0|31
17.1230769231|3|16.822|0.181|000000027DD5|31
18.0495412844|2|18.050|0.000|000000027DDC|31
12.5415584416|2|12.542|0.000|000000027DDF|31
16.5327731092|2|16.533|0.000|000000027DE7|31
17.7243243243|3|17.738|0.000|00000002814E|31
11.5390029326|3|13.102|4.887|000000028152|31
14.1583038869|3|15.353|2.855|00000002A390|31
17.410619469|3|15.214|9.650|00000002A3D8|31
