20.1346733668|6|22.540|34.139|000000009AC8|31
16.7438297872|2|16.744|0.000|000000009B85|31
10.2475703325|5|20.967|141.985|000000009B8A|31
21.2241758242|3|20.354|1.515|000000009B8C|31
16.8153846154|3|18.164|3.638|000000009B8F|31
16.9603448276|2|16.960|0.000|000000009B90|31
18.6972972973|2|18.697|0.000|000000009B97|31
20.6536082474|2|20.654|0.000|000000009B98|31
19.576119403|2|19.576|0.000|000000009BA2|31
23.1606936416|3|21.512|5.436|000000009BA3|31
17.9671232877|2|17.967|0.000|000000009BA7|31
16.9603448276|2|16.960|0.000|000000009BA8|31
19.0086956522|2|19.009|0.000|000000009BAA|31
18.5603773585|3|18.846|0.163|000000009BB1|31
22.6137931034|2|22.614|0.000|000000009BBB|31
19.4792079208|2|19.479|0.000|000000009BC7|31
19.6081218274|5|23.060|33.914|000000009BC8|31
18.8267942584|4|18.487|22.788|000000009BD3|31
14.2014705882|2|14.201|0.000|000000009BD5|31
11.8876132931|4|18.450|144.683|000000009BD9|31
18.132718894|4|21.850|85.720|000000009BE5|31
17.800921659|2|17.801|0.000|000000009BEE|31
19.576119403|3|19.261|0.198|000000009BF4|31
22.4581395349|2|22.458|0.000|000000009BF6|31
13.9190839695|2|13.919|0.000|000000009BFA|31
11.0681948424|2|11.068|0.000|000000009BFD|31
20.2240837696|2|20.224|0.000|000000009BFF|31
10.6923913043|2|10.692|0.000|000000009C02|31
18.3869158879|2|18.387|0.000|000000009C05|31
16.4213114754|2|16.421|0.000|000000009C0B|31
16.1262295082|2|16.126|0.000|000000009C13|31
19.4110552764|2|19.411|0.000|000000009C1D|31
23.8576271186|2|23.858|0.000|000000009C1E|31
17.7243243243|2|17.724|0.000|000000009C20|31
19.2882352941|3|18.294|1.979|00000000ABCC|31
18.220754717|3|18.927|0.996|00000000ABD9|31
20.4380952381|4|19.452|4.390|00000000ABDA|31
12.7066202091|3|14.612|7.258|00000000ABEA|31
19.4504854369|3|18.464|1.947|00000000ABFA|31
19.3565217391|8|21.304|79.590|00000000C6A1|31
15.9619834711|9|32.022|178.003|00000000C6E9|31
22.3568181818|5|19.875|20.218|00000000FC46|31
21.2|5|24.728|45.965|00000000FC7F|31
21.0417112299|2|21.042|0.000|00000000FD1B|31
17.7243243243|8|21.747|90.418|0000000118FF|31
21.6197802198|5|22.063|11.461|0000000135BB|31
19.4504854369|2|19.450|0.000|0000000136B6|31
19.6081218274|2|19.608|0.000|0000000136DE|31
18.220754717|3|18.126|0.018|0000000136FF|31
21.2|3|19.449|7.641|0000000154DA|31
16.1623430962|5|17.676|23.160|000000015512|31
20.86875|3|20.652|0.094|000000015524|31
22.6137931034|5|21.260|3.172|00000001552B|31
21.3847826087|3|22.589|2.900|000000015549|31
17.2018867925|5|20.249|41.714|000000015551|31
18.5603773585|3|18.536|0.001|000000015560|31
14.9142857143|4|16.460|2.637|000000015566|31
18.220754717|4|19.734|2.485|000000015568|31
18.4732394366|3|18.449|0.001|000000015569|31
18.0504672897|3|17.946|0.022|000000015590|31
21.3847826087|3|21.515|0.034|000000015599|31
19.6081218274|7|23.001|47.264|0000000165D4|31
19.0086956522|4|22.610|21.799|0000000165E3|31
21.2|4|21.539|3.923|0000000165F2|31
16.9779661017|5|19.223|3.500|00000001660F|31
21.0417112299|6|25.701|86.453|000000016610|31
16.4213114754|6|20.632|47.501|000000016613|31
16.0915662651|4|18.009|3.727|000000016622|31
19.4792079208|5|24.891|86.960|00000001B900|31
17.6383561644|5|21.671|18.234|00000001B9A3|31
16.9603448276|3|18.226|3.205|00000001B9D1|31
20.0373626374|7|23.546|15.816|00000001E7A4|31
15.4913385827|5|17.606|7.297|00000001E7DB|31
20.2240837696|4|21.141|0.947|00000001E85D|31
16.5076923077|4|19.960|12.261|00000001E85F|31
15.293129771|4|18.808|12.613|00000001E861|31
18.2127272727|7|21.001|39.007|00000001F75C|31
15.2349809886|3|15.572|0.227|000000027E77|31
13.6625|2|13.663|0.000|000000027E78|31
20.86875|2|20.869|0.000|000000027E7E|31
13.9125|2|13.913|0.000|000000027E80|31
20.0755102041|3|19.366|1.007|000000027E82|31
20.6010471204|3|18.311|10.488|000000027E84|31
11.7501466276|2|11.750|0.000|000000027E85|31
12.5009708738|2|12.501|0.000|000000027E8D|31
19.7728643216|2|19.773|0.000|000000027E8E|31
12.1051359517|6|15.462|20.061|000000028188|31
10.4118598383|3|10.635|0.100|00000002980E|31
19.9736040609|6|18.961|19.191|00000002A7C0|31
12.1444444444|6|12.990|5.236|00000002C49F|31
