41.9869565217|6|45.208|17.667|000000009FEC|31
17.0337662338|4|33.167|270.968|00000000A089|31
34.4892857143|3|37.688|20.458|00000000A08F|31
34.4892857143|2|34.489|0.000|00000000A090|31
15.9951219512|4|33.267|386.120|00000000A091|31
14.31|4|35.477|168.347|00000000A095|31
44.9234042553|2|44.923|0.000|00000000A09A|31
31.662295082|2|31.662|0.000|00000000A09D|31
16.1623430962|4|31.439|234.497|00000000A09F|31
15.8661290323|2|15.866|0.000|00000000A0AA|31
40.5649484536|4|37.298|73.263|00000000A0AD|31
37.8346153846|2|37.835|0.000|00000000A0B3|31
12.8012779553|4|24.787|153.053|00000000A0B5|31
23.4214285714|2|23.421|0.000|00000000A0B9|31
45.6131868132|2|45.613|0.000|00000000A0BB|31
31.9909090909|4|32.909|85.357|00000000A0BE|31
35.4857142857|2|35.486|0.000|00000000A0C3|31
38.9584158416|2|38.958|0.000|00000000A0C5|31
39.8226804124|2|39.823|0.000|00000000A0C7|31
51.1012987013|2|51.101|0.000|00000000A0C9|31
33.6307692308|2|33.631|0.000|00000000A0D0|31
47.9853658537|2|47.985|0.000|00000000A0D1|31
38.3381443299|4|39.231|24.237|00000000AE49|31
37.8346153846|3|38.331|0.492|00000000AE4B|31
41.8595744681|3|39.052|15.763|00000000AE5F|31
36.4105263158|3|35.898|0.526|000000013B85|31
36.7738317757|3|28.349|141.941|000000013C0C|31
45.3512195122|8|43.903|13.617|00000001599B|31
25.4131578947|3|35.252|193.597|0000000159AC|31
39.4654205607|3|39.769|0.184|0000000159C5|31
13.7101045296|3|27.837|399.130|0000000159C8|31
33.0153846154|5|33.462|99.807|0000000159CC|31
32.2524590164|5|36.272|292.199|0000000159CF|31
38.5269230769|5|38.418|93.426|0000000159D1|31
35.7529411765|4|39.334|105.476|00000001EBCE|31
39.2823529412|5|39.987|60.728|00000001F9D6|31
33.2503937008|5|37.818|17.038|00000001F9DD|31
14.792481203|2|14.792|0.000|000000027F4B|31
16.8901185771|2|16.890|0.000|000000027F67|31
13.699009901|3|13.506|0.075|000000027F6E|31
21.9477272727|5|18.048|15.965|000000028200|31
11.1152542373|3|12.282|2.724|00000002A53F|31
17.8045248869|2|17.805|0.000|00000002A548|31
15.8661290323|2|15.866|0.000|00000002A54D|31
10.5618320611|4|11.624|1.213|00000002A54E|31
12.0336448598|3|12.091|0.007|00000002A553|31
15.075862069|6|15.217|4.246|00000002C54D|31
