11.1965217391|4|22.368|146.412|0000000084EF|31
14.2897959184|7|32.361|256.836|0000000084F8|31
24.7333333333|2|24.733|0.000|0000000084F9|31
37.0421052632|2|37.042|0.000|0000000084FA|31
26.0582781457|3|27.120|2.256|000000008507|31
35.775|1|35.775|0.000|00000000850A|31
36.7596330275|2|36.760|0.000|000000008516|31
32.5607142857|4|29.080|42.120|00000000851F|31
36.7596330275|3|30.913|68.373|000000008520|31
14.9045454545|2|14.905|0.000|000000008526|31
24.4397515528|2|24.440|0.000|000000008528|31
41.9869565217|4|38.847|56.087|00000000852C|31
38.5764705882|2|38.576|0.000|000000008533|31
13.6625|4|26.778|172.061|000000008534|31
23.8444444444|2|23.844|0.000|00000000853D|31
39.7454545455|3|38.288|4.247|00000000853F|31
29.2467153285|2|29.247|0.000|000000008544|31
32.2524590164|2|32.252|0.000|000000008545|31
28.195620438|3|31.419|20.784|00000000A368|31
26.0181818182|3|28.339|10.772|00000000A36A|31
30.9826771654|3|33.277|10.531|00000000A36E|31
30.9826771654|4|30.138|101.718|00000001220C|31
11.7847058824|4|23.452|160.396|000000012218|31
27.825|2|27.825|0.000|00000001221C|31
27.2149253731|3|30.287|18.870|00000001222F|31
40.5649484536|4|34.185|198.227|00000001223B|31
44.2112359551|5|41.662|120.661|000000013FD9|31
23.5536585366|4|26.264|10.432|000000015C56|31
41.3072164948|7|37.857|15.993|00000001EE59|31
31.662295082|7|33.606|6.471|00000001EE62|31
10.4890052356|2|10.489|0.000|0000000279F2|31
21.7392265193|3|20.519|2.979|0000000279F5|31
12.7339805825|2|12.734|0.000|0000000279F7|31
17.0587155963|2|17.059|0.000|0000000279FA|31
11.7107142857|4|13.436|2.986|00000002A5EF|31
17.8045248869|3|16.731|2.303|00000002C2CF|31
