33.0655462185|2|33.066|0.000|000000008498|31
41.9172413793|2|41.917|0.000|000000008499|31
19.7081632653|4|38.219|343.227|00000000849B|31
43.552173913|2|43.552|0.000|00000000849E|31
39.8226804124|2|39.823|0.000|0000000084A6|31
13.1406360424|4|27.873|289.796|0000000084A9|31
13.7466192171|4|28.124|245.266|0000000084B0|31
46.0551724138|4|41.542|91.134|0000000084B1|31
40.5649484536|2|40.565|0.000|0000000084B3|31
45.2275862069|2|45.228|0.000|0000000084BC|31
41.0936170213|3|39.535|4.859|0000000084BE|31
34.0822429907|2|34.082|0.000|0000000084C0|31
37.7035714286|2|37.704|0.000|0000000084C5|31
47.9853658537|2|47.985|0.000|00000000A330|31
32.8426229508|5|30.300|39.521|00000000A335|31
27.325|3|29.968|13.975|00000000A33B|31
17.9671232877|5|32.265|264.064|00000000A33F|31
45.9857142857|3|34.910|245.360|0000000121A5|31
17.5660714286|4|24.270|135.911|000000013F3D|31
52.0363636364|3|52.351|0.198|000000013F55|31
37.8705882353|4|40.830|11.250|000000013F64|31
29.3641791045|7|39.627|168.086|00000001D6A0|31
17.0337662338|3|16.626|0.333|0000000279DD|31
11.7107142857|2|11.711|0.000|0000000279DE|31
17.0337662338|2|17.034|0.000|0000000299F8|31
