15.293129771|3|21.980|89.442|000000009123|31
41.4|3|33.880|78.452|000000009144|31
28.195620438|5|31.109|92.456|000000009146|31
27.2149253731|4|26.650|43.239|000000009147|31
41.8595744681|2|41.860|0.000|00000000914C|31
37.8346153846|4|32.131|42.493|00000000914E|31
27.9063829787|2|27.906|0.000|00000000914F|31
31.662295082|5|33.878|59.846|00000000915E|31
39.7454545455|2|39.745|0.000|000000009162|31
35.4486486486|4|29.117|60.622|000000009163|31
14.6874524715|3|21.012|80.010|000000009166|31
25.5506493506|4|23.775|31.650|000000009168|31
30.4157480315|4|27.429|42.103|00000000916E|31
14.1583038869|4|27.621|190.231|000000009170|31
32.2524590164|2|32.252|0.000|00000000917C|31
41.8595744681|3|36.306|61.676|00000000A7C4|31
11.3722543353|7|29.621|159.227|00000000A7CC|31
14.9720930233|6|29.048|163.130|00000000A7CF|31
41.1882352941|3|38.859|10.852|00000000A7DB|31
43.552173913|2|43.552|0.000|00000000D900|31
23.9926829268|2|23.993|0.000|000000011039|31
30.4157480315|9|32.139|124.427|000000014B46|31
38.5764705882|4|43.791|27.439|000000014B64|31
12.290797546|4|24.665|193.460|000000014B7B|31
31.1692307692|6|34.164|40.409|000000014B82|31
39.0181818182|4|38.238|28.534|000000014B84|31
11.7456716418|5|25.594|129.789|000000014B94|31
30.4157480315|3|32.609|9.621|000000014BAE|31
26.0582781457|4|31.847|61.845|00000001B27E|31
31.7322580645|5|25.028|54.805|00000001C86C|31
27.2028169014|2|27.203|0.000|00000001E060|31
44.2112359551|5|39.200|121.052|00000001F36F|31
26.7673469388|5|34.140|70.812|00000001F378|31
11.9591331269|2|11.959|0.000|000000027C70|31
12.5712460064|3|13.143|0.654|000000027C71|31
13.5216494845|3|13.043|0.457|0000000280C6|31
12.1820433437|5|15.327|10.647|000000029027|31
12.2579439252|4|12.410|1.957|00000002A268|31
