15.0631578947|4|28.692|187.320|000000008E98|31
14.9142857143|3|24.038|166.482|000000008E9D|31
38.080733945|5|35.799|88.148|000000008E9F|31
27.4438356164|3|25.692|6.136|000000008EA3|31
10.4928|3|25.780|176.408|000000008EA4|31
37.446728972|3|35.675|6.279|000000008EAC|31
38.5764705882|2|38.576|0.000|000000008EB1|31
10.4118598383|2|10.412|0.000|000000008EB2|31
13.7101045296|2|13.710|0.000|000000008EB5|31
13.2932432432|4|25.559|150.467|000000008EBB|31
10.9055718475|4|23.649|229.635|000000008EBE|31
24.6038216561|2|24.604|0.000|000000008EBF|31
29.8090909091|2|29.809|0.000|000000008EC0|31
19.7728643216|2|19.773|0.000|000000008EC5|31
26.8912751678|2|26.891|0.000|000000008ECB|31
30.586259542|2|30.586|0.000|000000008ECC|31
31.2285714286|2|31.229|0.000|000000008ED0|31
28.7211678832|2|28.721|0.000|000000008ED4|31
28.9323529412|2|28.932|0.000|000000008ED8|31
35.4385321101|3|35.178|0.136|00000000A71F|31
41.8595744681|4|35.338|42.562|00000000A723|31
38.5764705882|3|35.656|17.062|00000000A730|31
35.0262295082|7|34.882|41.845|00000000BCEB|31
28.2169014085|2|28.217|0.000|000000012B20|31
25.4131578947|3|27.909|12.456|000000012B57|31
20.86875|3|23.699|16.017|0000000148FC|31
27.9063829787|7|35.959|163.673|00000001490B|31
33.6307692308|3|37.163|24.959|000000014912|31
13.9531914894|3|23.388|178.025|000000014919|31
20.49375|5|22.905|94.939|00000001491E|31
24.7471698113|5|30.240|103.186|000000014931|31
33.6307692308|3|36.557|17.127|00000001494E|31
29.738028169|4|32.869|41.969|0000000160C9|31
33.6705882353|9|31.633|127.085|00000001B0AE|31
39.8226804124|6|31.664|62.231|00000001C6B3|31
36.7738317757|6|33.386|117.638|00000001C6C6|31
12.7339805825|9|28.823|148.154|00000001DE4A|31
36.7738317757|10|34.260|75.986|00000001F28D|31
16.7445378151|6|16.756|7.414|0000000280A1|31
