13.4592334495|2|13.459|0.000|00000000A205|31
40.4727272727|2|40.473|0.000|00000000A209|31
33.6705882353|4|30.406|47.638|00000000A20B|31
35.4385321101|2|35.439|0.000|00000000A20E|31
44.4|1|44.400|0.000|00000000A20F|31
33.0655462185|2|33.066|0.000|00000000A215|31
30.5023255814|4|29.422|54.243|00000000A21C|31
34.6131147541|2|34.613|0.000|00000000A21D|31
37.5636363636|4|30.198|70.649|00000000A220|31
13.2932432432|4|27.797|286.833|00000000A224|31
28.3079136691|2|28.308|0.000|00000000A225|31
40.5649484536|3|38.343|9.871|00000000A228|31
54.8415584416|3|48.704|75.331|00000000A22A|31
14.6820895522|5|31.462|193.378|00000000AEFA|31
39.0181818182|3|38.634|0.295|00000000AF02|31
40.5649484536|3|38.217|11.025|00000000AF06|31
14.6769230769|5|31.119|192.803|000000013D58|31
11.7808383234|3|27.770|511.286|000000015B16|31
53.453164557|3|53.945|0.484|000000015B28|31
40.5649484536|3|42.384|6.617|000000015B3B|31
16.5327731092|7|31.346|312.890|000000016914|31
49.8075949367|9|36.556|234.084|00000001A849|31
43.552173913|5|43.064|20.660|00000001FA9E|31
14.96121673|4|15.353|6.367|000000027FA4|31
13.4592334495|2|13.459|0.000|000000027FAF|31
12.1820433437|2|12.182|0.000|0000000281E4|31
19.3832512315|3|16.645|14.998|00000002A5A0|31
