12.4205787781|4|24.322|151.245|000000009F4E|31
12.1070769231|2|12.107|0.000|000000009F62|31
30.4157480315|2|30.416|0.000|000000009F6A|31
15.3703125|3|34.307|179.370|000000009F6C|31
23.0105263158|2|23.011|0.000|000000009F6E|31
21.2|1|21.200|0.000|000000009F70|31
37.120754717|2|37.121|0.000|000000009F71|31
37.7035714286|2|37.704|0.000|000000009F78|31
45.2275862069|2|45.228|0.000|000000009F7B|31
45.2275862069|2|45.228|0.000|000000009F7F|31
35.4486486486|2|35.449|0.000|000000009F82|31
21.7670103093|3|24.197|11.810|000000009F87|31
19.4792079208|3|24.619|52.845|000000009F89|31
29.3641791045|4|31.301|9.275|000000009F8B|31
35.1321428571|2|35.132|0.000|000000009F8C|31
36.0972972973|2|36.097|0.000|000000009F93|31
13.0736842105|5|25.090|106.391|00000000ADBB|31
27.7098591549|3|31.894|35.008|00000000ADCA|31
23.5536585366|5|25.791|61.171|00000000ADCE|31
30.5023255814|3|30.566|0.008|00000000ADD2|31
28.195620438|3|32.106|30.585|00000000ADD7|31
13.4057142857|5|28.726|195.380|00000000ADD9|31
35.4857142857|3|34.307|2.778|00000000ADE1|31
34.2461538462|6|30.338|26.715|000000010085|31
21.5786982249|2|21.579|0.000|000000013AB0|31
38.5764705882|2|38.576|0.000|000000015885|31
14.8|5|31.302|208.482|00000001588A|31
30.5023255814|5|29.150|59.863|00000001588F|31
25.8868421053|5|24.888|51.750|000000015897|31
32.5607142857|3|38.507|70.720|0000000158A8|31
34.2461538462|6|31.642|21.928|000000016802|31
29.8090909091|5|32.356|48.602|000000016811|31
38.2455445545|5|41.464|16.633|00000001EB00|31
34.4892857143|7|31.804|57.875|00000001F938|31
35.1321428571|8|34.128|83.580|00000001F944|31
35.4486486486|7|31.590|55.548|00000001F945|31
15.9034482759|7|27.249|125.428|00000001F94D|31
39.2823529412|6|35.456|19.161|00000001F951|31
11.3068965517|2|11.307|0.000|000000027F2D|31
19.1009708738|3|16.713|11.405|0000000281E4|31
19.2634615385|5|17.187|12.439|00000002A517|31
17.3339207048|3|16.390|1.782|00000002A82B|31
