13.2932432432|4|28.817|365.544|000000008EE2|31
15.6764940239|4|31.968|335.798|000000008EE6|31
30.9826771654|2|30.983|0.000|000000008EEB|31
33.6307692308|5|34.382|46.029|000000008EEC|31
25.5210191083|3|24.755|1.173|000000008EF0|31
25.5506493506|2|25.551|0.000|000000008EF2|31
12.1820433437|4|23.450|130.943|000000008EF3|31
33.0655462185|3|34.779|5.873|000000008EF4|31
26.9506849315|2|26.951|0.000|000000008EF5|31
10.4072727273|4|20.379|110.745|000000008EFA|31
32.6834645669|2|32.683|0.000|000000008F00|31
29.3641791045|2|29.364|0.000|000000008F08|31
33.0153846154|3|25.443|114.677|000000008F0C|31
14.0028469751|4|26.911|166.938|000000008F0E|31
33.6705882353|4|33.648|88.606|000000008F11|31
30.5023255814|2|30.502|0.000|000000008F14|31
28.8268656716|2|28.827|0.000|000000008F17|31
24.7471698113|2|24.747|0.000|000000008F1A|31
19.171291866|2|19.171|0.000|000000008F1B|31
23.8444444444|2|23.844|0.000|000000008F1D|31
24.7333333333|2|24.733|0.000|000000008F1F|31
26.7539568345|2|26.754|0.000|000000008F27|31
32.8540540541|2|32.854|0.000|000000008F28|31
24.7615384615|3|25.792|2.123|00000000A736|31
31.0604651163|5|28.663|38.464|00000000A737|31
33.6307692308|5|34.620|81.778|00000000A743|31
30.4157480315|2|30.416|0.000|00000000F197|31
29.8618705036|5|23.166|68.093|000000012BA5|31
34.5157894737|2|34.516|0.000|000000012BB0|31
33.6705882353|5|29.038|39.056|00000001491A|31
20.49375|4|24.031|72.527|000000014955|31
29.9014925373|5|28.346|61.388|000000014977|31
38.5764705882|4|36.093|53.013|00000001497F|31
33.6705882353|5|29.397|86.336|000000014996|31
33.9206896552|7|34.520|168.980|00000001771A|31
33.6307692308|3|37.475|29.557|000000019C76|31
32.8426229508|8|30.920|107.251|00000001B0D0|31
26.2775510204|13|35.304|124.462|00000001C6E6|31
38.5764705882|4|42.862|48.639|00000001C71A|31
15.1489051095|6|31.705|143.217|00000001DEAA|31
15.7024390244|6|39.090|333.320|00000001DEC1|31
34.0822429907|5|34.980|33.582|00000001F2B0|31
26.0582781457|7|34.297|66.348|00000001F2BE|31
14.6820895522|2|14.682|0.000|000000027BF7|31
13.4293515358|3|13.985|0.616|000000027BFA|31
21.2|3|18.608|24.695|000000027BFE|31
11.0051282051|2|11.005|0.000|000000027BFF|31
10.5490616622|2|10.549|0.000|000000027C00|31
14.8951672862|3|13.955|1.767|00000002A20A|31
15.5758064516|3|15.154|0.356|00000002A211|31
11.39625|3|12.199|3.730|00000002BFBD|31
18.9173076923|5|17.823|17.008|00000002C3A3|31
