00000001F36B,37.3043478261,1477889642
00000002A6EA,18.7659574468,1477889473
00000001E022,35.7567567568,1477889179
000000016189,46.4210526316,1477889360
000000025E1D,12.08,1477888834
000000016182,36.75,1477888931
000000016187,38.347826087,1477889004
000000016184,39.4925373134,1477888953
00000002A6F3,15.4736842105,1477889145
00000001DFFE,46.0677966102,1477888801
00000002C010,18.6164383562,1477889318
00000001C85A,39.4925373134,1477889135
00000001618A,50.8846153846,1477889136
000000016198,29.7303370787,1477889654
00000001C868,47.6842105263,1477889481
00000001F361,22.6153846154,1477889212
