00000001DF1D,47.25,1477884587
000000016104,10.3764705882,1477884670
000000016105,37.75,1477884583
000000016109,10.7007874016,1477884769
0000000160F9,10.0824742268,1477884128
00000001F2ED,57.829787234,1477884794
00000001F2EE,47.25,1477884851
00000001F2D0,10.2558139535,1477884106
0000000160FF,40.5671641791,1477884154
0000000160FA,46.7307692308,1477884026
00000002BFD6,36.2535211268,1477884427
00000002BFD5,20.8085106383,1477884506
000000016113,43.6271186441,1477884802
000000016110,50.8846153846,1477884790
00000001DF0C,36.75,1477884429
00000001DEF9,54.0,1477884126
00000001610E,47.25,1477884723
00000001F2E1,42.6774193548,1477884389
00000001F2E4,34.7837837838,1477884469
00000002C3B7,13.6914893617,1477884603
00000001F2DA,50.8846153846,1477884400
