00000002A7A4,15.9875776398,1477909313
000000016555,30.4137931034,1477909374
000000016551,28.7608695652,1477909315
00000002C483,12.0821917808,1477909163
00000001652A,29.0769230769,1477909022
00000001652D,24.2752293578,1477909259
00000001652F,24.7289719626,1477909089
00000002BC9D,11.2401746725,1477908862
000000016521,25.4423076923,1477908954
000000016523,26.198019802,1477908972
000000016527,28.4516129032,1477909236
00000001CEDB,20.2677165354,1477909107
00000001F690,26.7272727273,1477908631
00000001F696,25.9411764706,1477908667
000000016533,27.4545454545,1477909123
000000016531,23.625,1477909130
00000001E67C,25.9411764706,1477908754
00000001650F,27.2783505155,1477909323
00000001650B,16.9342105263,1477908742
00000001650C,28.0206185567,1477908746
00000001F68F,18.6338028169,1477908603
00000001F68C,25.8510638298,1477908672
000000016504,26.7272727273,1477908658
000000016505,21.2727272727,1477908671
000000016502,22.2786885246,1477908647
00000001653C,28.3125,1477909169
00000001653B,29.5434782609,1477909163
00000001653A,25.4018691589,1477909171
00000001E670,26.7272727273,1477908621
00000001653E,28.914893617,1477909387
00000001653D,26.198019802,1477909181
00000001F69F,26.7272727273,1477908839
00000001650A,25.9411764706,1477908711
0000000164DC,23.6146788991,1477909168
00000001F6C6,29.5862068966,1477909293
00000001F6C7,25.9411764706,1477909403
00000001CEFA,26.6470588235,1477909141
000000016513,23.625,1477908822
000000016514,22.05,1477908853
00000002C47A,19.9534883721,1477908607
00000001651D,28.7608695652,1477908899
00000002C477,20.9268292683,1477909167
00000002C475,12.4347826087,1477909205
00000001F6CD,30.4137931034,1477909404
00000001F6CA,23.8333333333,1477909356
00000001E6E5,22.0,1477909252
00000001F6A8,21.0983606557,1477908936
00000001654B,28.0206185567,1477909276
00000001654C,30.6428571429,1477909267
00000001651F,20.8346456693,1477908927
00000001654E,25.9411764706,1477909302
00000001F6B3,24.7289719626,1477909059
0000000164FE,28.2115384615,1477908808
00000001F6B2,18.6338028169,1477909139
00000001E6FF,22.7787610619,1477909440
00000001E704,24.2752293578,1477909444
00000001655A,29.0769230769,1477909444
000000016546,26.7272727273,1477909235
000000016547,25.9411764706,1477909239
0000000164F1,25.2352941176,1477908631
000000016548,26.0,1477909238
000000016549,27.2783505155,1477909253
