00000002BF98,21.512195122,1477880407
00000001C64F,44.8474576271,1477880631
00000001F24D,46.4210526316,1477880523
00000001609B,40.21875,1477880695
00000001609E,34.8157894737,1477880856
00000001609F,42.46875,1477880858
000000016086,39.1935483871,1477880160
0000000160A3,52.2692307692,1477880944
00000001F24C,36.2465753425,1477880481
00000001DDF6,39.9661016949,1477880744
00000001F25A,29.7303370787,1477880837
000000016082,34.3636363636,1477880375
00000001B018,33.4285714286,1477880139
00000001608A,45.1578947368,1477880262
000000016071,45.3461538462,1477880303
00000001DE06,57.3923076923,1477880782
000000016090,37.75,1477880478
00000002BADF,17.7647058824,1477880474
000000016085,39.4925373134,1477880164
000000016099,26.7272727273,1477880707
00000002A6CF,28.9747572816,1477880448
00000001F263,43.8387096774,1477880964
