000000016837,38.347826087,1477918473
000000016825,10.0227272727,1477918249
00000001684D,46.4210526316,1477918777
00000001F990,49.5,1477918888
00000001682B,31.3902439024,1477918250
00000002A844,28.3125,1477918904
00000002C538,11.9189189189,1477918971
000000024274,13.04,1477918425
000000016838,49.0,1477918722
000000016836,22.6153846154,1477918493
000000016834,46.4210526316,1477918447
00000002C535,23.4310344828,1477918600
00000001F992,40.0909090909,1477918914
00000001F982,31.7777777778,1477918599
000000016858,43.8387096774,1477918970
00000001EB19,50.8846153846,1477918206
00000002A846,22.4237288136,1477918984
000000016844,36.2465753425,1477918690
00000002A839,25.4851485149,1477918265
00000001F97C,21.4015748031,1477918550
000000016847,43.8387096774,1477918725
000000016842,36.3951219512,1477918685
