00000001E1A9,37.96875,1477895801
00000001625C,56.2978723404,1477895618
000000025A83,11.76,1477895171
00000001625F,45.1578947368,1477895645
00000001625E,54.0,1477895638
00000001F3F1,11.1984732824,1477895557
000000016260,52.2692307692,1477895772
00000002A72C,18.9536423841,1477895813
00000001B37B,24.0560747664,1477895425
000000019EC6,36.7297297297,1477895548
00000001E1B0,32.2682926829,1477895509
00000002C3EC,21.0,1477895811
00000001F3FE,36.7297297297,1477895386
000000016252,49.5,1477895184
000000016251,32.3571428571,1477895109
000000016257,46.4210526316,1477895384
00000001F405,42.6774193548,1477895618
