00000001DFE0,41.5161290323,1477887912
000000016161,35.7631578947,1477887688
000000016163,11.2780082988,1477887809
000000016165,38.347826087,1477887796
000000016166,47.25,1477887825
00000001F332,40.21875,1477887672
00000002A6F7,20.671875,1477888429
00000002A6F6,31.6046511628,1477888307
00000001C819,41.5161290323,1477887991
000000016173,42.6774193548,1477888321
000000016171,50.8846153846,1477888191
00000001615F,43.8387096774,1477887630
00000001F33C,46.63125,1477887970
00000001F33B,10.0227272727,1477888044
00000002BB45,17.3918918919,1477887835
00000001F346,36.2535211268,1477888337
00000001F342,49.0,1477888209
