000000016382,35.7567567568,1477902825
000000016386,46.4210526316,1477902980
000000016387,43.6271186441,1477902991
00000001637E,46.4210526316,1477902769
00000001F51B,49.5,1477903107
00000001637C,27.5625,1477902747
00000001637B,49.5,1477902723
000000016368,28.0714285714,1477902390
00000001F514,33.4936708861,1477903011
00000001F500,42.6774193548,1477902658
000000016362,11.1851851852,1477902372
00000001E3A7,42.6774193548,1477902567
00000002C41F,21.168,1477902623
00000001F510,43.6271186441,1477902933
00000001F50C,49.5,1477902840
000000016374,11.4622641509,1477902672
000000016377,43.6271186441,1477902667
000000016373,29.9302325581,1477902604
00000001E3AA,54.0,1477902542
00000002A75D,23.4159292035,1477902890
00000001E390,20.511627907,1477902310
00000002418B,11.76,1477902903
00000001638A,39.3913043478,1477903061
00000001638B,33.1463414634,1477903112
