16.1886792453|2|16.189|0.000|000000015DDD|66
18.7142857143|2|18.714|0.000|000000015DDE|66
24.2752293578|3|23.810|0.433|000000015DE2|66
26.7272727273|3|22.894|29.386|000000015DEE|66
28.7608695652|2|28.761|0.000|000000015DF1|66
27.2783505155|3|24.192|19.055|000000015DF6|66
16.8535031847|3|17.278|0.360|000000015DF8|66
26.7272727273|2|26.727|0.000|000000015DF9|66
27.2783505155|3|25.961|3.471|000000015DFA|66
24.75|1|24.750|0.000|000000015DFF|66
32.582278481|4|25.983|44.430|000000015E01|66
22.5789473684|2|22.579|0.000|000000015E03|66
30.4137931034|2|30.414|0.000|000000015E04|66
29.6363636364|2|29.636|0.000|000000015E06|66
29.7303370787|2|29.730|0.000|000000015E0C|66
28.7608695652|3|26.668|8.760|000000015E13|66
29.5434782609|2|29.543|0.000|000000015E17|66
25.4018691589|2|25.402|0.000|000000015E1C|66
27.2783505155|2|27.278|0.000|000000015E1D|66
25.9411764706|2|25.941|0.000|000000015E1E|66
27.2783505155|2|27.278|0.000|000000015E24|66
25.9411764706|2|25.941|0.000|000000015E26|66
24.7289719626|2|24.729|0.000|000000015E28|66
24.9622641509|2|24.962|0.000|00000001C1DD|66
28.7608695652|2|28.761|0.000|00000001C1EA|66
26.7272727273|2|26.727|0.000|00000001C1EB|66
22.6730769231|4|20.080|15.184|00000001D954|66
23.4310344828|6|19.600|18.068|00000001D957|66
21.5714285714|3|18.990|13.329|00000001D95F|66
30.2474226804|3|24.232|72.380|00000001D970|66
28.7647058824|4|24.292|26.246|00000001D97E|66
30.4137931034|4|23.830|47.355|00000001D9A2|66
27.4545454545|3|22.669|45.796|00000001D9C1|66
30.4137931034|5|32.664|38.415|00000001EFF1|66
30.4137931034|3|28.294|8.987|00000001F005|66
31.3902439024|5|34.619|36.919|00000001F006|66
25.6304347826|3|23.081|12.998|00000001F008|66
19.4558823529|3|26.336|94.675|00000001F009|66
18.375|5|23.744|24.274|00000001F00A|66
28.7608695652|5|27.829|8.398|00000001F00D|66
25.4423076923|7|30.563|58.381|00000001F010|66
28.3125|4|34.699|18.124|00000001F012|66
29.2258064516|5|27.023|43.996|00000001F015|66
22.2352941176|3|24.357|9.007|00000001F01E|66
17.4230769231|3|24.776|108.138|00000001F025|66
25.2352941176|4|25.608|3.593|00000001F02B|66
24.2752293578|4|29.284|34.218|00000001F035|66
13.2585365854|2|13.259|0.000|00000002407A|66
17.8783783784|2|17.878|0.000|00000002A648|66
21.813559322|3|18.306|24.606|00000002A64B|66
17.2941176471|2|17.294|0.000|00000002A64D|66
10.1338582677|2|10.134|0.000|00000002A64E|66
29.0769230769|3|25.743|22.234|00000002A64F|66
20.9268292683|2|20.927|0.000|00000002A650|66
22.8403361345|2|22.840|0.000|00000002A653|66
23.4159292035|2|23.416|0.000|00000002A654|66
16.6748466258|10|14.277|8.218|00000002B185|66
13.2471910112|2|13.247|0.000|00000002C320|66
19.9852941176|2|19.985|0.000|00000002C322|66
22.8932038835|3|23.490|0.711|00000002C332|66
