33.4936708861|3|30.505|17.870|000000016332|66
32.2682926829|2|32.268|0.000|000000016333|66
38.347826087|3|32.811|61.319|00000001633E|66
38.347826087|2|38.348|0.000|00000001633F|66
49.5|3|38.669|64.058|000000016344|66
46.4210526316|2|46.421|0.000|000000016347|66
44.5573770492|2|44.557|0.000|00000001634A|66
46.4210526316|2|46.421|0.000|00000001634B|66
36.75|1|36.750|0.000|00000001634C|66
36.75|1|36.750|0.000|00000001634E|66
39.4925373134|2|39.493|0.000|000000016352|66
39.4925373134|3|31.228|136.619|00000001E329|66
42.46875|3|29.287|142.748|00000001E32A|66
10.296|4|29.191|134.378|00000001E34C|66
54.7659574468|3|46.778|127.600|00000001E34E|66
26.8125|4|27.837|128.225|00000001F4CF|66
42.6774193548|3|39.450|20.833|00000001F4D2|66
40.0909090909|4|38.229|41.501|00000001F4DA|66
40.21875|2|38.941|1.631|00000001F4E5|66
23.2105263158|2|23.211|0.000|00000002BC0C|66
