50.8846153846|5|44.722|183.966|00000001687A|66
52.2692307692|2|52.269|0.000|00000001687E|66
38.347826087|4|38.793|12.654|000000016885|66
45.9642857143|3|44.507|4.247|000000016891|66
36.75|2|42.388|31.789|000000016894|66
43.6271186441|2|43.627|0.000|000000016895|66
13.3367875648|2|13.337|0.000|000000016899|66
37.2676056338|2|37.268|0.000|00000001689C|66
50.8846153846|4|37.575|211.688|00000001EBC0|66
48.5357142857|4|44.627|15.684|00000001F9C9|66
10.6363636364|8|30.808|154.527|00000001F9CA|66
13.23|5|36.517|203.268|00000001F9DE|66
15.7914110429|2|15.791|0.000|00000002A84A|66
13.0344827586|2|13.034|0.000|00000002BDA9|66
