23.1891891892|4|21.868|4.461|000000016737|66
24.0594059406|2|24.059|0.000|00000001673B|66
29.5862068966|2|29.586|0.000|000000016740|66
26.198019802|2|26.198|0.000|000000016746|66
25.6304347826|5|23.894|6.736|00000001674B|66
30.4137931034|2|30.414|0.000|00000001674D|66
27.3829787234|2|27.383|0.000|00000001674F|66
33.1463414634|2|33.146|0.000|000000016750|66
33.1463414634|4|26.751|42.513|000000016752|66
30.4137931034|4|25.024|29.975|000000016756|66
26.5360824742|2|26.536|0.000|00000001675A|66
28.2857142857|3|25.902|11.361|00000001675D|66
27.1034482759|3|24.655|11.987|00000001675E|66
27.2783505155|2|27.278|0.000|000000016761|66
25.4423076923|2|25.442|0.000|000000016765|66
24.7289719626|2|24.729|0.000|000000016768|66
27.2783505155|2|27.278|0.000|000000016769|66
28.7647058824|4|31.167|81.596|00000001676D|66
25.9411764706|2|25.941|0.000|000000016770|66
26.8125|3|27.103|29.198|000000016771|66
19.9534883721|3|19.602|0.247|000000016773|66
25.9411764706|2|25.941|0.000|00000001677A|66
26.5360824742|2|26.536|0.000|00000001677D|66
25.085106383|2|25.085|0.000|000000016781|66
26.7272727273|2|26.727|0.000|000000016782|66
23.2105263158|4|22.550|0.720|00000001BB21|66
21.8473282443|11|24.555|113.742|00000001D145|66
27.9782608696|3|26.825|2.660|00000001D1D7|66
27.9782608696|3|25.433|12.957|00000001D200|66
25.4018691589|2|25.402|0.000|00000001D20D|66
27.2783505155|3|25.965|3.448|00000001D217|66
24.9357798165|5|23.824|4.622|00000001E9AF|66
28.0206185567|5|20.014|43.969|00000001E9D1|66
25.4018691589|3|21.401|32.017|00000001E9F5|66
22.4237288136|3|19.458|17.593|00000001E9FE|66
27.2783505155|3|23.342|30.995|00000001EA05|66
31.5|3|21.871|48.876|00000001EA0C|66
31.2413793103|3|25.901|57.035|00000001EA31|66
21.6302521008|5|29.996|80.887|00000001F86A|66
26.7272727273|3|25.584|2.613|00000001F874|66
25.9411764706|3|28.843|16.838|00000001F879|66
21.0697674419|5|26.900|46.568|00000001F882|66
27.2783505155|4|24.632|37.033|00000001F884|66
24.7959183673|3|26.652|6.890|00000001F88B|66
32.2682926829|6|30.828|42.598|00000001F88F|66
25.2931034483|4|31.940|48.786|00000001F892|66
25.2352941176|4|31.717|55.149|00000001F894|66
21.6964285714|4|19.776|7.622|00000001F895|66
24.7289719626|3|26.022|3.346|00000001F89A|66
19.7462686567|4|22.190|49.346|00000001F8A6|66
28.7608695652|4|29.241|82.904|00000001F8AE|66
29.7303370787|3|30.652|1.698|00000001F8B7|66
24.7289719626|3|30.055|56.738|00000001F8BA|66
25.4018691589|3|29.407|32.087|00000001F8C0|66
15.3284210526|2|15.328|0.000|000000024244|66
33.5555555556|2|33.556|0.000|00000002A812|66
25.6893203883|2|25.689|0.000|00000002A813|66
20.013986014|10|17.422|12.711|00000002BCF9|66
18.3648648649|3|16.601|6.221|00000002BD3A|66
17.2941176471|2|17.294|0.000|00000002C1F5|66
11.1176470588|2|11.118|0.000|00000002C4FD|66
21.234375|3|16.052|19.859|00000002C501|66
12.5253456221|2|12.525|0.000|00000002C507|66
