39.4925373134|2|39.493|0.000|000000015C8D|66
41.3684210526|5|32.229|121.886|000000015C8E|66
52.2692307692|2|52.269|0.000|000000015C90|66
42.46875|3|44.083|46.237|000000015C97|66
57.829787234|5|45.619|156.411|000000015C9B|66
35.75|1|35.750|0.000|000000015C9C|66
37.75|1|37.750|0.000|000000015C9D|66
38.4179104478|3|35.986|11.832|000000015C9F|66
45.1578947368|2|45.158|0.000|000000015CA0|66
50.8846153846|4|40.508|176.541|000000015CA1|66
46.4210526316|2|46.421|0.000|000000015CAB|66
36.2278481013|2|36.228|0.000|000000015CAE|66
56.2978723404|5|38.265|266.066|00000001AA3A|66
50.5830508475|2|50.583|0.000|00000001BFFC|66
10.2954545455|9|32.394|180.707|00000001EE93|66
25.6893203883|2|25.689|0.000|00000002A603|66
23.0338983051|3|19.049|31.764|00000002A604|66
22.8103448276|2|22.810|0.000|00000002A606|66
21.813559322|5|18.917|18.649|00000002B9AB|66
22.7787610619|4|17.480|30.349|00000002C2DE|66
20.671875|2|16.160|20.353|00000002C2E1|66
