35.7567567568|4|35.259|0.842|000000016124|66
56.2978723404|2|56.298|0.000|000000016125|66
43.6271186441|2|43.627|0.000|000000016126|66
45.3461538462|4|34.369|146.229|000000016128|66
32.2682926829|3|31.312|1.828|00000001612A|66
34.4417910448|2|34.442|0.000|00000001612E|66
11.025|4|31.074|134.627|000000019CF7|66
28.756097561|2|28.756|0.000|00000001C793|66
37.75|2|24.549|174.278|00000001DF58|66
57.5217391304|3|44.786|324.377|00000001DF6B|66
36.2465753425|3|32.081|34.698|00000001F307|66
38.347826087|3|38.987|0.817|00000001F308|66
21.512195122|6|16.485|20.000|00000002C3B7|66
12.6096256684|2|12.610|0.000|00000002C3BB|66
