00000001CBED,42.6913043478,1477902369
00000001CBCA,37.0528301887,1477901900
00000001CBEF,28.35,1477902403
00000001CBEA,33.9967741935,1477902328
00000001E379,37.6392857143,1477902225
00000001E35D,39.6727272727,1477901783
00000001E35E,40.4907216495,1477901738
00000001CBC3,46.7571428571,1477901751
00000001E389,42.6913043478,1477902144
00000001E384,37.0730769231,1477902409
00000001CBB5,30.925984252,1477902534
00000001CBF7,41.7829787234,1477902474
00000001E360,22.8348837209,1477901826
00000001E366,30.925984252,1477901802
00000001CBDB,30.0422535211,1477902126
00000001CBDC,33.0050420168,1477902134
00000001E369,32.9538461538,1477901884
00000002BC1A,15.5023255814,1477901728
00000001E38A,35.7107142857,1477902183
00000002BC20,14.2304347826,1477902163
00000002BC23,11.2862068966,1477902327
00000001CBD1,34.4526315789,1477901955
00000001F4E4,36.6935779817,1477902085
00000002C0CF,15.0482758621,1477902458
00000001E37A,30.4465116279,1477902294
00000001CBE6,28.7741007194,1477902264
00000001CBC7,32.9538461538,1477901865
00000001CBE2,33.8210526316,1477902194
00000001CBE9,35.3724770642,1477902314
