00000001D223,27.6591549296,1477914627
00000001D224,18.8660377358,1477914670
00000001D22E,27.1521126761,1477914686
00000001D22D,41.2329896907,1477914659
00000001D254,47.2675324675,1477914947
00000001E9D9,41.9086956522,1477914601
00000001D250,29.8327868852,1477914948
00000001D27A,33.8210526316,1477915203
00000002BD6D,15.9296137339,1477915210
00000001F8A1,28.1661971831,1477914867
00000001F8A5,30.4465116279,1477915286
00000001F8A7,35.0842105263,1477914894
00000001D246,24.2444444444,1477914869
00000001D243,38.5058823529,1477914829
00000001EA1C,25.5038961039,1477915021
00000001EA09,20.5633507853,1477915391
00000001D279,36.6935779817,1477915198
00000001D273,28.8794117647,1477915176
00000001D274,17.5339285714,1477915227
00000001D1D6,29.4797202797,1477914711
00000001D21D,26.7183673469,1477914600
00000001D21F,26.3597315436,1477914617
00000002BD5F,17.2396551724,1477914696
00000001EA2D,30.3590551181,1477915175
00000001EA2B,23.5185628743,1477915134
00000001D266,35.0842105263,1477915083
00000001F864,27.1521126761,1477914644
00000001F8B4,23.3785714286,1477914987
00000001EA3F,34.9961538462,1477915246
00000001EA24,28.3659574468,1477915099
00000002C1FE,13.9772241993,1477915095
00000001D236,33.5692307692,1477914708
00000002C1EB,15.324137931,1477914967
00000001D283,33.5692307692,1477915271
00000001D23F,23.2402366864,1477914826
00000001D282,28.2561151079,1477915275
00000001D280,33.5692307692,1477915243
00000001F89D,38.5058823529,1477914775
00000001D287,44.1303370787,1477915295
00000002BD67,15.3421875,1477914971
00000002BD63,12.4291139241,1477914846
00000001E9C2,38.5058823529,1477914817
00000001F898,26.775,1477914770
00000001D238,23.5185628743,1477914758
00000001F890,27.275,1477914617
00000001F896,25.0165605096,1477915175
00000002BD74,18.0165137615,1477915304
