00000001D529,38.5058823529,1477925627
00000001D507,37.3794392523,1477924972
00000001ED0B,45.1448275862,1477925583
00000001D501,38.5058823529,1477925318
00000001D524,36.0336448598,1477925437
00000001D503,45.9,1477924898
00000001FA7C,36.7065420561,1477925238
00000001FA74,39.2117647059,1477924878
00000002BDF7,13.2689189189,1477924918
00000002BDF5,10.3086614173,1477924881
00000002BDF2,14.2418918919,1477925135
00000001ECF6,49.7164556962,1477925183
00000001ED01,35.0678571429,1477925378
00000002BDF9,10.5297587131,1477925440
00000001D51F,25.0363636364,1477925368
00000001D51B,38.2639175258,1477925286
00000001D518,37.7653846154,1477925273
00000001FA5A,13.6850174216,1477924872
00000001D50C,40.4907216495,1477925126
