00000001CBCA,37.0528301887,1477901900
00000002C0C0,16.4592592593,1477901432
00000001CBCD,45.1448275862,1477901931
00000001E379,37.6392857143,1477902225
00000001E35D,39.6727272727,1477901783
00000001E35E,40.4907216495,1477901738
00000001E35B,29.3104477612,1477901697
00000001CBAE,37.7653846154,1477901485
00000001E339,37.7653846154,1477901411
00000001E389,42.6913043478,1477902144
00000002BC15,11.8727793696,1477901506
00000001CBB1,46.7571428571,1477901541
00000001CBB4,24.2444444444,1477901624
00000001CBB7,30.3590551181,1477901625
00000001CBD1,34.4526315789,1477901955
00000001E345,39.5608695652,1477901510
00000001CBBA,25.1547169811,1477901692
00000001E360,22.8348837209,1477901826
00000001E366,30.925984252,1477901802
00000001CBDB,30.0422535211,1477902126
00000001CBDC,33.0050420168,1477902134
00000001E369,32.9538461538,1477901884
00000001F4BA,23.2402366864,1477901415
00000002BC1A,15.5023255814,1477901728
00000001E38A,35.7107142857,1477902183
00000001F4E4,36.6935779817,1477902085
00000001CBA7,32.193442623,1477901410
00000001CBC3,46.7571428571,1477901751
00000001CBC7,32.9538461538,1477901865
00000001CBE2,33.8210526316,1477902194
