00000001EFB5,21.0032085561,1477871209
00000001C1C8,31.1714285714,1477871228
00000001C1C9,27.6591549296,1477871554
00000001C1C7,33.8586206897,1477871215
00000001C216,40.4,1477871940
00000001C210,31.7230769231,1477871909
00000001C1F0,25.0165605096,1477871637
00000001C1EC,23.6337662338,1477871602
00000001D930,30.925984252,1477871512
00000001D913,27.6591549296,1477871210
00000001D910,36.0336448598,1477871325
00000001D917,26.1411764706,1477871354
00000001C1E4,37.3794392523,1477871496
00000001D95C,34.4526315789,1477871790
00000001C1F4,26.7183673469,1477871688
00000001C1D8,42.6913043478,1477871346
00000002BEB2,10.3616580311,1477871733
00000001C1BF,37.7653846154,1477871121
00000002BA14,16.6191780822,1477871457
00000001EFCD,27.0868965517,1477871780
00000001C1F2,38.8871287129,1477871622
00000001C208,36.0336448598,1477871852
00000002BA1B,15.6731707317,1477871750
00000001EFA1,28.2561151079,1477871652
00000002BA1E,20.2,1477871855
00000002BA1A,11.3625,1477871675
00000001C163,33.6100840336,1477871158
00000001C1E6,40.812244898,1477871505
00000001C191,27.6591549296,1477871508
00000001C202,23.6602409639,1477871848
00000001C1E0,41.9086956522,1477871444
00000001EFE5,35.0678571429,1477871689
00000001C1D3,29.847761194,1477871327
000000025444,10.7605479452,1477871148
00000001EFDC,43.4597938144,1477871568
00000001C1E8,31.6741935484,1477871521
00000001D942,46.7571428571,1477871880
00000001D943,44.3172413793,1477871594
00000002BEA2,18.0927038627,1477871105
00000001C1DB,41.7829787234,1477871385
00000001C1CF,22.4434285714,1477871317
00000001C205,23.6602409639,1477871868
00000001D93C,35.3359223301,1477871546
00000001C1E1,27.775,1477871473
