37.7653846154|8|32.693|65.776|00000001BFC9|80
26.7183673469|6|30.260|116.069|00000001C006|80
27.3446808511|5|33.154|35.926|00000001C007|80
27.6591549296|6|32.855|181.631|00000001C011|80
36.0330275229|2|36.033|0.000|00000001C01B|80
36.7065420561|2|36.707|0.000|00000001C01C|80
31.6032786885|6|32.356|105.276|00000001C01D|80
36.7065420561|2|36.707|0.000|00000001C01F|80
31.6741935484|5|36.853|31.122|00000001C020|80
29.9816793893|7|37.025|110.204|00000001C024|80
32.193442623|4|33.422|1.813|00000001C025|80
28.3659574468|3|33.482|52.349|00000001C02B|80
23.148603352|2|23.149|0.000|00000001C02D|80
37.7653846154|3|33.854|30.600|00000001C02E|80
31.7230769231|2|31.723|0.000|00000001C034|80
37.5216494845|2|37.522|0.000|00000001C036|80
34.4526315789|4|30.572|20.274|00000001D73A|80
40.4907216495|5|41.931|8.769|00000001D742|80
35.0678571429|4|36.292|3.836|00000001D776|80
24.7018867925|4|34.236|104.987|00000001EE95|80
11.7982300885|3|14.170|11.252|00000002B9C7|80
19.5402985075|2|19.540|0.000|00000002B9C9|80
18.5166666667|2|18.517|0.000|00000002B9CC|80
11.3187319885|2|11.319|0.000|00000002BE52|80
15.5241106719|6|14.475|5.604|00000002C2DC|80
