28.2561151079|6|28.811|50.193|00000001C456|80
42.6913043478|2|42.691|0.000|00000001C45A|80
40.9125|7|27.008|95.135|00000001C45B|80
31.3909090909|2|31.391|0.000|00000001C45D|80
42.6913043478|6|30.725|85.421|00000001C45E|80
29.1941605839|5|26.797|47.221|00000001C461|80
18.9|2|31.471|158.037|00000001C468|80
38.8871287129|5|28.415|75.577|00000001C469|80
26.7183673469|2|26.718|0.000|00000001C477|80
41.7829787234|3|34.769|98.393|00000001C478|80
29.9322580645|3|27.241|14.485|00000001C47A|80
38.5058823529|4|31.295|53.060|00000001C47D|80
30.925984252|5|26.621|38.497|00000001C47F|80
34.4526315789|2|34.453|0.000|00000001C482|80
17.667961165|3|25.001|107.543|00000001C486|80
43.9516483516|3|35.784|133.431|00000001C487|80
29.7545454545|2|29.755|0.000|00000001C48E|80
39.7484536082|4|31.091|76.914|00000001C490|80
31.6032786885|2|31.603|0.000|00000001C492|80
32.4|1|32.400|0.000|00000001C495|80
22.0651685393|3|20.705|3.703|00000001C498|80
32.4|3|31.779|12.130|00000001C499|80
36.7065420561|2|36.707|0.000|00000001C49C|80
33.4571428571|2|33.457|0.000|00000001C49D|80
37.0730769231|5|36.775|20.483|00000001C4A1|80
28.6686131387|2|28.669|0.000|00000001C4A2|80
19.7024630542|4|27.797|103.658|00000001C4A8|80
23.9487804878|3|28.064|33.874|00000001C4AE|80
21.9758241758|2|21.976|0.000|00000001C4AF|80
38.4576923077|2|38.458|0.000|00000001C4B1|80
34.7351351351|3|37.349|13.665|00000001C4B3|80
38.7191489362|3|31.469|105.144|00000001C4B8|80
28.6308724832|3|31.614|17.793|00000001C4BB|80
36.0336448598|2|36.034|0.000|00000001C4C1|80
42.5489361702|2|42.549|0.000|00000001C4C2|80
28.6686131387|5|23.497|20.013|00000001DB70|80
36.3882352941|8|31.416|43.179|00000001DBB1|80
34.4526315789|7|32.292|30.694|00000001DBB7|80
34.1846153846|4|29.652|21.425|00000001DBC8|80
23.7882352941|6|25.864|14.112|00000001DBDF|80
29.7545454545|4|26.835|14.134|00000001DBED|80
29.7545454545|3|31.141|3.842|00000001DC03|80
23.5185628743|4|24.182|30.769|00000001DC04|80
26.7617647059|4|31.368|83.176|00000001DC16|80
34.7351351351|3|38.029|21.698|00000001DC19|80
25.7048780488|3|27.944|10.029|00000001DC1D|80
31.1714285714|3|29.778|3.884|00000001DC2B|80
31.6741935484|5|33.310|39.476|00000001F15D|80
13.0698305085|2|13.070|0.000|0000000254DA|80
16.8566523605|3|18.213|3.681|00000002BA64|80
20.0387755102|3|19.410|0.791|00000002BA99|80
16.8366812227|2|16.837|0.000|00000002BA9F|80
13.9772241993|3|14.437|0.424|00000002BAA4|80
20.1863874346|3|21.066|1.547|00000002BAA7|80
16.3395348837|2|16.340|0.000|00000002BAA9|80
11.8331360947|2|11.833|0.000|00000002BAAA|80
24.24|2|18.308|35.188|00000002C35B|80
