25.8765100671|2|25.877|0.000|00000001C9C2|80
28.7731343284|2|28.773|0.000|00000001C9CE|80
34.1846153846|2|34.185|0.000|00000001C9D1|80
29.6873239437|2|29.687|0.000|00000001C9D7|80
29.8327868852|4|33.190|22.059|00000001C9DE|80
39.7484536082|6|34.438|35.147|00000001C9DF|80
51.6789473684|3|44.927|91.167|00000001C9E3|80
32.193442623|4|28.663|12.533|00000001C9E4|80
25.9714285714|2|25.971|0.000|00000001C9E5|80
31.0046511628|2|31.005|0.000|00000001C9E7|80
28.6686131387|3|27.612|2.231|00000001C9EF|80
28.6686131387|3|30.191|4.635|00000001C9F0|80
33.5692307692|2|33.569|0.000|00000001C9F3|80
26.3597315436|2|26.360|0.000|00000001C9F4|80
34.1846153846|2|34.185|0.000|00000001C9FA|80
30.3590551181|2|30.359|0.000|00000001C9FB|80
42.6620689655|2|42.662|0.000|00000001C9FD|80
32.193442623|6|33.030|38.353|00000001E153|80
29.2090909091|8|35.464|84.535|00000001E15A|80
30.4465116279|4|30.724|0.677|00000001E15B|80
20.0387755102|5|26.372|27.415|00000001E169|80
39.9711340206|4|37.642|9.121|00000001E179|80
34.9961538462|7|32.235|6.774|00000001F3CC|80
32.193442623|4|35.427|41.733|00000001F3D0|80
23.0360655738|4|20.167|9.614|00000002BBAD|80
19.8363636364|2|19.836|0.000|00000002BBB3|80
21.1161290323|2|21.116|0.000|00000002C04E|80
13.4214765101|4|14.809|3.487|00000002C050|80
13.4214765101|3|12.746|0.913|00000002C058|80
12.2355140187|3|13.447|2.934|00000002C05B|80
