43.9516483516|7|36.726|63.858|00000001C629|80
40.4907216495|3|38.510|7.847|00000001C62A|80
34.4526315789|7|29.570|55.367|00000001C63A|80
11.6201183432|5|26.924|172.141|00000001C63B|80
29.6873239437|4|39.625|98.792|00000001C63C|80
26.901369863|2|26.901|0.000|00000001C649|80
38.9454545455|4|36.707|6.413|00000001C652|80
14.4389891697|3|24.197|190.454|00000001C654|80
38.0146788991|4|38.785|66.092|00000001C657|80
25.5038961039|2|25.504|0.000|00000001C65C|80
33.0050420168|3|35.273|10.284|00000001C660|80
41.9086956522|2|41.909|0.000|00000001C665|80
11.1112391931|7|27.762|201.238|00000001DDA6|80
24.7018867925|9|28.797|131.446|00000001DDBE|80
22.5724137931|3|22.773|0.080|00000001DDC5|80
23.9487804878|4|30.761|47.208|00000001DDD5|80
37.7653846154|6|34.515|9.115|00000001DDDB|80
31.6305343511|4|32.232|3.496|00000001DDEC|80
20.9543478261|4|27.066|37.348|00000001F236|80
22.5724137931|4|33.647|156.006|00000001F23A|80
10.7605479452|2|10.761|0.000|0000000259BE|80
10.7605479452|2|10.761|0.000|0000000259C8|80
24.5374233129|2|24.537|0.000|00000002BAF4|80
19.9791469194|2|19.979|0.000|00000002BAF9|80
14.9163934426|4|14.179|0.545|00000002BF93|80
