28.6686131387|14|33.662|97.090|00000001CB41|80
29.847761194|6|30.080|126.118|00000001CB84|80
21.6642857143|3|28.172|84.692|00000001CB85|80
34.4526315789|2|34.453|0.000|00000001CB90|80
41.7829787234|3|38.934|16.235|00000001CB91|80
19.9978021978|3|28.171|133.599|00000001CB97|80
34.1846153846|7|31.175|71.893|00000001CB99|80
27.275|1|27.275|0.000|00000001CBA1|80
33.0050420168|4|32.988|5.039|00000001CBA2|80
32.193442623|3|38.462|78.597|00000001CBA7|80
37.7653846154|3|36.549|2.960|00000001CBAE|80
46.7571428571|2|46.757|0.000|00000001CBB1|80
30.3590551181|2|30.359|0.000|00000001CBB7|80
38.5058823529|6|35.089|128.688|00000001E305|80
23.2265060241|3|22.544|0.931|00000001E310|80
20.5128712871|3|21.331|1.338|00000001E31B|80
38.5058823529|4|32.482|137.587|00000001E324|80
30.4465116279|3|33.119|14.286|00000001E336|80
37.7653846154|3|36.240|4.652|00000001E339|80
21.7830508475|4|27.025|27.480|00000001E343|80
39.5608695652|4|35.763|30.494|00000001E345|80
23.2402366864|6|32.557|49.864|00000001F4BA|80
10.5252631579|2|10.525|0.000|000000025AA1|80
11.8727793696|2|11.873|0.000|00000002BC15|80
17.4461538462|3|18.495|2.201|00000002C0B3|80
16.3918032787|3|16.558|0.055|00000002C0B8|80
15.324137931|4|15.527|0.063|00000002C0BA|80
15.7734939759|3|15.316|0.419|00000002C0BC|80
12.9436893204|4|13.369|2.002|00000002C0BD|80
15.2076045627|4|16.618|11.698|00000002C0BF|80
16.4592592593|3|14.549|7.294|00000002C0C0|80
