36.0336448598|2|36.034|0.000|00000001C67B|80
22.9862068966|7|30.649|48.808|00000001C689|80
35.7107142857|4|32.637|73.171|00000001C68C|80
43.9125|3|34.033|96.508|00000001C691|80
29.4320610687|4|28.831|25.324|00000001C692|80
31.6032786885|5|33.736|23.811|00000001C696|80
28.2561151079|3|29.702|4.179|00000001C699|80
30.3590551181|4|37.183|54.666|00000001C69B|80
26.5664233577|4|30.042|17.708|00000001C6A8|80
30.3590551181|2|30.359|0.000|00000001C6A9|80
30.4229508197|5|31.165|0.622|00000001C6AB|80
26.0513513514|2|26.051|0.000|00000001C6AF|80
28.6686131387|2|28.669|0.000|00000001C6B0|80
30.328057554|3|30.875|0.599|00000001C6B4|80
36.7065420561|3|35.600|2.449|00000001C6B6|80
35.0678571429|2|35.068|0.000|00000001C6B7|80
22.8348837209|3|27.400|41.689|00000001DE0D|80
36.3473684211|4|37.711|22.853|00000001DE16|80
35.4153846154|3|34.403|2.048|00000001DE26|80
29.9816793893|6|31.460|14.511|00000001DE2C|80
34.1846153846|5|33.182|14.684|00000001F282|80
13.1565789474|3|14.091|1.748|00000002BAFF|80
12.1137931034|2|12.114|0.000|00000002BB0A|80
18.0165137615|4|16.917|13.689|00000002C393|80
