33.4161290323|3|33.649|0.109|00000001C04F|80
36.7065420561|5|35.043|4.594|00000001C050|80
12.197515528|5|25.272|126.329|00000001C05B|80
32.2548387097|4|30.444|11.114|00000001C064|80
14.4397058824|2|14.440|0.000|00000001C066|80
42.5818181818|3|40.914|5.562|00000001C069|80
30.925984252|2|30.926|0.000|00000001C06C|80
38.6752293578|2|38.675|0.000|00000001C070|80
28.775|4|37.781|81.294|00000001D797|80
30.925984252|4|28.180|60.831|00000001D7AD|80
31.0046511628|4|33.874|10.909|00000001D7BB|80
37.3794392523|3|37.988|0.741|00000001D7BD|80
33.8586206897|6|37.443|89.624|00000001EED2|80
11.517888563|3|12.302|1.229|00000002B9D1|80
11.1720670391|2|11.172|0.000|00000002B9D3|80
20.3502590674|3|17.477|16.508|00000002B9D5|80
19.130044843|2|19.130|0.000|00000002B9D7|80
