17.5339285714|4|24.218|65.169|00000001D274|80
33.8210526316|5|32.229|25.656|00000001D27A|80
32.9538461538|5|30.635|94.983|00000001D27F|80
33.5692307692|2|33.569|0.000|00000001D280|80
33.5692307692|2|33.569|0.000|00000001D283|80
44.1303370787|3|45.122|1.968|00000001D287|80
26.8429530201|2|26.843|0.000|00000001D290|80
30.7708029197|3|32.616|6.806|00000001D291|80
34.014953271|7|29.413|70.092|00000001D297|80
47.0195121951|2|47.020|0.000|00000001D2A2|80
11.4409495549|3|20.958|181.138|00000001D2A3|80
32.193442623|2|32.193|0.000|00000001D2A6|80
31.0935483871|2|31.094|0.000|00000001D2AC|80
29.1941605839|3|31.564|11.237|00000001D2AE|80
38.8871287129|2|38.887|0.000|00000001D2B1|80
34.3358490566|2|34.336|0.000|00000001D2B3|80
40.4907216495|2|40.491|0.000|00000001D2B5|80
29.7545454545|10|27.117|57.844|00000001E96E|80
20.5633507853|5|25.990|31.109|00000001EA09|80
34.9961538462|4|39.494|42.732|00000001EA3F|80
19.0871287129|3|19.925|1.403|00000001EA41|80
31.9965517241|8|31.350|65.451|00000001EA4B|80
29.847761194|8|31.448|106.022|00000001EA4C|80
40.6235294118|4|36.699|23.547|00000001EA51|80
29.7545454545|3|29.827|0.011|00000001EA64|80
20.780952381|5|27.851|84.939|00000001EA6A|80
39.3981308411|4|42.843|22.970|00000001EA7F|80
30.4465116279|7|23.848|48.207|00000001F8A5|80
16.8566523605|6|17.319|17.996|00000002BD34|80
15.9296137339|2|15.930|0.000|00000002BD6D|80
11.3514450867|2|11.351|0.000|00000002BD73|80
18.0165137615|2|18.017|0.000|00000002BD74|80
