00000001EB4A,39.9063829787,1477918915
00000002C23C,14.6581673307,1477918619
00000001EB4E,31.4461538462,1477918987
00000001D37D,39.9913043478,1477918943
00000001EB2B,44.7724137931,1477918512
00000001D37A,28.6351145038,1477918902
0000000257D1,10.277260274,1477918936
00000001D382,41.3393258427,1477918976
00000002BDA2,13.0007067138,1477918681
00000001D387,34.385046729,1477919068
00000001D389,47.7818181818,1477919070
00000001F980,33.7541284404,1477918698
00000002C242,17.4369668246,1477918923
00000001D369,11.9067961165,1477918775
00000001EB38,30.1573770492,1477918682
00000001EB45,27.1726027397,1477918953
00000001D36A,11.7026548673,1477918793
00000001D36C,37.187628866,1477918712
00000001D38D,34.385046729,1477919113
00000001D392,52.1,1477919214
00000002BD9D,12.775,1477919179
00000001EB61,45.7463414634,1477919145
00000002BDA5,15.7230769231,1477919014
00000001D377,33.7121495327,1477918849
00000001D376,32.85,1477918833
00000001D374,33.7541284404,1477918771
00000001EB56,46.8467532468,1477919028
00000001EB27,19.3642105263,1477918501
