00000002BBDD,11.461682243,1477896880
00000002BBDC,12.8907216495,1477896864
00000001CAAC,31.6421052632,1477897046
00000001E214,26.9870503597,1477896940
00000001E212,21.3443786982,1477897311
00000001CAAD,42.2896551724,1477897033
00000001CAAE,41.3393258427,1477897040
00000001CA93,18.8858638743,1477896779
00000001CA90,20.2153846154,1477896693
00000001CA99,35.3769230769,1477896799
00000001E220,10.7221621622,1477897244
00000002BBE2,13.6773234201,1477897063
00000001CAB7,33.4928571429,1477897318
00000001CA8F,30.2516129032,1477896652
00000001CAB3,33.1459459459,1477897222
00000001E22D,35.3769230769,1477897265
00000001E229,35.4214285714,1477897304
00000001E223,38.8941176471,1477897127
00000001CABE,37.187628866,1477897428
00000001E227,36.7764705882,1477897280
00000001E225,33.7541284404,1477897226
00000001CAA9,31.5226890756,1477897003
00000001CAA2,34.385046729,1477896891
00000001CAA3,26.8554744526,1477897162
00000001E21D,58.2260869565,1477896991
