22.2666666667|7|21.608|2.961|00000001C0EE|63
22.4622754491|3|22.014|0.401|00000001C167|63
23.1396226415|4|23.035|5.129|00000001C16F|63
19.1625|2|19.613|0.203|00000001C171|63
16.9548387097|5|22.513|53.567|00000001C173|63
22.0311377246|3|18.341|27.233|00000001C174|63
14.1554716981|3|16.305|9.237|00000001C175|63
21.5157894737|3|20.891|0.781|00000001C177|63
20.7248618785|4|23.269|23.796|00000001C178|63
21.8093023256|2|21.809|0.000|00000001C179|63
16.0663755459|3|16.544|0.456|00000001C17A|63
20.1519553073|3|20.930|1.212|00000001C184|63
18.676142132|3|20.623|7.579|00000001C185|63
22.5975903614|2|22.598|0.000|00000001C186|63
18.676142132|3|18.833|0.049|00000001C189|63
15.5240506329|2|15.524|0.000|00000001C18B|63
19.1625|6|23.500|68.905|00000001C18D|63
18.1266331658|4|19.401|1.683|00000001C18F|63
18.7875|2|19.160|0.139|00000001C191|63
14.2054054054|2|14.205|0.000|00000001C195|63
17.8574257426|3|19.676|6.617|00000001C19B|63
17.7739130435|4|19.325|2.432|00000001C19D|63
20.786440678|2|20.786|0.000|00000001C1A0|63
18.3106598985|2|18.311|0.000|00000001C1A2|63
21.3906976744|3|19.970|4.037|00000001C1A3|63
18.5818181818|3|19.315|1.074|00000001C1A4|63
19.8476190476|2|19.848|0.000|00000001C1A9|63
17.6038277512|2|17.604|0.000|00000001C1AA|63
19.1625|2|19.812|0.421|00000001C1AD|63
13.0223826715|2|13.022|0.000|00000001C1AF|63
20.4954545455|2|20.495|0.000|00000001C1B1|63
22.7111111111|3|23.223|0.523|00000001C1B4|63
18.2138613861|2|18.214|0.000|00000001C1B9|63
14.8857142857|2|14.886|0.000|00000001C1BA|63
20.956424581|2|20.956|0.000|00000001C1BC|63
16.572972973|2|16.573|0.000|00000001C1BE|63
19.3360824742|2|19.336|0.000|00000001C1C0|63
20.5541899441|2|20.554|0.000|00000001C1C1|63
19.6748663102|2|19.675|0.000|00000001C1C6|63
20.0598930481|2|20.060|0.000|00000001C1C9|63
22.0747252747|2|22.075|0.000|00000001C1CC|63
23.1555555556|2|23.156|0.000|00000001C1D0|63
19.7806451613|5|23.873|36.806|00000001D8B9|63
21.5157894737|7|25.816|45.794|00000001D8BE|63
18.4884422111|5|22.329|32.825|00000001D8D1|63
22.0311377246|5|25.084|42.411|00000001D8D4|63
22.7111111111|4|21.335|1.951|00000001D8F2|63
24.3584415584|3|28.254|30.355|00000001D8F6|63
19.4666666667|3|21.568|8.835|00000001D8F7|63
21.7978021978|3|23.742|7.560|00000001D904|63
18.9649484536|3|24.269|56.272|00000001D90E|63
20.2153846154|3|27.222|98.196|00000001D91A|63
21.8093023256|7|27.714|130.416|00000001EF89|63
12.6|4|20.386|61.788|00000001EFA5|63
18.7714285714|4|31.122|152.682|00000001EFBC|63
12.556996587|2|12.557|0.000|00000002BA01|63
10.3348314607|3|10.348|0.000|00000002BA02|63
13.0932384342|3|12.902|0.073|00000002BA03|63
14.5852941176|2|14.585|0.000|00000002BA07|63
14.6|2|14.600|0.000|00000002BA08|63
11.8302250804|2|11.830|0.000|00000002BA0D|63
16.4986547085|2|16.499|0.000|00000002BA0E|63
14.6581673307|3|13.804|1.460|00000002BEA1|63
