28.9700787402|4|30.426|19.039|00000001D32B|63
22.7111111111|4|29.180|50.564|00000001D335|63
34.385046729|6|35.135|21.839|00000001D342|63
29.0790697674|2|29.079|0.000|00000001D34C|63
39.1404255319|4|38.858|0.603|00000001D34E|63
27.9627906977|3|28.873|1.659|00000001D34F|63
27.3810218978|5|33.169|40.670|00000001D350|63
39.2086956522|2|39.209|0.000|00000001D351|63
31.6346456693|2|31.635|0.000|00000001D357|63
20.3270718232|2|20.327|0.000|00000001D366|63
37.187628866|2|37.188|0.000|00000001D36C|63
35.0579439252|2|35.058|0.000|00000001EAFB|63
47.7818181818|3|38.243|181.968|00000001EB14|63
26.4169014085|3|29.627|20.614|00000001EB1A|63
19.3642105263|5|29.900|84.587|00000001EB27|63
44.7724137931|3|39.985|45.847|00000001EB2B|63
30.1573770492|3|28.663|4.464|00000001EB38|63
21.9951219512|8|29.041|88.933|00000001F956|63
37.4538461538|5|35.162|6.750|00000001F96B|63
33.7541284404|4|35.525|3.410|00000001F980|63
10.08|1|10.080|0.000|0000000257C9|63
13.3855670103|2|13.386|0.000|00000002BD9A|63
10.4226628895|2|10.423|0.000|00000002BD9B|63
12.5142857143|2|12.514|0.000|00000002BDA1|63
18.5818181818|2|18.582|0.000|00000002C213|63
16.3221719457|3|17.051|1.061|00000002C23B|63
14.6581673307|3|15.172|0.528|00000002C23C|63
