17.4260869565|4|17.308|0.016|00000001CFAB|63
17.6823529412|2|17.682|0.000|00000001CFC0|63
12.1548387097|2|12.155|0.000|00000001D032|63
19.9956521739|6|27.737|187.850|00000001D036|63
20.786440678|5|29.466|143.694|00000001D037|63
19.3360824742|4|24.932|43.880|00000001D03B|63
14.8857142857|2|14.886|0.000|00000001D03C|63
18.8502512563|2|18.850|0.000|00000001D041|63
20.2153846154|3|19.202|2.052|00000001D042|63
19.1625|1|19.163|0.000|00000001D044|63
17.6823529412|4|15.846|8.985|00000001D04B|63
18.2138613861|2|18.214|0.000|00000001D051|63
19.570212766|3|21.176|5.155|00000001D056|63
22.1964497041|2|22.196|0.000|00000001D058|63
20.786440678|3|21.895|2.458|00000001D05D|63
21.1448275862|4|20.490|1.565|00000001D05F|63
21.3443786982|4|20.829|0.319|00000001D060|63
16.8560747664|4|18.271|5.910|00000001D061|63
19.6397905759|3|19.278|0.262|00000001D067|63
19.5375|2|20.851|1.724|00000001D06A|63
18.3106598985|3|17.610|0.982|00000001D06B|63
18.2138613861|4|17.713|5.692|00000001D06F|63
18.7875|3|20.893|2.277|00000001D074|63
20.9045454545|3|21.059|0.048|00000001D075|63
16.7464285714|3|17.835|2.370|00000001D078|63
20.2153846154|2|20.215|0.000|00000001D07A|63
20.5541899441|2|20.554|0.000|00000001D07C|63
19.4666666667|3|20.128|0.875|00000001D07F|63
20.0598930481|2|20.060|0.000|00000001D085|63
19.0285714286|2|19.029|0.000|00000001D086|63
17.2593301435|3|17.309|0.005|00000001D08B|63
19.570212766|3|20.371|1.282|00000001D08D|63
19.8197802198|2|19.820|0.000|00000001D08F|63
16.2079295154|2|16.208|0.000|00000001D090|63
21.193220339|3|20.777|0.347|00000001D091|63
19.4666666667|3|19.944|0.455|00000001D092|63
21.1448275862|3|20.479|0.888|00000001D099|63
23.1555555556|3|21.514|5.392|00000001D09A|63
17.7739130435|2|17.774|0.000|00000001D09B|63
22.0311377246|2|22.031|0.000|00000001D0A1|63
17.0333333333|2|17.033|0.000|00000001D0AB|63
16.5251101322|2|16.525|0.000|00000001D0AC|63
21.8093023256|2|21.809|0.000|00000001D0AE|63
20.6625|1|20.663|0.000|00000001D0B1|63
15.0786885246|8|19.573|46.754|00000001E78C|63
19.7725888325|8|21.075|67.100|00000001E7DE|63
17.7739130435|3|16.886|1.577|00000001E7E4|63
16.7881188119|3|17.083|0.174|00000001E7ED|63
19.1881773399|4|21.163|7.487|00000001E7EF|63
19.0632124352|3|20.433|3.754|00000001E812|63
21.1448275862|4|19.540|3.336|00000001E819|63
19.7806451613|4|19.897|1.137|00000001E82A|63
21.3906976744|3|20.507|1.562|00000001E832|63
17.1925233645|3|18.959|6.242|00000001E836|63
16.572972973|3|16.006|0.643|00000001E83C|63
18.5702970297|3|17.106|4.287|00000001E83D|63
16.6230414747|3|16.287|0.226|00000001E83E|63
21.3906976744|3|20.329|2.256|00000001E841|63
17.0150943396|3|16.727|0.166|00000001E842|63
22.852173913|3|22.187|0.886|00000001E84C|63
19.4666666667|6|19.801|12.103|00000001F74B|63
20.9045454545|5|21.152|15.293|00000001F74C|63
14.090625|5|14.923|10.792|00000002BCF9|63
13.3971428571|2|13.397|0.000|00000002BCFD|63
14.2604651163|3|16.279|8.151|00000002BCFE|63
10.395389049|2|10.395|0.000|00000002BD02|63
14.835483871|2|14.835|0.000|00000002BD05|63
16.1368421053|3|19.347|20.615|00000002BD0E|63
14.1181494662|2|14.118|0.000|00000002BD13|63
14.9142857143|2|14.914|0.000|00000002BD15|63
20.1677419355|4|17.235|13.059|00000002C1A3|63
