19.1652173913|9|19.634|2.126|00000001CEAA|63
21.1448275862|4|18.849|5.348|00000001CEFB|63
19.570212766|4|18.297|8.915|00000001CEFC|63
16.7776744186|2|16.778|0.000|00000001CEFD|63
20.0598930481|2|20.060|0.000|00000001CF01|63
21.1448275862|4|18.937|7.488|00000001CF05|63
17.7739130435|3|18.807|2.135|00000001CF09|63
16.238961039|5|18.096|6.158|00000001CF0C|63
20.3869565217|5|20.187|3.977|00000001CF0E|63
15.8907488987|2|15.891|0.000|00000001CF10|63
17.2866359447|4|19.641|6.292|00000001CF14|63
21.193220339|3|20.980|0.091|00000001CF15|63
20.3869565217|2|20.387|0.000|00000001CF16|63
21.193220339|6|21.638|26.847|00000001CF17|63
22.2666666667|4|18.787|13.624|00000001CF18|63
20.7310344828|3|20.370|0.260|00000001CF23|63
21.3136363636|2|21.314|0.000|00000001CF24|63
18.676142132|4|19.005|9.209|00000001CF26|63
22.7111111111|3|18.872|29.472|00000001CF27|63
15.7519650655|3|16.982|3.028|00000001CF31|63
19.6748663102|4|20.935|1.905|00000001CF32|63
20.610989011|3|19.978|0.801|00000001CF33|63
18.4040816327|2|18.404|0.000|00000001CF36|63
12.5142857143|2|12.514|0.000|00000001CF37|63
18.1217391304|2|18.122|0.000|00000001CF38|63
20.850867052|3|20.589|0.138|00000001CF39|63
17.8601941748|3|18.189|0.216|00000001CF3E|63
18.9649484536|2|18.965|0.000|00000001CF44|63
19.5375|1|19.538|0.000|00000001CF47|63
22.0311377246|2|22.031|0.000|00000001CF48|63
19.0416243655|2|19.042|0.000|00000001CF4B|63
21.6|2|21.577|0.001|00000001CF4C|63
20.786440678|2|20.786|0.000|00000001CF50|63
19.6043478261|2|19.604|0.000|00000001CF52|63
19.6043478261|2|19.604|0.000|00000001CF53|63
18.4884422111|2|18.488|0.000|00000001CF55|63
18.2138613861|2|18.214|0.000|00000001CF5E|63
20.1519553073|9|25.411|122.187|00000001E6A6|63
20.956424581|4|21.166|0.460|00000001E6A9|63
15.9639344262|4|16.725|0.579|00000001E6C1|63
20.7310344828|5|22.481|16.830|00000001E6C8|63
14.3159533074|3|13.522|1.262|00000001E6CA|63
19.0857142857|5|21.146|4.028|00000001E6D6|63
10.2484679666|3|13.296|18.573|00000001E6DE|63
20.5541899441|5|25.171|127.554|00000001E6E2|63
20.5541899441|4|18.890|3.373|00000001E6E7|63
22.852173913|4|22.129|0.534|00000001E6FB|63
21.9368421053|3|20.796|2.603|00000001E70F|63
18.4884422111|3|19.386|1.610|00000001E710|63
18.5702970297|9|25.920|56.920|00000001F696|63
18.4884422111|4|21.072|25.641|00000001F69A|63
18.0352941176|4|22.266|20.553|00000001F6B7|63
19.2628272251|4|22.889|42.234|00000001F6C2|63
10.5782991202|2|10.578|0.000|00000002BCC4|63
10.4625|1|10.463|0.000|00000002BCC7|63
13.4769230769|2|13.477|0.000|00000002BCCB|63
17.3547169811|3|19.025|5.578|00000002BCCD|63
17.0333333333|2|17.033|0.000|00000002BCCF|63
12.672972973|7|13.886|3.583|00000002C0E0|63
12.3463087248|5|12.760|0.245|00000002C15A|63
11.0645367412|4|13.566|9.736|00000002C15C|63
11.7546325879|3|12.574|1.342|00000002C170|63
