11.649689441|7|30.987|199.381|00000001D2AD|63
31.7172413793|3|30.001|5.893|00000001D2CE|63
26.4979591837|2|26.498|0.000|00000001D2D0|63
51.1|4|32.554|193.473|00000001D2D4|63
47.7818181818|2|47.782|0.000|00000001D2D8|63
43.9902439024|4|40.391|13.306|00000001D2DA|63
42.2896551724|3|40.610|5.639|00000001D2DD|63
29.8115702479|2|29.812|0.000|00000001D2DF|63
33.7121495327|4|34.768|6.684|00000001D2E2|63
28.9700787402|4|34.319|29.392|00000001D2E6|63
35.7148514851|2|35.715|0.000|00000001D2EB|63
36.4363636364|3|36.088|0.243|00000001D2EF|63
32.85|1|32.850|0.000|00000001D2F5|63
34.9608247423|3|33.507|4.226|00000001D2F8|63
41.3393258427|3|40.691|0.842|00000001D2FD|63
33.7121495327|2|33.712|0.000|00000001D301|63
32.2736842105|7|32.873|9.748|00000001EA9E|63
32.9052631579|3|35.807|16.845|00000001EAAC|63
39.1404255319|6|34.976|27.849|00000001EAC2|63
35.7148514851|6|34.064|51.312|00000001F915|63
14.8444444444|3|14.420|0.360|00000002BCF8|63
12.1046979866|2|12.105|0.000|00000002BD87|63
15.5651452282|2|15.565|0.000|00000002BD8B|63
13.7406593407|4|14.678|0.916|00000002C51D|63
11.6430379747|4|16.432|23.630|00000002C51F|63
