56.3625|4|47.833|72.764|00000001D3A2|63
13.0930693069|4|27.306|234.769|00000001D3A6|63
29.5672131148|3|35.578|72.263|00000001D3B1|63
47.7818181818|6|40.415|141.710|00000001D3B4|63
10.363943662|7|30.028|167.841|00000001D3BA|63
52.1|2|48.671|11.761|00000001D3C9|63
39.9913043478|3|34.090|69.647|00000001D3CA|63
36.4277227723|2|36.428|0.000|00000001D3CC|63
50.1|2|39.977|102.485|00000001D3D0|63
51.1|2|50.310|0.625|00000001D3D5|63
36.4363636364|3|36.969|0.568|00000001D3DE|63
27.0529411765|2|27.053|0.000|00000001D3E0|63
12.0583586626|11|37.064|171.653|00000001EB69|63
41.3393258427|10|37.064|152.416|00000001EB80|63
35.7357798165|3|39.305|25.478|00000001EB85|63
23.4233766234|3|29.280|68.602|00000001EB92|63
42.2896551724|5|34.682|177.954|00000001EB9E|63
44.8682926829|3|47.256|11.398|00000001EBAC|63
28.9846153846|3|32.684|27.375|00000001EBB0|63
37.8909090909|6|37.299|146.595|00000001F9BD|63
10.4024539877|3|12.311|7.283|00000002BDA8|63
14.8268774704|2|14.827|0.000|00000002BDB3|63
13.0932384342|2|13.093|0.000|00000002BDB7|63
22.6867924528|4|18.620|18.294|00000002C24C|63
19.9531914894|3|17.853|8.825|00000002C542|63
