13.0930693069|4|27.306|234.769|00000001D3A6|63
10.363943662|10|34.287|199.213|00000001D3BA|63
52.1|2|48.671|11.761|00000001D3C9|63
39.9913043478|3|34.090|69.647|00000001D3CA|63
36.4277227723|2|36.428|0.000|00000001D3CC|63
50.1|2|39.977|102.485|00000001D3D0|63
51.1|2|50.310|0.625|00000001D3D5|63
36.4363636364|6|35.191|85.363|00000001D3DE|63
10.5724137931|3|19.776|169.417|00000001D3DF|63
32.85|3|41.282|101.839|00000001D3E8|63
44.8682926829|2|44.868|0.000|00000001D3EB|63
32.0615384615|2|32.062|0.000|00000001D3F2|63
37.1636363636|2|37.164|0.000|00000001D3FB|63
37.1636363636|2|37.164|0.000|00000001D3FD|63
23.4233766234|3|29.280|68.602|00000001EB92|63
11.5987138264|7|29.146|282.692|00000001EBA6|63
44.8682926829|6|39.568|82.008|00000001EBAC|63
28.9846153846|3|32.684|27.375|00000001EBB0|63
38.9123595506|3|37.806|2.449|00000001EBBD|63
37.8909090909|6|37.299|146.595|00000001F9BD|63
12.2188925081|5|27.579|158.573|00000001F9C6|63
14.8268774704|4|15.619|2.307|00000002BDB3|63
13.0932384342|2|13.093|0.000|00000002BDB7|63
22.6867924528|5|18.079|15.807|00000002C24C|63
15.6561702128|3|15.909|0.128|00000002C256|63
15.2663900415|3|16.087|1.345|00000002C258|63
19.9531914894|3|17.853|8.825|00000002C542|63
