10.4820512821|8|26.376|108.119|00000001C6D3|63
36.0705882353|2|36.071|0.000|00000001C6D7|63
37.076635514|3|33.961|19.418|00000001C6D8|63
38.6721649485|5|34.833|57.987|00000001C6DB|63
40.5818181818|8|33.294|99.245|00000001C6E1|63
32.2736842105|3|34.777|12.536|00000001C6E2|63
35.3647058824|7|30.956|105.762|00000001C6E6|63
34.0301886792|2|34.030|0.000|00000001C6EA|63
24.6789473684|4|26.821|24.872|00000001C6ED|63
32.85|2|30.125|7.426|00000001C6F1|63
37.9298969072|2|37.930|0.000|00000001C6F2|63
36.0705882353|5|34.942|1.541|00000001C6F3|63
31.7172413793|4|35.083|106.830|00000001C6FB|63
40.5303370787|2|40.530|0.000|00000001C6FC|63
47.7818181818|3|42.950|46.687|00000001C6FF|63
24.2052631579|2|24.205|0.000|00000001C700|63
33.7541284404|3|32.804|1.805|00000001C701|63
38.6721649485|2|38.672|0.000|00000001C702|63
23.4343949045|2|23.434|0.000|00000001C705|63
27.9627906977|2|27.963|0.000|00000001C709|63
38.6721649485|2|38.672|0.000|00000001C70C|63
39.2086956522|19|31.691|100.697|00000001DE0F|63
11.8268852459|7|33.078|226.513|00000001DE56|63
30.4066115702|8|32.579|92.713|00000001DE80|63
29.0903225806|3|33.680|42.133|00000001DE85|63
37.1636363636|3|38.229|2.271|00000001DE87|63
40.7739130435|4|35.723|25.849|00000001DE8B|63
30.9176470588|6|31.465|42.582|00000001DE90|63
15.3941422594|3|15.288|0.022|00000002BB19|63
16.1035714286|2|16.104|0.000|00000002BB1B|63
11.5987138264|3|13.821|9.878|00000002BFB1|63
