21.5157894737|4|26.965|110.896|00000001C4F2|63
22.4341463415|6|27.495|37.567|00000001C4F6|63
16.2486486486|4|20.765|29.566|00000001C4F8|63
19.1625|1|19.163|0.000|00000001C4FB|63
22.6867924528|4|20.424|28.494|00000001C4FC|63
21.8093023256|3|21.329|0.462|00000001C4FD|63
14.6|4|22.397|78.461|00000001C503|63
22.0311377246|4|24.223|54.961|00000001C507|63
20.2153846154|5|22.999|29.664|00000001C508|63
16.1689655172|5|25.387|93.780|00000001C50C|63
18.4040816327|3|19.688|3.295|00000001C516|63
19.8197802198|2|19.820|0.000|00000001C51D|63
18.2138613861|3|18.087|0.032|00000001C51F|63
20.4983606557|4|20.319|20.447|00000001C520|63
21.9|2|21.900|0.000|00000001C521|63
23.1396226415|4|24.892|15.347|00000001C523|63
17.0266094421|2|17.027|0.000|00000001C525|63
16.9548387097|4|20.882|27.707|00000001C526|63
22.0311377246|2|22.031|0.000|00000001C52E|63
17.8601941748|2|17.860|0.000|00000001C53A|63
20.5541899441|2|20.554|0.000|00000001C546|63
19.5428571429|2|19.543|0.000|00000001C548|63
16.2079295154|7|23.311|81.879|00000001DB8A|63
14.5961089494|3|19.700|52.099|00000001DC6C|63
17.6038277512|4|24.097|83.940|00000001DC72|63
20.7310344828|4|22.923|7.779|00000001DC7F|63
22.1631284916|5|26.380|75.716|00000001DC80|63
17.3547169811|4|23.145|199.196|00000001DC8E|63
21.193220339|3|25.540|37.791|00000001DC90|63
15.2033057851|5|24.208|76.813|00000001DC97|63
21.3906976744|4|25.054|23.423|00000001DCA1|63
18.1266331658|3|22.939|46.317|00000001DCB6|63
16.0663755459|3|21.260|53.942|00000001DCBE|63
21.5157894737|3|27.074|61.782|00000001F18C|63
18.8502512563|5|25.442|65.123|00000001F18F|63
20.786440678|4|29.584|84.280|00000001F1A5|63
17.1287671233|2|17.129|0.000|00000001F1A7|63
19.7806451613|3|18.427|3.662|00000002BABF|63
14.0183745583|2|14.018|0.000|00000002BAC0|63
16.2590163934|2|16.259|0.000|00000002BAC5|63
13.0007067138|2|13.001|0.000|00000002BAC6|63
18.5818181818|2|18.582|0.000|00000002BAC8|63
14.5451612903|3|13.101|4.174|00000002BF33|63
