27.9627906977|6|24.942|38.106|00000001C7A2|63
41.4620689655|2|41.462|0.000|00000001C7A4|63
35.0579439252|4|34.286|41.929|00000001C7A8|63
33.7541284404|5|33.989|27.220|00000001C7A9|63
34.4146788991|3|28.466|70.784|00000001C7AF|63
26.8554744526|3|29.045|9.587|00000001C7B7|63
30.7475409836|4|28.161|6.767|00000001C7BA|63
40.7739130435|7|35.962|112.315|00000001C7BB|63
35.3647058824|2|35.365|0.000|00000001C7BC|63
36.0705882353|5|34.998|19.078|00000001C7BE|63
31.0016528926|4|28.742|7.788|00000001C7C3|63
37.6434782609|2|37.643|0.000|00000001C7CD|63
44.6571428571|2|44.657|0.000|00000001C7D9|63
41.3393258427|4|34.969|40.601|00000001DF64|63
12.7159322034|2|12.716|0.000|000000025A24|63
14.5395348837|4|13.257|1.978|00000002BB3E|63
10.221253406|2|10.221|0.000|00000002BB45|63
16.3963636364|3|16.010|0.298|00000002BB49|63
11.0486486486|2|11.049|0.000|00000002BB4B|63
12.8027303754|2|12.803|0.000|00000002BB4E|63
12.568641115|4|12.551|1.977|00000002BFE0|63
