21.3906976744|4|23.986|69.279|00000001C108|63
22.7111111111|4|25.186|31.722|00000001C145|63
18.4040816327|6|24.032|69.704|00000001C147|63
18.8858638743|3|20.209|3.503|00000001C149|63
19.2229665072|4|24.799|100.967|00000001C14C|63
24.2052631579|4|24.291|9.185|00000001C14D|63
12.1026315789|2|12.103|0.000|00000001C14E|63
21.0947368421|6|22.431|48.591|00000001C150|63
22.7111111111|2|22.711|0.000|00000001C151|63
20.3937172775|5|20.704|2.151|00000001C153|63
17.7739130435|3|18.730|1.830|00000001C157|63
18.9649484536|2|18.965|0.000|00000001C158|63
22.1631284916|2|22.163|0.000|00000001C15B|63
21.6|1|21.600|0.000|00000001C160|63
22.2666666667|5|31.168|115.885|00000001C164|63
22.4622754491|3|22.014|0.401|00000001C167|63
15.846728972|3|17.554|5.827|00000001C168|63
23.1396226415|4|23.035|5.129|00000001C16F|63
19.1625|1|19.163|0.000|00000001C171|63
16.9548387097|4|19.011|5.625|00000001C173|63
14.1554716981|3|16.305|9.237|00000001C175|63
21.5157894737|3|20.891|0.781|00000001C177|63
20.7248618785|4|23.269|23.796|00000001C178|63
21.8093023256|2|21.809|0.000|00000001C179|63
16.0663755459|3|16.544|0.456|00000001C17A|63
20.1519553073|3|20.930|1.212|00000001C184|63
18.676142132|3|20.623|7.579|00000001C185|63
22.5975903614|2|22.598|0.000|00000001C186|63
18.676142132|3|18.833|0.049|00000001C189|63
15.5240506329|2|15.524|0.000|00000001C18B|63
19.1625|2|20.373|1.465|00000001C18D|63
18.1266331658|2|18.127|0.000|00000001C18F|63
18.7875|1|18.788|0.000|00000001C191|63
14.2054054054|2|14.205|0.000|00000001C195|63
17.8574257426|2|17.857|0.000|00000001C19B|63
17.7739130435|2|17.774|0.000|00000001C19D|63
20.786440678|2|20.786|0.000|00000001C1A0|63
18.3106598985|2|18.311|0.000|00000001C1A2|63
21.3906976744|2|21.391|0.000|00000001C1A3|63
18.5818181818|2|18.582|0.000|00000001C1A4|63
19.8476190476|2|19.848|0.000|00000001C1A9|63
18.5702970297|6|20.141|21.599|00000001D886|63
18.9454545455|7|21.695|44.524|00000001D891|63
16.425|4|24.350|56.963|00000001D89C|63
22.4622754491|3|27.742|55.741|00000001D8A1|63
19.7806451613|4|24.517|43.931|00000001D8B9|63
21.5157894737|5|25.789|51.115|00000001D8BE|63
16.6479638009|3|19.657|18.110|00000001D8C9|63
18.4884422111|4|21.402|36.733|00000001D8D1|63
22.0311377246|4|22.366|16.071|00000001D8D4|63
20.786440678|6|29.346|98.803|00000001EF60|63
13.3304347826|3|13.800|0.440|00000002B9F9|63
19.6397905759|2|19.640|0.000|00000002B9FD|63
12.556996587|2|12.557|0.000|00000002BA01|63
10.3348314607|2|10.335|0.000|00000002BA02|63
13.0932384342|3|12.902|0.073|00000002BA03|63
14.6|2|14.600|0.000|00000002BA08|63
