27.8727272727|2|27.873|0.000|00000001C8F2|63
37.9298969072|3|36.187|6.078|00000001C8F6|63
33.4928571429|4|33.753|8.639|00000001C8F7|63
19.0632124352|5|24.670|52.959|00000001C8FE|63
27.4567164179|4|27.145|18.911|00000001C8FF|63
30.9176470588|3|28.812|8.869|00000001C901|63
19.5375|2|25.490|35.430|00000001C906|63
28.5209302326|2|28.521|0.000|00000001C908|63
32.9052631579|3|35.357|12.022|00000001C909|63
24.6926174497|2|24.693|0.000|00000001C912|63
33.7541284404|3|34.795|2.168|00000001C914|63
41.221978022|3|39.060|9.345|00000001C917|63
35.0579439252|3|33.664|3.887|00000001C91F|63
30.1573770492|3|36.356|76.845|00000001C920|63
33.7541284404|2|33.754|0.000|00000001C924|63
42.2896551724|4|35.773|47.513|00000001E057|63
28.5209302326|7|32.789|39.234|00000001E082|63
12.8195121951|3|18.874|73.324|00000001E0A0|63
42.2896551724|3|37.403|47.754|00000001E0BA|63
32.85|5|35.634|85.679|00000001F38D|63
10.9309090909|2|10.931|0.000|0000000255C9|63
11.4365853659|3|13.524|8.715|00000002BB8B|63
16.1757847534|3|14.737|4.141|00000002BB8C|63
18.124137931|2|18.124|0.000|00000002BB90|63
15.5898305085|2|15.590|0.000|00000002BB91|63
17.2732394366|2|17.273|0.000|00000002BFBA|63
13.7406593407|4|13.925|0.513|00000002C024|63
