33.1459459459|3|36.393|21.093|00000001CAB3|63
33.4928571429|4|29.801|39.215|00000001CAB7|63
37.187628866|4|41.705|31.275|00000001CABE|63
36.7764705882|3|35.781|1.981|00000001CAC3|63
21.6|1|21.600|0.000|00000001CAC5|63
28.0739495798|4|24.780|14.653|00000001CAC7|63
18.5702970297|2|18.570|0.000|00000001CAC8|63
39.9913043478|4|33.678|130.111|00000001CAC9|63
42.2896551724|5|38.005|13.984|00000001CACB|63
26.0936170213|3|28.796|14.603|00000001CACD|63
39.9913043478|2|39.991|0.000|00000001CAD0|63
37.9298969072|2|37.930|0.000|00000001CAD3|63
37.1636363636|2|37.164|0.000|00000001CAD5|63
39.9913043478|2|39.991|0.000|00000001CAD8|63
10.7221621622|6|26.604|139.952|00000001E220|63
33.7541284404|6|30.947|9.281|00000001E225|63
36.7764705882|4|31.864|37.019|00000001E227|63
35.4214285714|3|30.581|46.863|00000001E229|63
35.3769230769|5|35.644|10.847|00000001E22D|63
34.7094339623|7|32.285|66.511|00000001E232|63
36.0705882353|5|34.459|18.745|00000001E23D|63
35.3647058824|8|34.654|82.518|00000001E240|63
32.3663551402|4|30.817|4.320|00000001E245|63
37.9298969072|4|37.591|118.802|00000001E257|63
22.0311377246|3|26.789|45.271|00000001E25B|63
30.1573770492|5|35.882|37.008|00000001F438|63
11.8708860759|2|11.871|0.000|00000002BBE8|63
13.728358209|2|13.728|0.000|00000002BBEE|63
13.9893536122|3|14.965|1.906|00000002C07F|63
