00000000F28D,25.9578947368,1477885751
00000001897B,20.8394366197,1477886097
00000000F28B,22.8676056338,1477885956
00000000D80C,34.0137931034,1477885852
000000019CFC,30.714893617,1477885630
000000017796,37.7581395349,1477885527
00000000D7EF,26.1876106195,1477885524
00000000F2B6,41.1,1477886333
00000000D826,41.1,1477886187
00000000F2B5,36.546835443,1477886328
00000001898D,36.5333333333,1477886150
00000001DF5E,37.4582278481,1477886080
000000018966,27.1486238532,1477885590
00000000D819,31.4808510638,1477886030
00000000D832,36.0857142857,1477886313
00000000D834,32.947826087,1477886328
00000001B195,25.5103448276,1477885732
00000002AB5C,17.0068965517,1477885630
000000018974,21.0330708661,1477885836
00000001896E,21.3464788732,1477885801
000000010F2F,36.087804878,1477886325
000000010F0C,26.4880733945,1477885848
00000000D81A,28.575,1477886077
000000019CF8,11.9805668016,1477885606
000000019CED,40.9621621622,1477886193
00000000F2A9,44.1,1477886151
00000000D829,41.1,1477886218
00000000D833,37.4961038961,1477886317
00000000D7FF,36.087804878,1477885704
00000000D808,22.0835820896,1477885812
00000000D821,25.9578947368,1477886137
00000000D800,25.9578947368,1477885731
00000002B6C1,14.5730769231,1477885698
00000000D803,25.2923076923,1477885737
