00000000D90A,31.4808510638,1477889314
00000000D8FF,24.8672268908,1477889243
00000001B247,32.8,1477888701
0000000189EC,34.0137931034,1477888818
00000000D90B,41.1,1477889337
00000000D902,42.1,1477889241
000000019D8A,29.299009901,1477888835
000000017832,52.3741935484,1477888683
000000028AD7,13.0094420601,1477888642
00000000F36B,27.2377358491,1477889095
0000000189D2,37.4582278481,1477888555
000000028AD8,11.3379310345,1477888720
000000019D96,29.1636363636,1477889058
00000000F358,35.2097560976,1477889027
000000029007,16.1234042553,1477889104
00000000F370,36.4853932584,1477888899
00000000F372,21.2892086331,1477888970
00000000D8EB,22.0835820896,1477888966
00000000F35C,27.9169811321,1477888687
000000028ABE,13.3900452489,1477889160
00000000F36A,36.546835443,1477889130
00000000D8CF,34.0137931034,1477888543
0000000189DA,30.5072164948,1477888545
00000002903C,18.7291139241,1477889047
000000028ADC,11.4118577075,1477888883
0000000189E9,32.1652173913,1477888791
00000002AF03,14.5818181818,1477888596
00000000F386,29.592,1477889262
00000000F381,31.4808510638,1477889327
00000000F36C,22.0835820896,1477888906
00000000D8D5,37.4961038961,1477888615
000000014B12,25.2923076923,1477889079
00000000D8D2,37.4961038961,1477888582
000000028ADF,16.746961326,1477889201
