000000018297,23.864516129,1477865635
00000000CE70,29.299009901,1477865432
0000000104EC,27.5381443299,1477865410
00000000CE72,22.6208955224,1477865472
00000000CE53,24.2557377049,1477865128
00000000E8F5,28.3289719626,1477865694
0000000195A8,10.275,1477865815
00000000E8F9,37.4961038961,1477865744
00000000E8AF,21.8071942446,1477865210
00000000E8EF,31.4808510638,1477865627
00000000CE4F,22.4181818182,1477865390
0000000104E7,31.4808510638,1477865393
00000001A9FC,20.55,1477865485
0000000195B5,19.6408163265,1477865918
00000000CE68,24.9644859813,1477865269
00000000CE62,32.947826087,1477865189
00000001A9F7,27.0642857143,1477865389
00000002B14D,17.7263157895,1477865147
00000000CE80,33.2494382022,1477865542
00000000E8E0,36.9658536585,1477865420
00000000CE8F,29.7176470588,1477865840
000000018299,29.8909090909,1477865721
000000018295,23.6655737705,1477865652
00000000CE90,29.0117647059,1477865842
0000000104E4,34.8413793103,1477865582
00000001959B,38.4311688312,1477865386
00000000CE5C,34.3714285714,1477865100
