000000018516,28.3058823529,1477874235
00000000D2B8,36.087804878,1477874124
0000000109B0,25.2923076923,1477874611
000000019903,29.7176470588,1477874379
0000000198E8,21.8727272727,1477874069
00000000D2CE,37.4961038961,1477874240
00000000D300,38.3696202532,1477874590
0000000294C3,10.2757281553,1477873818
00000002AE22,14.7580110497,1477874221
00000001ACFF,21.8727272727,1477874304
00000001990A,29.4291262136,1477874315
00000001990F,36.087804878,1477874281
00000000D303,29.0117647059,1477874616
000000019935,33.2494382022,1477874508
0000000198EE,10.7330855019,1477874333
000000017433,19.7753424658,1477873908
00000000D2BB,32.1652173913,1477874144
0000000185D3,39.0162162162,1477874250
00000000ED5C,34.4093023256,1477874587
000000010953,36.087804878,1477874317
00000000D2E0,32.947826087,1477874330
0000000185FA,21.6,1477874546
00000002899E,13.958490566,1477874274
00000002899F,13.947826087,1477874276
00000002899A,17.1052023121,1477874197
0000000185E7,38.4311688312,1477874399
000000015E38,34.0137931034,1477874098
0000000185E9,42.825974026,1477874398
00000002A8B7,14.2269230769,1477873898
00000000D2A5,34.3714285714,1477874006
0000000185B4,22.5893129771,1477873962
0000000185EF,34.8413793103,1477874449
000000028EFD,16.6247191011,1477874312
000000017450,29.299009901,1477874295
000000028998,13.7,1477874144
000000028999,15.5225806452,1477874152
000000028996,21.3100671141,1477873913
0000000185F9,35.2285714286,1477874575
000000028990,15.0979591837,1477873860
00000002AA85,11.6964426877,1477874129
00000001AC3B,40.1,1477874570
00000000ED15,29.0117647059,1477874053
00000000ED16,17.2046511628,1477874140
00000000D2F5,18.9947368421,1477874578
00000000D2F6,38.9368421053,1477874540
000000016AD7,34.0137931034,1477874446
000000016AFC,35.6444444444,1477874370
000000019944,34.0584269663,1477874612
00000000D294,24.8459016393,1477873876
00000000D297,34.8413793103,1477873888
00000000D296,31.4808510638,1477873880
00000002B5D4,16.0826086957,1477874103
000000028968,13.5743119266,1477873994
0000000126B2,32.4404494382,1477874607
00000000ED0B,22.7338582677,1477874024
00000000D293,24.5064220183,1477873865
00000000ED09,32.4404494382,1477873965
00000000D2CA,41.1,1477874205
000000016ADB,30.075,1477873899
00000002898D,12.6631578947,1477873835
0000000109AB,35.2285714286,1477874517
0000000198F1,35.2285714286,1477874094
0000000198F4,23.864516129,1477874189
0000000185AB,27.1486238532,1477873889
0000000198F8,32.947826087,1477874138
00000000D2FA,33.2444444444,1477874563
00000000D2FC,41.1,1477874572
00000001992C,40.1,1477874461
00000000D2D7,36.087804878,1477874286
00000000D2D3,36.087804878,1477874250
0000000109C7,14.5773399015,1477874531
000000019920,36.087804878,1477874431
0000000185A4,28.2804123711,1477873843
0000000289A4,12.2338983051,1477874506
00000001DA61,26.9831775701,1477873815
0000000289A0,19.3411764706,1477874299
0000000289A1,12.9789473684,1477874435
00000001C258,33.3098901099,1477874170
00000000ED2E,32.1652173913,1477874275
00000000D2EE,31.8193548387,1477874461
00000000D2ED,33.2494382022,1477874458
0000000185BF,30.5072164948,1477874027
00000000ED28,32.5186813187,1477874205
0000000198D9,38.9368421053,1477873967
0000000198D7,29.0117647059,1477873915
0000000198D2,29.0117647059,1477873940
000000028F01,11.9322580645,1477874346
000000017497,47.7290322581,1477874641
