000000018224,35.2097560976,1477862564
00000000CDF8,10.3937743191,1477863145
00000000CDE2,35.2097560976,1477863111
00000001BF4D,48.4656716418,1477862788
00000001954F,44.1671641791,1477863006
0000000288A0,11.438490566,1477862906
00000000CDFA,47.3625,1477863092
00000001216B,50.1559322034,1477862437
00000000E844,44.1671641791,1477863022
00000000CDDD,36.9658536585,1477862634
000000018233,36.0857142857,1477862966
00000000CDB7,32.8,1477862614
00000000CDD3,30.0134831461,1477862535
00000001955C,47.7290322581,1477863187
00000000CDCE,36.4,1477862439
