00000000DC4E,29.8909090909,1477900789
00000000DC4C,39.9891891892,1477900763
000000019FF1,32.1652173913,1477901303
000000018C07,38.7219512195,1477900943
000000018C21,47.7290322581,1477900733
00000000F74D,33.1862068966,1477901224
000000018C47,23.4315789474,1477901280
00000000F74C,29.7176470588,1477901270
00000000DC36,30.5072164948,1477900564
000000018C3B,29.1461538462,1477901228
00000000DC32,35.2285714286,1477900524
00000000F732,10.7731343284,1477901045
000000029107,15.7770491803,1477901129
00000002B772,12.2225806452,1477900646
00000000DC45,32.4404494382,1477900681
00000000DC39,32.8,1477900588
00000000DC51,35.8434782609,1477900845
000000019FE8,29.7176470588,1477901103
00000001E302,30.5072164948,1477900935
000000018C1A,29.0117647059,1477900642
00000000DC3D,21.3464788732,1477900669
000000017A70,31.8352941176,1477901042
000000017A4E,34.6909090909,1477900522
000000018C2D,36.546835443,1477900928
00000002B33C,12.4740740741,1477901118
00000000F746,33.2494382022,1477901147
00000000DC60,46.2375,1477900997
00000000DC62,22.0835820896,1477901052
00000000DC42,29.0117647059,1477900664
000000011385,33.2494382022,1477901037
