32.1652173913|2|32.165|0.000|00000000E6F5|46
37.4582278481|6|42.020|47.706|00000000E6FB|46
41.1|1|41.100|0.000|00000000E701|46
32.5756097561|2|32.576|0.000|00000000E706|46
41.1|1|41.100|0.000|00000000E70F|46
45.2417910448|2|45.242|0.000|00000000E713|46
29.8909090909|2|29.891|0.000|0000000102F6|46
42.1|2|40.753|1.815|0000000102FD|46
36.087804878|4|36.110|14.409|000000010305|46
32.1652173913|3|24.784|108.974|000000010309|46
30.5072164948|4|33.039|7.309|00000001200D|46
12.3815899582|6|33.199|252.008|000000015B4F|46
37.4961038961|3|37.294|0.082|000000018192|46
48.8903225806|8|39.825|128.119|00000001A8A1|46
35.2097560976|7|37.236|110.972|00000001A8A6|46
10.2747330961|4|13.832|12.893|000000029389|46
