42.1|1|42.100|0.000|00000000E48B|46
27.6560747664|2|27.656|0.000|00000000E48D|46
29.7176470588|3|31.597|7.063|00000000E48E|46
35.2285714286|2|35.229|0.000|00000000E49C|46
21.6|2|30.875|86.018|00000000E4A0|46
32.1652173913|2|32.165|0.000|00000000E4A1|46
36.9658536585|3|32.319|43.180|00000000E4A3|46
42.1|4|37.397|8.826|00000000E4A5|46
36.087804878|2|36.088|0.000|00000000E4A7|46
38.4311688312|2|38.431|0.000|00000000E4AB|46
10.6147058824|3|14.541|30.827|00000000E4AC|46
37.4582278481|2|37.458|0.000|00000000E4B3|46
35.2285714286|2|35.229|0.000|00000000E4C0|46
32.1652173913|2|32.165|0.000|00000000E4C1|46
31.3826086957|3|32.791|3.969|00000001008E|46
31.4808510638|4|30.358|1.320|0000000100AD|46
41.1|3|34.127|25.520|000000011CF8|46
41.1|2|33.655|55.424|000000011D18|46
14.1588516746|4|25.023|122.285|000000011D28|46
31.4808510638|3|30.046|4.115|000000019241|46
32.1652173913|4|27.182|63.758|000000019245|46
27.7615384615|4|33.934|64.075|00000001924F|46
27.7615384615|5|30.308|8.949|00000001A691|46
24.2557377049|4|27.921|14.696|00000001A694|46
33.1862068966|4|33.494|7.850|00000001A6A6|46
25.3263157895|9|33.156|80.909|00000001BC46|46
19.497810219|8|32.956|140.871|00000001F93D|46
15.7404255319|2|15.740|0.000|000000028D4E|46
12.7361344538|4|13.628|6.474|0000000292C5|46
11.7157894737|3|13.256|4.746|00000002B0BE|46
17.7128834356|6|15.598|5.858|00000002B45A|46
11.6137931034|6|14.930|18.700|00000002BD80|46
