42.1|2|41.829|0.073|00000000E720|46
36.9658536585|3|38.075|2.463|00000000E724|46
19.4684210526|3|26.317|93.817|00000000E72A|46
34.5130434783|2|34.513|0.000|00000000E72C|46
11.4254826255|4|24.180|168.317|00000001031D|46
39.9891891892|3|37.486|12.536|00000001032D|46
24.6769230769|3|34.628|198.061|00000001032E|46
46.5677419355|5|42.829|16.026|00000001203F|46
41.1|3|46.531|54.748|000000013DDB|46
36.087804878|4|42.255|38.644|00000001A8C6|46
39.1228915663|5|43.392|18.991|00000001BE61|46
10.9826086957|3|11.024|0.003|00000002B4F9|46
