34.5130434783|2|34.513|0.000|00000000DC89|46
38.4311688312|4|39.672|11.594|00000000DC8C|46
32.1652173913|2|32.165|0.000|00000000DC8D|46
31.4808510638|4|36.988|30.967|00000000DC91|46
20.3908396947|2|20.391|0.000|00000000DC9E|46
28.4538461538|3|28.342|0.025|00000000DCA2|46
37.4582278481|2|37.458|0.000|00000000DCA4|46
32.4404494382|2|32.440|0.000|00000000DCA7|46
51.9157894737|2|51.916|0.000|00000000DCB2|46
40.9621621622|2|40.962|0.000|00000000DCB4|46
24.0585365854|2|24.059|0.000|00000000DCB5|46
27.825|2|27.825|0.000|00000000DCB7|46
37.4961038961|2|37.496|0.000|00000000F765|46
41.1|2|33.036|65.020|00000000F767|46
29.7176470588|7|31.273|92.085|00000000F777|46
24.4561983471|3|27.752|21.730|00000000F786|46
32.1652173913|3|30.443|5.929|00000000F79D|46
33.2494382022|11|33.915|52.963|00000001138C|46
24.06|4|29.500|31.536|0000000113FF|46
31.5310344828|4|34.067|18.422|000000011420|46
23.864516129|3|27.101|20.946|000000011423|46
32.1652173913|4|34.339|4.798|000000011433|46
41.1|9|34.038|96.236|000000014F01|46
20.6204081633|7|31.852|192.187|000000018C42|46
29.8173913043|3|32.797|17.761|000000018C68|46
28.4538461538|8|33.721|82.477|00000001CBAB|46
14.1588516746|2|14.159|0.000|000000028B98|46
15.6210526316|2|15.621|0.000|000000028B9B|46
17.1052023121|2|17.105|0.000|000000028B9E|46
15.332642487|3|15.177|0.048|000000029113|46
18.8273291925|2|18.827|0.000|00000002ABDC|46
16.6247191011|4|16.288|0.958|00000002B345|46
