25.9578947368|7|29.588|90.396|00000000DD37|46
36.0857142857|2|36.086|0.000|00000000DD6A|46
26.4214285714|2|26.421|0.000|00000000DD6F|46
32.88|1|32.880|0.000|00000000DD72|46
34.0137931034|3|30.816|20.451|00000000DD7D|46
23.6655737705|2|23.666|0.000|00000000DD81|46
42.8869565217|2|42.887|0.000|00000000DD84|46
38.4311688312|3|30.321|131.557|00000000DD89|46
38.3696202532|5|30.589|125.765|00000000DD8B|46
22.3605633803|2|22.361|0.000|00000000DD91|46
24.0440366972|2|24.044|0.000|00000000DD97|46
36.0857142857|2|36.086|0.000|00000000DD9E|46
31.4808510638|3|30.982|0.497|00000000DDA5|46
30.075|2|30.075|0.000|00000000DDAC|46
21.4978723404|2|21.498|0.000|00000000DDB1|46
34.5130434783|2|34.513|0.000|00000000DDBE|46
10.1954198473|2|10.195|0.000|00000000DDBF|46
32.1652173913|3|34.033|6.977|00000000DDC2|46
18.4829268293|2|18.483|0.000|00000000DDC3|46
34.7240506329|2|34.724|0.000|00000000DDCA|46
34.8413793103|2|34.841|0.000|00000000DDCD|46
26.4475247525|2|26.448|0.000|00000000DDCF|46
36.087804878|2|36.088|0.000|00000000DDD0|46
35.2097560976|2|35.210|0.000|00000000DDD7|46
23.1389312977|4|27.310|18.404|00000000F874|46
34.0584269663|3|30.610|23.778|00000000F892|46
30.825|3|27.927|16.796|00000000F89B|46
32.1652173913|3|30.973|2.843|00000000F8B3|46
23.3007874016|3|24.842|4.752|00000000F8BC|46
44.1671641791|3|40.893|21.440|00000000F8C2|46
39.3662337662|3|33.790|62.197|00000000F8C5|46
28.4538461538|3|28.734|0.157|00000000F8CE|46
30.5072164948|3|30.907|0.319|000000011532|46
29.0117647059|4|31.487|8.495|00000001157C|46
29.0117647059|4|27.201|47.561|000000011583|46
22.0835820896|6|26.772|37.540|000000013289|46
35.2097560976|2|35.210|0.000|000000016D5C|46
33.2494382022|3|28.737|40.721|000000017B47|46
35.2285714286|4|35.189|35.468|000000018CED|46
30.714893617|5|26.777|61.031|000000018CF6|46
18.295890411|3|18.923|0.786|000000018D12|46
35.2285714286|8|33.658|71.682|00000001A0AC|46
34.0137931034|3|33.476|0.579|00000001A0C9|46
34.0137931034|5|33.699|51.988|00000001A0DA|46
36.9658536585|5|32.891|38.151|00000001B625|46
35.2097560976|5|31.109|37.945|00000001B661|46
31.3826086957|5|33.879|26.636|00000001B668|46
14.2309859155|3|14.276|0.004|000000028BAF|46
16.2096256684|2|16.210|0.000|000000028BC2|46
12.6631578947|2|12.663|0.000|000000028BCE|46
10.4565371025|4|11.650|2.116|000000029157|46
17.8265060241|4|15.393|5.926|000000029D3B|46
15.4931937173|2|15.493|0.000|00000002AF99|46
11.4254826255|3|13.053|5.295|00000002AFA1|46
20.55|3|15.010|15.344|00000002B36B|46
11.4697674419|5|12.195|5.758|00000002B7B3|46
