27.6560747664|4|30.017|13.429|00000000E327|46
22.4181818182|2|22.418|0.000|00000000E3E3|46
24.2557377049|2|24.256|0.000|00000000E3E8|46
32.947826087|3|31.365|5.009|00000000E3EB|46
21.2892086331|3|22.775|4.418|00000000E3EF|46
43.0925373134|3|40.028|18.778|00000000E3F0|46
33.2494382022|3|32.800|0.405|00000000E3F1|46
28.4538461538|3|31.307|16.278|00000000E3F2|46
29.1461538462|2|29.146|0.000|00000000E3FB|46
31.2494845361|3|31.466|0.094|00000000E3FD|46
35.2285714286|2|35.229|0.000|00000000E40C|46
10.6732394366|2|10.673|0.000|00000000E40D|46
28.4538461538|2|28.454|0.000|00000000E40E|46
32.1652173913|2|32.165|0.000|00000000E40F|46
28.3289719626|4|33.503|30.393|00000000E41A|46
31.3826086957|2|31.383|0.000|00000000E421|46
32.1652173913|2|32.165|0.000|00000000E42D|46
21.6947368421|3|20.759|1.750|00000000FFCF|46
31.3826086957|3|26.394|49.767|00000000FFE4|46
27.7615384615|3|28.528|1.176|00000000FFF5|46
37.4961038961|3|33.161|37.580|000000010007|46
27.8091743119|3|25.385|11.758|00000001000E|46
21.2892086331|4|21.064|7.504|000000011C60|46
42.1|3|33.858|103.958|000000011C89|46
29.8909090909|4|29.115|42.781|000000013917|46
17.719760479|5|23.856|44.226|000000013954|46
24.8459016393|5|27.949|7.308|0000000139CE|46
37.324137931|7|26.390|58.057|00000001674B|46
34.0137931034|2|34.014|0.000|000000016F57|46
15.9804878049|3|18.317|10.917|0000000191C7|46
41.1|3|34.679|25.055|0000000191E3|46
53.1789473684|7|42.145|66.522|00000001BBC0|46
27.7615384615|7|33.175|26.928|00000001D1FF|46
10.5309608541|18|26.157|105.009|00000001E96A|46
21.4434782609|4|19.686|10.712|000000028D17|46
12.9789473684|2|12.979|0.000|000000028D29|46
13.5549295775|2|13.555|0.000|000000028D2B|46
14.9595854922|3|14.274|0.940|000000028D30|46
20.6937062937|3|18.949|6.088|00000002B0A6|46
25.36875|4|21.412|16.922|00000002B0AB|46
14.7145631068|6|15.930|3.495|00000002C4C2|46
