24.8672268908|2|24.867|0.000|00000000D8FF|46
42.1|4|36.434|70.643|00000000D902|46
31.4808510638|2|31.481|0.000|00000000D90A|46
41.1|1|41.100|0.000|00000000D90B|46
34.0137931034|3|30.933|18.983|00000000D90F|46
31.4808510638|2|31.481|0.000|00000000D910|46
44.1671641791|2|44.167|0.000|00000000D911|46
41.1|1|41.100|0.000|00000000D918|46
35.2285714286|3|36.198|1.880|00000000D91B|46
17.719760479|2|17.720|0.000|00000000D91C|46
24.9644859813|2|24.964|0.000|00000000D922|46
29.0347826087|2|29.035|0.000|00000000D927|46
25.3263157895|2|25.326|0.000|00000000D92A|46
36.546835443|2|36.547|0.000|00000000F36A|46
11.8945054945|4|22.632|121.570|00000000F37F|46
29.592|6|34.609|101.735|00000000F386|46
33.1862068966|3|30.535|14.054|00000000F395|46
45.1|2|34.407|114.337|00000000F39B|46
29.0117647059|3|32.801|28.711|00000000F3AE|46
48.8903225806|3|42.358|85.336|00000000F3B3|46
30.5072164948|3|35.114|42.443|000000012DC1|46
36.0947368421|3|28.472|116.201|000000017866|46
36.087804878|3|32.206|30.138|000000018A0F|46
25.9578947368|4|29.413|13.242|000000018A10|46
29.8909090909|8|28.176|58.072|000000019D9C|46
38.6571428571|8|36.243|159.669|000000019D9E|46
42.1714285714|5|39.068|29.527|00000001C88A|46
13.3900452489|5|15.309|2.619|000000028ABE|46
16.746961326|2|16.747|0.000|000000028ADF|46
15.1162303665|2|15.116|0.000|000000028AE4|46
16.1234042553|3|15.446|0.918|000000029007|46
17.2227272727|3|17.582|0.259|00000002AF10|46
