27.7615384615|2|27.762|0.000|00000000D66B|46
30.5072164948|2|30.507|0.000|00000000D671|46
34.0137931034|3|33.346|0.892|00000000D672|46
32.1652173913|2|32.165|0.000|00000000D676|46
29.0117647059|3|30.437|4.062|00000000D67A|46
36.087804878|2|36.088|0.000|00000000D681|46
37.4582278481|2|37.458|0.000|00000000D684|46
28.4275862069|2|28.428|0.000|00000000D686|46
29.1636363636|3|30.742|4.985|00000000D687|46
34.0137931034|2|34.014|0.000|00000000D69B|46
28.4538461538|2|28.454|0.000|00000000D6A1|46
27.1486238532|2|27.149|0.000|00000000D6A5|46
42.8869565217|2|42.887|0.000|00000000D6AA|46
23.4315789474|3|24.899|4.309|00000000F0F9|46
38.4311688312|9|35.330|30.665|000000010D1E|46
35.2285714286|6|33.600|55.480|000000010D6E|46
30.7034482759|3|29.697|2.026|000000018854|46
27.6560747664|4|33.323|33.140|000000018863|46
38.4311688312|4|38.475|2.923|000000018864|46
31.3826086957|4|34.734|39.124|00000001887E|46
22.1255474453|4|33.418|160.553|000000019BE7|46
45.1|3|35.865|98.218|000000019BEF|46
20.8394366197|4|34.010|199.354|000000019BF4|46
24.8672268908|4|28.951|17.230|000000019C0A|46
34.0860759494|6|34.462|96.463|00000001B079|46
32.1652173913|5|32.832|31.096|00000001B081|46
35.2097560976|8|32.284|47.229|00000001C642|46
13.5549295775|2|13.555|0.000|000000028A4B|46
10.5758241758|2|10.576|0.000|000000028A5D|46
14.5818181818|2|14.582|0.000|000000028A5E|46
11.4254826255|2|11.425|0.000|000000028A5F|46
17.1052023121|6|14.501|12.735|000000028F55|46
13.269955157|2|13.270|0.000|000000028FC5|46
12.607860262|4|14.168|6.294|00000002958D|46
11.1852398524|2|11.185|0.000|00000002AB29|46
10.275|3|13.522|13.656|00000002AE88|46
13.491588785|7|15.968|7.435|00000002B275|46
