34.0137931034|3|33.772|0.117|00000000D8CF|46
37.4961038961|2|37.496|0.000|00000000D8D2|46
37.4961038961|2|37.496|0.000|00000000D8D5|46
22.0835820896|2|22.084|0.000|00000000D8EB|46
24.8672268908|2|24.867|0.000|00000000D8FF|46
42.1|2|44.519|5.853|00000000D902|46
31.4808510638|2|31.481|0.000|00000000D90A|46
41.1|1|41.100|0.000|00000000D90B|46
35.2097560976|4|34.125|3.677|00000000F358|46
27.9169811321|3|24.842|18.910|00000000F35C|46
36.546835443|2|36.547|0.000|00000000F36A|46
27.2377358491|2|27.238|0.000|00000000F36B|46
22.0835820896|4|26.111|51.211|00000000F36C|46
36.4853932584|3|34.789|5.757|00000000F370|46
21.2892086331|3|23.958|14.240|00000000F372|46
31.4808510638|3|24.848|87.997|00000000F381|46
29.592|4|30.954|57.036|00000000F386|46
25.2923076923|6|32.850|49.408|000000014B12|46
52.3741935484|3|39.748|318.838|000000017832|46
37.4582278481|4|35.712|3.531|0000000189D2|46
30.5072164948|4|26.036|62.688|0000000189DA|46
32.1652173913|3|30.643|4.631|0000000189E9|46
34.0137931034|7|32.291|86.663|0000000189EC|46
29.299009901|5|33.986|18.358|000000019D8A|46
29.1636363636|2|29.164|0.000|000000019D96|46
32.8|7|34.891|28.679|00000001B247|46
13.3900452489|5|15.309|2.619|000000028ABE|46
13.0094420601|2|13.009|0.000|000000028AD7|46
11.3379310345|2|11.338|0.000|000000028AD8|46
11.4118577075|2|11.412|0.000|000000028ADC|46
16.746961326|2|16.747|0.000|000000028ADF|46
16.1234042553|3|15.446|0.918|000000029007|46
18.7291139241|3|16.845|7.101|00000002903C|46
14.5818181818|3|14.715|0.035|00000002AF03|46
