35.2097560976|2|35.210|0.000|00000000CDE2|46
10.3937743191|3|22.466|291.478|00000000CDF8|46
47.3625|2|47.362|0.000|00000000CDFA|46
34.0137931034|2|34.014|0.000|00000000CE00|46
21.0330708661|2|21.033|0.000|00000000CE01|46
41.1|1|41.100|0.000|00000000CE03|46
39.0162162162|2|39.016|0.000|00000000CE05|46
28.4538461538|2|28.454|0.000|00000000CE0A|46
26.1882352941|2|26.188|0.000|00000000CE0D|46
44.1671641791|2|44.167|0.000|00000000E844|46
41.1|2|42.202|1.215|00000000E872|46
36.0857142857|3|38.867|15.470|000000018233|46
26.4880733945|4|33.562|62.133|00000001823E|46
44.1671641791|5|41.706|69.499|00000001954F|46
47.7290322581|7|44.712|57.232|00000001955C|46
28.3058823529|5|38.893|78.289|00000001A9B5|46
48.4656716418|6|41.035|60.388|00000001BF4D|46
31.9366336634|7|38.614|79.742|00000001D69C|46
11.438490566|3|11.698|0.135|0000000288A0|46
14.9454545455|3|16.158|2.942|00000002B146|46
