31.5310344828|3|31.731|0.080|00000000DD0B|46
39.3662337662|2|39.366|0.000|00000000DD10|46
21.7714285714|2|21.771|0.000|00000000DD11|46
11.1667924528|2|11.167|0.000|00000000DD28|46
38.4311688312|2|38.431|0.000|00000000DD29|46
31.8|2|31.800|0.000|00000000DD30|46
40.6647887324|2|40.665|0.000|00000000DD3E|46
29.8909090909|3|29.003|1.576|00000000DD42|46
32.7340206186|2|32.734|0.000|00000000DD4B|46
29.299009901|3|30.786|4.419|00000000F7AF|46
32.4404494382|3|33.054|0.752|00000000F801|46
42.1|1|42.100|0.000|00000000F80E|46
22.4181818182|4|25.641|11.254|00000000F810|46
37.4582278481|4|35.152|38.680|00000000F812|46
39.9891891892|3|36.784|20.541|00000000F81D|46
28.4538461538|3|30.826|11.258|00000000F841|46
18.5076923077|4|25.965|79.805|0000000114C0|46
38.4311688312|3|41.811|22.850|000000015009|46
25.7785714286|3|22.075|27.431|000000017AE6|46
24.2557377049|9|31.339|26.647|000000018C7E|46
10.8257142857|4|25.543|308.851|000000018CAD|46
41.1|2|41.902|0.643|000000018CBA|46
30.5072164948|4|28.519|9.921|000000018CBF|46
29.1636363636|3|30.167|2.012|000000018CCA|46
34.0137931034|4|32.347|13.023|00000001A06C|46
25.7785714286|4|33.347|60.138|00000001A082|46
23.6482758621|6|28.904|84.176|00000001B5BE|46
28.4538461538|7|29.733|62.962|00000001B5C4|46
28.1828571429|9|32.228|33.376|00000001F526|46
11.3815384615|2|11.382|0.000|0000000226E3|46
14.3650485437|2|14.365|0.000|000000028BAF|46
11.1032967033|2|11.103|0.000|000000028BB2|46
13.5743119266|2|13.574|0.000|000000028BB7|46
11.6419354839|2|11.642|0.000|000000028BB8|46
11.1906976744|2|11.191|0.000|000000028BB9|46
14.2269230769|3|13.834|0.309|00000002913E|46
16.5639344262|3|14.587|7.816|000000029142|46
17.7128834356|3|16.275|4.135|000000029145|46
12.4336134454|4|14.018|5.584|00000002B355|46
11.7365853659|5|13.242|8.016|00000002B7A5|46
16.5931034483|9|15.413|14.085|00000002BC16|46
