36.3446808511|4|29.565|46.221|00000001F375|69
36.6275229358|4|38.051|35.727|00000001F376|69
28.8285714286|5|34.553|65.412|00000001F378|69
30.9488372093|4|32.740|14.732|00000001F37A|69
40.0965517241|3|45.539|59.235|00000001F37B|69
46.0536585366|2|46.054|0.000|00000001F37C|69
19.1695431472|4|25.150|35.870|00000001F380|69
32.4947368421|2|32.495|0.000|00000001F381|69
31.0461538462|2|31.046|0.000|00000001F383|69
23.587012987|2|23.587|0.000|00000001F385|69
32.9950413223|4|36.013|61.838|00000001F386|69
25.2|1|25.200|0.000|00000001F388|69
33.1263157895|2|33.126|0.000|00000001F38B|69
32.4947368421|3|37.137|43.098|00000001F38D|69
22.8979591837|2|22.898|0.000|00000001F38E|69
13.7590909091|3|17.503|28.031|00000002C3D2|69
24.350310559|3|22.050|10.580|00000002C3D3|69
