25.7921052632|4|29.056|12.472|00000001F289|69
33.5495798319|8|31.680|34.478|00000001F28D|69
27.0394160584|2|27.039|0.000|00000001F28F|69
43.4068965517|3|42.102|3.405|00000001F291|69
34.6205607477|2|34.621|0.000|00000001F295|69
29.8741935484|2|29.874|0.000|00000001F297|69
48.7636363636|6|38.616|61.555|00000001F299|69
30.3639344262|2|30.364|0.000|00000001F29A|69
33.1263157895|4|37.608|68.029|00000001F29B|69
25.2|1|25.200|0.000|00000001F29C|69
17.0709677419|5|30.983|157.149|00000001F2A1|69
32.4947368421|2|32.495|0.000|00000001F2A4|69
12.6541353383|5|24.151|103.820|00000001F2A5|69
30.4548387097|3|30.890|0.379|00000001F2A8|69
42.5414634146|2|42.541|0.000|00000001F2A9|69
36.6909090909|2|36.691|0.000|00000001F2AC|69
17.7295774648|8|15.619|7.944|00000002C38A|69
16.5375|1|16.538|0.000|00000002C39F|69
13.7538461538|3|16.447|14.506|00000002C3A1|69
