33.9853211009|4|28.661|28.387|00000001F191|69
37.5428571429|2|37.543|0.000|00000001F192|69
33.7178571429|7|37.447|131.146|00000001F194|69
28.7162790698|8|23.394|59.869|00000001F196|69
42.5793103448|4|40.829|26.253|00000001F197|69
30.6148760331|3|30.679|0.008|00000001F199|69
30.4548387097|2|30.455|0.000|00000001F19F|69
29.2744186047|3|27.608|5.554|00000001F1A0|69
31.6615384615|2|31.662|0.000|00000001F1A3|69
25.0964028777|4|23.816|4.045|00000001F1A4|69
26.6693877551|3|27.458|1.245|00000001F1A8|69
28.0636363636|4|31.225|102.867|00000001F1AC|69
44.1|3|33.755|99.845|00000001F1AD|69
29.7354330709|2|29.735|0.000|00000001F1AF|69
20.875862069|2|20.876|0.000|00000001F1B2|69
41.6224719101|3|35.667|70.946|00000001F1BB|69
28.0636363636|2|28.064|0.000|00000001F1C0|69
40.1744680851|2|40.174|0.000|00000001F1C5|69
44.2975609756|2|44.298|0.000|00000001F1C6|69
43.0085106383|2|43.009|0.000|00000001F1C8|69
16.2473684211|5|16.327|3.678|00000002C352|69
10.9144508671|3|13.532|13.699|00000002C370|69
20.6360655738|4|19.843|3.662|00000002C371|69
13.9263157895|2|13.926|0.000|00000002C372|69
