41.6224719101|6|35.276|77.000|00000001F2AE|69
23.3111111111|2|23.311|0.000|00000001F2AF|69
45.9797468354|5|37.360|51.956|00000001F2B0|69
46.0536585366|2|46.054|0.000|00000001F2B2|69
34.6205607477|3|34.387|0.109|00000001F2B3|69
30.3639344262|4|28.233|7.671|00000001F2B5|69
14.4746887967|7|29.806|114.972|00000001F2B7|69
29.8741935484|2|29.874|0.000|00000001F2B8|69
30.0535714286|2|30.054|0.000|00000001F2BA|69
40.2652173913|3|45.099|46.727|00000001F2C1|69
45.4247191011|2|45.425|0.000|00000001F2C4|69
10.7063583815|2|10.706|0.000|00000002C3A7|69
23.5702702703|2|23.570|0.000|00000002C3A8|69
10.7150442478|2|10.715|0.000|00000002C3A9|69
