38.1896907216|2|38.190|0.000|00000001EE54|69
41.5285714286|3|43.956|11.783|00000001EE55|69
38.1896907216|6|34.866|72.915|00000001EE56|69
31.8631578947|2|31.863|0.000|00000001EE58|69
33.4941176471|7|36.740|15.765|00000001EE59|69
25.3726027397|3|26.802|4.088|00000001EE5A|69
35.2206185567|4|40.691|70.614|00000001EE5D|69
29.7737704918|3|31.390|5.222|00000001EE5E|69
31.0461538462|2|31.046|0.000|00000001EE61|69
33.3247706422|7|33.843|5.886|00000001EE62|69
32.7245901639|4|33.114|2.689|00000001EE66|69
21.0477272727|3|24.843|28.809|00000001EE6C|69
38.9319587629|3|39.361|0.368|00000001EE6E|69
31.1294117647|2|31.129|0.000|00000001EE72|69
19.1937823834|2|19.194|0.000|00000002C2D2|69
18.4298507463|4|18.480|0.505|00000002C2D5|69
10.8315789474|2|10.832|0.000|00000002C2D7|69
