41.047826087|6|33.102|37.435|00000001F45E|69
27.5649635036|2|27.565|0.000|00000001F462|69
33.9853211009|2|33.985|0.000|00000001F463|69
46.8911392405|2|46.891|0.000|00000001F465|69
43.2455696203|2|43.246|0.000|00000001F467|69
38.1896907216|2|38.190|0.000|00000001F46B|69
21.9558139535|2|21.956|0.000|00000001F46E|69
37.3121495327|6|33.040|109.444|00000001F470|69
20.1326086957|2|20.133|0.000|00000001F471|69
31.0461538462|3|34.653|26.019|00000001F472|69
42.6130434783|2|42.613|0.000|00000001F479|69
32.1967741935|2|32.197|0.000|00000001F47C|69
11.6051118211|2|11.605|0.000|00000002C3FC|69
11.3405405405|3|13.778|11.880|00000002C3FD|69
10.7467455621|3|12.853|8.876|00000002C3FE|69
20.9965317919|2|20.997|0.000|00000002C400|69
13.8223880597|2|13.822|0.000|00000002C402|69
14.8771084337|2|14.877|0.000|00000002C403|69
21.4568181818|2|21.457|0.000|00000002C404|69
