33.9476635514|6|29.779|79.626|00000001F8A6|69
39.4826086957|2|39.483|0.000|00000001F8A9|69
38.6425531915|2|38.643|0.000|00000001F8AA|69
29.7354330709|2|29.735|0.000|00000001F8AB|69
23.3111111111|3|27.591|36.630|00000001F8AC|69
24.0535031847|2|24.054|0.000|00000001F8AD|69
42.5793103448|4|32.695|115.392|00000001F8AE|69
34.6205607477|5|31.495|53.163|00000001F8B1|69
56.3641791045|2|56.364|0.000|00000001F8B5|69
32.4947368421|4|28.301|33.389|00000001F8B7|69
40.7076923077|3|35.381|56.738|00000001F8BA|69
26.8434782609|2|26.843|0.000|00000001F8BB|69
42.5793103448|2|42.579|0.000|00000001F8BC|69
33.7178571429|2|33.718|0.000|00000001F8BD|69
37.4181818182|6|29.091|121.692|00000001F8C0|69
28.1820895522|6|30.920|45.564|00000001F8C5|69
37.0235294118|4|26.557|123.666|00000001F8CA|69
30.3639344262|4|27.681|8.316|00000001F8CC|69
48.1090909091|3|44.647|23.977|00000001F8CD|69
13.3251798561|5|28.841|250.302|00000001F8CF|69
32.7245901639|4|33.707|23.483|00000001F8D0|69
32.4947368421|2|32.495|0.000|00000001F8D1|69
27.1683453237|4|34.842|75.613|00000001F8D9|69
33.9476635514|4|33.211|40.776|00000001F8DA|69
29.2935483871|2|29.294|0.000|00000001F8DE|69
24.0535031847|3|28.286|35.822|00000001F8E1|69
29.8153846154|2|29.815|0.000|00000001F8E2|69
34.6205607477|2|34.621|0.000|00000001F8E3|69
24.3710526316|2|24.371|0.000|00000001F8E4|69
28.7162790698|2|28.716|0.000|00000001F8E5|69
30.3639344262|2|30.364|0.000|00000001F8E6|69
44.9571428571|3|41.656|21.791|00000001F8E8|69
29.7354330709|2|29.735|0.000|00000001F8EA|69
14.7585657371|2|14.759|0.000|00000002C504|69
11.3158878505|2|11.316|0.000|00000002C509|69
10.7373913043|2|10.737|0.000|00000002C50A|69
20.1636363636|2|20.164|0.000|00000002C50D|69
16.0983870968|2|16.098|0.000|00000002C50E|69
17.0709677419|2|17.071|0.000|00000002C510|69
18.7880597015|2|18.788|0.000|00000002C511|69
19.7717277487|2|19.772|0.000|00000002C514|69
27.3112781955|2|27.311|0.000|00000002C516|69
20.5256544503|2|20.526|0.000|00000002C517|69
