00000002692C|-80|1477931399
00000002692C|-67|1477931405
00000002692C|-78|1477931408
000000008310|-75|1477929864
00000002798E|-77|1477930338
00000002798E|-59|1477930341
00000002798E|-70|1477930344
000000027990|-73|1477930806
000000027990|-60|1477930809
000000027990|-70|1477930812
000000027990|-70|1477930815
000000021B23|-57|1477931053
000000021B54|-60|1477931431
000000027FD1|-65|1477929876
000000027FD1|-61|1477929882
000000027FD1|-72|1477929885
000000027FD1|-56|1477929888
000000021DA9|-69|1477932643
000000021DA9|-75|1477932658
000000021DA9|-76|1477932673
00000002822D|-83|1477929714
00000002822D|-78|1477929717
00000002822D|-88|1477929726
00000002822D|-79|1477930037
00000002822D|-74|1477930043
00000002822D|-73|1477930046
00000002822D|-68|1477930049
000000013DF0|-83|1477929905
000000013DF9|-45|1477929865
000000013DF9|-69|1477929867
000000023A30|-66|1477932038
000000023A30|-60|1477932053
000000023A30|-65|1477932068
000000015BB4|-86|1477929750
000000015BB4|-69|1477929752
000000015BB7|-89|1477929686
000000015BB7|-79|1477929688
000000015BB8|-77|1477929676
000000024006|-63|1477929977
00000002400D|-77|1477930009
00000002400D|-68|1477930024
000000016943|-65|1477929665
000000016943|-63|1477929667
000000016950|-90|1477930000
0000000242A7|-70|1477930135
0000000242A7|-57|1477930150
0000000242A7|-59|1477930165
0000000242A7|-70|1477930180
0000000242A7|-85|1477930195
0000000242A7|-67|1477930210
000000025378|-78|1477929856
000000025378|-76|1477929871
00000001D5A9|-82|1477929656
0000000257F2|-65|1477930982
000000025805|-69|1477934524
000000025805|-86|1477934539
000000025805|-64|1477934554
000000025805|-85|1477934584
000000025816|-83|1477935408
000000025816|-100|1477935423
000000025816|-87|1477935438
00000002583E|-68|1477930081
00000002583F|-55|1477930862
00000002583F|-80|1477930877
00000002583F|-72|1477930892
00000002583F|-71|1477930907
00000001EDAA|-77|1477929815
00000001EDAA|-108|1477929817
000000025CF5|-70|1477929915
000000025CF5|-89|1477929930
00000002C2BB|-93|1477930375
00000002C2BB|-76|1477930381
00000002C2BD|-74|1477929671
00000002C2BD|-76|1477929674
00000002C2BD|-71|1477929677
00000002C2BD|-75|1477929686
00000002C2BD|-79|1477930565
00000002C2BD|-83|1477930568
00000002C2BD|-72|1477930571
00000002C2BD|-76|1477930574
00000002C58C|-87|1477929886
00000002C58C|-64|1477929889
00000002C58C|-80|1477929892
00000002C58C|-64|1477929895
00000002C58C|-71|1477929898
