000000008EEA,48.8389380531,1477882878
000000008EED,32.2888888889,1477882937
000000008EEE,39.9906976744,1477882956
000000027BFB,17.4657243816,1477883056
00000002A210,12.9796526055,1477883110
000000014949,51.0935779817,1477882831
000000012BA1,42.1838709677,1477882918
00000001491A,16.9418530351,1477883085
00000001DE80,35.5836734694,1477882826
0000000148F9,18.6445945946,1477882612
000000010E0F,46.8672897196,1477882741
00000001495B,35.589261745,1477882845
000000008ED5,39.0358208955,1477882684
000000014931,17.2633663366,1477882527
000000014913,51.2823529412,1477882700
00000001DEC1,62.912195122,1477883333
000000008EDE,43.4655737705,1477882779
000000010E1C,33.3171974522,1477882890
000000008EDF,53.5636363636,1477882774
00000000A72B,13.9488,1477883102
000000010DF7,37.6316546763,1477882618
0000000160E3,49.5588785047,1477883039
000000008EFC,41.1874015748,1477883127
000000029BF0,17.852559727,1477883231
000000008EFA,35.1060402685,1477883132
00000001C6E6,15.1179190751,1477882906
000000008F02,48.2130841121,1477883172
00000001494E,17.2633663366,1477882802
000000008F06,46.1943925234,1477883262
000000014959,35.5836734694,1477882827
000000008F05,55.6468085106,1477883213
00000001497A,38.1810218978,1477883062
00000001DEAA,42.8881889764,1477882997
00000000D6E0,27.24375,1477882641
000000027BF3,15.6887573964,1477882672
000000008EF3,31.8951219512,1477883053
000000027BF8,11.5470198675,1477883017
000000012BA5,15.9730205279,1477883039
000000008EE8,27.7326633166,1477882910
000000008EE2,60.124137931,1477882780
000000008EE3,58.7730337079,1477882782
000000008EE0,40.5488372093,1477882793
000000008EE6,60.124137931,1477882816
