000000009105,37.0389261745,1477889411
000000009102,43.8519685039,1477889153
0000000090E5,39.8612903226,1477888875
0000000090E6,33.9394736842,1477888892
000000014B54,44.1321428571,1477889532
000000014B5D,48.8859813084,1477889479
0000000090E9,34.4131578947,1477888906
000000009109,18.6149466192,1477889279
0000000090FB,19.888973384,1477889142
00000000912A,43.956302521,1477889538
00000002A22F,15.9715170279,1477889150
000000009100,34.4131578947,1477889153
000000027C69,20.1627376426,1477889524
000000027C66,17.5530201342,1477889294
000000027C67,12.6653753027,1477889405
000000027C64,12.2184331797,1477889317
0000000090EE,37.1136690647,1477888962
000000016185,43.4655737705,1477889215
000000014B66,44.7076923077,1477889442
00000000911D,44.7076923077,1477889373
000000014B49,45.2526315789,1477889171
00000001E009,51.2823529412,1477889081
000000014B46,36.0734693878,1477889538
000000014B44,14.3703296703,1477889109
00000000910C,52.8363636364,1477889193
0000000090F7,50.9046728972,1477889041
000000009111,33.3171974522,1477889280
000000016178,24.8381909548,1477888933
00000001E027,46.0607142857,1477889314
000000012D90,34.4131578947,1477889331
000000014B4F,41.1874015748,1477889350
00000001F35E,31.3221556886,1477889235
0000000090D8,14.2034482759,1477888848
00000002900E,16.9418530351,1477888940
000000009104,52.8363636364,1477889153
0000000090FF,43.3512605042,1477889125
000000009103,13.8305630027,1477889289
000000014B37,40.6204724409,1477888822
000000014B30,46.7035714286,1477888820
0000000090EA,35.825,1477888917
000000014B59,16.9281553398,1477889510
0000000090EF,43.4655737705,1477888962
00000000912B,48.4105263158,1477889551
000000009121,47.9889908257,1477889437
00000001F342,48.2130841121,1477888802
