00000001473E,12.6751842752,1477878230
000000008CCE,50.5764705882,1477877941
000000027B89,12.3416267943,1477877888
000000027B85,15.6339943343,1477877777
00000001DCEC,47.9889908257,1477878358
000000008D2A,44.0923076923,1477878441
000000008D34,52.8363636364,1477878515
000000008D37,50.6311926606,1477878541
000000008D36,50.2961538462,1477878537
00000001AF12,39.3801526718,1477877993
00000001C505,40.1727272727,1477877812
000000008CFF,32.3341463415,1477878229
00000001F1AD,15.9475609756,1477877993
00000001C488,48.6495412844,1477877713
000000008CEC,10.7251559252,1477878259
000000014782,31.8444444444,1477878485
000000014781,29.7204545455,1477878486
000000014625,53.1835051546,1477877720
000000027B87,16.3253164557,1477877815
000000012977,42.6347107438,1477878365
000000008C57,15.1729411765,1477877983
000000014702,34.8868421053,1477877901
00000001DC18,13.077,1477877818
000000008CB3,50.2961538462,1477877779
00000000D4D0,33.3171974522,1477878340
000000015FC4,15.074351585,1477877972
00000000A688,13.8663316583,1477878253
000000015FF1,53.5636363636,1477878124
00000000A681,44.7076923077,1477877997
00000000A684,32.8585987261,1477878008
00000001470D,44.7076923077,1477877806
000000012946,37.6554744526,1477878329
000000008CE0,13.4123076923,1477878168
000000008CE3,14.0235924933,1477878171
00000001C55F,57.6391304348,1477878527
000000008CE5,41.1069767442,1477878045
000000008CE7,33.9394736842,1477878071
000000008CE9,39.9297709924,1477878074
00000000A69E,33.3171974522,1477878517
00000000A678,39.3801526718,1477877905
000000008D0C,44.4724137931,1477878268
00000002A18A,10.762962963,1477877902
0000000146FB,29.2223463687,1477877763
000000014768,43.2297520661,1477878266
000000008CD5,10.8,1477878176
00000000A697,43.3512605042,1477878341
00000001C546,40.6204724409,1477878362
0000000128A1,27.24375,1477877934
000000008CDB,43.4551181102,1477878014
000000008CDE,53.1835051546,1477878008
00000000A693,43.956302521,1477878309
000000008D01,29.5525423729,1477878241
000000008D02,12.5138755981,1477878376
000000008D06,14.1372972973,1477878365
000000008D09,50.5764705882,1477878234
00000000A67C,42.1838709677,1477877926
00000002A1A1,17.2633663366,1477878412
000000008CDA,35.5836734694,1477878020
000000027B9B,16.1944272446,1477878361
000000008D16,32.3341463415,1477878346
000000008CF0,26.3130434783,1477878160
000000027BA0,18.4432835821,1477878445
000000008CF2,44.7076923077,1477878119
000000008D2C,33.3171974522,1477878485
000000008CF7,12.3712230216,1477878292
000000008CF6,50.7844660194,1477878477
00000001DCF5,36.825,1477878425
000000008CB4,12.2788732394,1477877943
000000008D24,51.9882352941,1477878412
000000027B98,12.4009615385,1477878318
000000008CA6,34.1142857143,1477877713
