000000014398,56.4127659574,1477873881
00000001C2AB,41.1874015748,1477873849
00000000899A,30.411627907,1477873244
000000029AFC,20.8771653543,1477873734
000000027AE5,11.4710526316,1477873469
000000014448,37.6316546763,1477873607
0000000089A8,47.9889908257,1477873277
0000000089A1,42.8754098361,1477873253
000000027AE9,16.4817891374,1477873564
000000027AE8,11.8343891403,1477873570
0000000089A5,41.6032258065,1477873269
00000002BEB4,24.2166666667,1477873308
00000002804E,16.7118210863,1477873540
000000008927,15.8509090909,1477873752
00000002A0F0,16.6585987261,1477873617
00000002BA38,13.5512953368,1477873872
00000000892B,16.7118210863,1477873481
0000000108F2,32.2888888889,1477873564
000000015E81,46.7035714286,1477873854
0000000089AA,48.6679245283,1477873280
00000002C32C,17.2633663366,1477873368
00000001262E,51.2823529412,1477873448
000000008A13,35.5836734694,1477873961
000000012616,49.6038461538,1477873215
00000001DA0A,38.1810218978,1477873906
00000001DA97,37.6316546763,1477874027
000000014439,44.7076923077,1477873373
0000000294B0,10.9890756303,1477873817
00000000A562,46.5157894737,1477873599
00000000A565,38.4617647059,1477873672
00000000ECA3,37.6316546763,1477873822
00000001F04A,41.6032258065,1477873383
000000014424,33.3171974522,1477873846
000000014421,36.3295774648,1477873260
00000000A573,42.8754098361,1477873842
00000000A574,53.9257731959,1477873888
00000002A659,17.3780730897,1477873297
0000000089F1,25.2695652174,1477873802
00000001988D,42.8754098361,1477873760
0000000089F4,50.2961538462,1477873762
000000008977,14.987965616,1477873920
000000028055,14.491011236,1477873852
0000000108EE,41.1874015748,1477873760
000000028051,16.9831168831,1477873468
00000001D9AB,39.0818181818,1477873729
00000001AB64,12.3897196262,1477873565
00000000A563,34.325,1477873610
0000000089E9,35.1060402685,1477873724
0000000089E4,34.4337662338,1477873696
0000000089E3,31.8951219512,1477873684
00000001F071,53.9257731959,1477873467
00000001DA42,42.8754098361,1477873855
0000000089DF,26.552284264,1477873674
00000002804A,15.9243243243,1477873661
000000012660,36.8366197183,1477873533
00000000896E,11.4779220779,1477873207
0000000089C2,14.491011236,1477873523
00000001986F,34.4337662338,1477873986
0000000089D1,37.6085106383,1477873538
00000001F066,43.7186440678,1477873386
0000000089D6,13.9488,1477873697
000000008A12,50.9884615385,1477873935
0000000089FC,47.1692307692,1477873815
000000008A15,48.6495412844,1477873963
0000000089EF,34.8868421053,1477873745
000000014471,50.2961538462,1477873753
00000001449F,42.2852459016,1477874022
000000008A09,42.2461538462,1477873889
000000008A00,39.0358208955,1477873843
000000028E73,11.9424657534,1477873314
00000000A55E,40.1727272727,1477873577
0000000089CA,36.825,1477873508
000000008A0A,60.124137931,1477873884
0000000089B2,15.475739645,1477873455
0000000089B0,48.8859813084,1477873322
0000000089EA,12.9155555556,1477873862
000000008937,38.1810218978,1477873717
