00000000864D,32.4894409938,1477868594
00000000863E,11.9424657534,1477868651
000000008678,35.5836734694,1477868819
000000008672,51.9882352941,1477868778
000000008671,49.5588785047,1477868780
000000008670,44.5613445378,1477868783
000000008676,44.7076923077,1477868800
000000008674,40.5147540984,1477868791
00000000867A,45.8842105263,1477868810
00000000867F,45.2526315789,1477868829
00000000867E,50.2961538462,1477868816
00000000A3F6,41.1874015748,1477868760
00000001412F,33.4987012987,1477868911
00000001412C,42.1838709677,1477868902
000000008644,39.6272727273,1477868551
000000029400,19.2466431095,1477868407
000000008623,41.6032258065,1477868119
000000008629,37.6554744526,1477868240
0000000105F8,33.3171974522,1477868375
00000000863D,41.2636363636,1477868495
000000008657,36.604379562,1477868625
000000029A43,14.0381443299,1477868254
000000008634,45.8842105263,1477868363
00000000865D,48.8859813084,1477868647
000000008631,48.8859813084,1477868325
00000001C062,41.7543307087,1477868789
00000001D7C0,39.5731343284,1477868897
00000000862F,38.1810218978,1477868319
000000021524,16.0690909091,1477868110
000000012314,51.9882352941,1477868105
000000012312,46.7035714286,1477868328
000000008688,45.3230769231,1477868885
000000027A26,16.1944272446,1477868470
000000027A27,12.6653753027,1477868138
00000001232B,40.1727272727,1477868241
000000027A2D,17.0941176471,1477868688
000000027A2E,19.8136363636,1477868669
0000000140F7,51.9882352941,1477868256
0000000140F5,45.2526315789,1477868442
000000008693,51.2823529412,1477868928
000000014071,47.3464285714,1477868240
000000027A33,18.5412587413,1477868746
000000027A34,16.2953271028,1477868767
00000000866E,50.2961538462,1477868767
00000002C2DC,16.1944272446,1477868823
000000014102,45.3230769231,1477868433
000000014104,36.0788321168,1477868470
000000015CC1,36.8366197183,1477868512
000000015CC2,22.4497854077,1477868672
00000001961F,16.12125,1477868194
00000001411F,39.0358208955,1477868740
000000015CBA,41.1874015748,1477868330
000000008661,48.8859813084,1477868695
00000000A3F4,50.2961538462,1477868786
00000000861A,38.4617647059,1477868434
000000015CB8,35.5836734694,1477868819
00000001410E,51.2823529412,1477868840
00000001233E,14.8602272727,1477868759
000000008669,46.7035714286,1477868742
000000008667,46.5157894737,1477868735
