00000000885A,11.8343891403,1477871585
000000018426,43.3512605042,1477871429
00000000A4D1,47.3464285714,1477871892
000000014313,14.1372972973,1477871742
000000014256,41.1874015748,1477871423
000000008849,43.956302521,1477871510
00000001431B,38.9911764706,1477871607
00000001D904,48.6495412844,1477871858
00000001C17D,35.093877551,1477871338
00000002A637,11.2732758621,1477871172
000000027A78,17.852559727,1477871367
000000027AAB,16.4490566038,1477871663
000000015DC3,40.5488372093,1477871731
00000000A4AA,31.456097561,1477871108
00000000A4AB,43.4551181102,1477871652
000000008869,37.3436619718,1477871709
000000008867,46.7035714286,1477871509
0000000088A4,45.2526315789,1477871876
00000001434C,41.1874015748,1477871875
0000000088A0,30.9555555556,1477871865
0000000142D3,11.5982261641,1477871385
00000001EFC1,56.0739130435,1477871460
0000000087A9,10.9995735608,1477871198
0000000142DA,45.3230769231,1477871211
0000000107D5,46.7035714286,1477871670
000000014346,50.2961538462,1477871843
0000000088AB,46.7035714286,1477871935
00000001427E,33.0692307692,1477871226
000000008878,54.8808510638,1477871582
000000015DA1,12.6961165049,1477871727
000000008871,44.7076923077,1477871563
000000008873,11.3220779221,1477871746
000000008872,46.7035714286,1477871564
000000008875,41.1874015748,1477871585
00000001C1AF,44.7076923077,1477871712
0000000183F1,53.9257731959,1477871121
00000000881A,15.7353115727,1477871145
00000000889D,36.8366197183,1477871851
00000001EFD0,49.9272727273,1477871621
000000012491,34.325,1477871249
000000027AA2,13.2958762887,1477871513
00000001D936,47.9889908257,1477871848
000000008884,50.5764705882,1477871660
000000008888,40.5147540984,1477871698
0000000142F6,33.9662337662,1477871407
00000000A4CD,44.0923076923,1477871582
00000000A4C6,53.1835051546,1477871464
00000002802B,12.2214953271,1477871252
000000008847,37.9043478261,1477871742
00000000888D,28.4931818182,1477871763
00000001EFE6,48.6495412844,1477871809
00000001ABBF,43.2297520661,1477871432
0000000124E8,34.6228187919,1477871361
00000001EFDB,35.1060402685,1477871675
000000014320,16.0710280374,1477871719
000000027AAF,24.2197183099,1477871728
000000008870,13.1758186398,1477871706
00000000B785,41.1874015748,1477871183
000000028037,19.5409090909,1477871374
00000002801B,18.7714285714,1477871345
00000000A4B5,39.5731343284,1477871905
00000000A4B4,11.5028199566,1477871417
00000001ABED,47.3464285714,1477871866
000000015DD7,45.8842105263,1477871893
0000000142CC,39.9297709924,1477871183
0000000124D8,44.1321428571,1477871325
0000000124D5,40.1727272727,1477871257
000000008828,50.5764705882,1477871119
00000001D8B9,23.4336448598,1477871318
00000001430E,35.5836734694,1477871913
00000000A4C4,11.0587737844,1477871642
000000008824,35.6,1477871121
00000002C30D,10.3348314607,1477871424
00000000882D,33.9394736842,1477871154
000000027A95,14.693258427,1477871202
000000014301,43.2297520661,1477871657
000000029A52,19.888973384,1477871267
000000008836,47.9889908257,1477871171
00000002A613,10.6807453416,1477871559
