000000012218,42.0857142857,1477864965
000000008503,41.6032258065,1477864965
000000013F96,48.2130841121,1477865321
0000000084F8,64.0137931034,1477864807
000000008522,41.6032258065,1477865278
000000008546,43.4655737705,1477865625
000000008541,60.9517241379,1477865525
00000001D6F3,52.1090909091,1477864863
00000000A372,33.9662337662,1477865566
0000000104C5,39.0818181818,1477865314
00000000851F,17.852559727,1477865325
0000000084EF,26.9628865979,1477865108
00000000A36B,50.2961538462,1477865482
000000008518,33.9662337662,1477865156
000000008517,48.2130841121,1477865131
000000013FBA,45.6099173554,1477865123
00000000A360,38.4985074627,1477865150
000000008534,39.6272727273,1477865384
00000001BFB2,53.9257731959,1477865579
00000000852B,42.1838709677,1477865320
000000027FEA,14.4099173554,1477865298
000000008513,17.5530201342,1477865210
000000008531,37.3436619718,1477865378
0000000084FC,46.0607142857,1477864888
00000001EE51,52.8363636364,1477864991
000000013FA7,38.4985074627,1477864996
00000000850B,44.7076923077,1477865052
00000000850E,56.8565217391,1477865466
0000000084FE,46.7035714286,1477864901
