000000009241,52.8363636364,1477892817
000000009247,41.1874015748,1477892872
000000009248,46.1943925234,1477892869
000000009243,34.9605633803,1477892848
000000009264,52.8363636364,1477893120
00000002A299,20.3172413793,1477892659
000000016203,40.1016393443,1477892956
00000000923F,15.7081081081,1477892878
000000014C8B,47.9889908257,1477892879
0000000161FF,31.8444444444,1477892787
00000002B6FF,12.1364269142,1477893012
00000001C933,32.2888888889,1477892491
00000000A828,24.3339622642,1477892839
000000009254,38.3162790698,1477892969
000000009255,57.6391304348,1477892958
00000000A82A,36.5104477612,1477892791
00000002A70D,20.5534883721,1477893002
00000001C95B,51.9882352941,1477892660
000000009262,35.3154929577,1477893115
0000000161F5,45.8842105263,1477892575
00000001E0F2,39.9906976744,1477892834
00000000922B,33.9394736842,1477892527
00000000922A,18.952173913,1477892580
000000009226,38.4617647059,1477892485
000000009225,33.3171974522,1477892483
00000001E111,18.6814285714,1477893137
000000014C75,39.1404255319,1477892700
000000012EB1,42.8754098361,1477892710
00000000920B,29.9593220339,1477892557
