000000009D29,38.1810218978,1477914530
000000013900,35.5836734694,1477914581
000000013869,37.6316546763,1477914508
000000011BDD,46.7035714286,1477914823
000000009E40,38.4617647059,1477914991
000000027EF0,18.4125,1477914688
00000000FEF7,13.1968421053,1477914514
00000001E9E4,47.772972973,1477914920
000000027EF5,11.7020134228,1477914871
000000027EF6,20.2744186047,1477914847
000000009E17,38.4260869565,1477914797
000000009E13,33.4987012987,1477914783
000000009E12,50.5764705882,1477914757
000000009D54,12.4542857143,1477914387
000000009E0A,42.8754098361,1477914735
00000002A80E,12.5957244656,1477914781
00000001576A,39.9297709924,1477914799
000000009E60,46.7035714286,1477915125
000000009E65,49.5588785047,1477915137
000000009DC4,13.4123076923,1477914458
000000009DC9,40.2832116788,1477914363
000000027ED4,15.2501457726,1477914645
000000029EAB,11.0245322245,1477914513
0000000138DE,12.5213592233,1477914642
000000029EA5,14.1336986301,1477914319
00000002C4EC,23.2578947368,1477914376
00000000FF13,44.7076923077,1477914398
000000009DB8,39.9297709924,1477914561
000000027EE8,14.8537815126,1477914486
000000009DCC,42.2461538462,1477914376
000000009E33,50.5764705882,1477914942
00000000AD29,38.7065693431,1477914946
000000009E43,47.9889908257,1477914990
00000000AD21,44.5613445378,1477914896
000000009E49,51.2823529412,1477915023
000000013945,30.9514792899,1477915012
000000011B5B,31.3221556886,1477914340
000000009DDA,29.5525423729,1477914837
000000009DE5,30.1684210526,1477914555
00000001676D,45.8842105263,1477915118
000000009DE7,37.9043478261,1477914577
000000015771,30.9514792899,1477914885
000000009DE8,33.7757961783,1477914589
00000001D1EE,42.8754098361,1477914908
000000009E5D,38.1810218978,1477915121
000000009E50,42.1838709677,1477915065
00000001F861,33.9662337662,1477914439
000000009E59,40.6204724409,1477915085
00000001D1E8,47.328440367,1477914994
000000009DEE,40.5488372093,1477914587
000000009DEF,11.6545054945,1477914756
0000000281BF,24.6832535885,1477914315
000000009DEA,56.8565217391,1477914561
000000029E5F,15.2501457726,1477914634
000000009DD5,54.6680412371,1477914429
000000009DD4,31.8444444444,1477914459
000000013930,38.1810218978,1477914923
000000009DD1,51.9882352941,1477914416
000000013739,42.8754098361,1477914325
000000009D99,12.5213592233,1477914655
000000009DD9,43.4655737705,1477914459
000000009E4F,36.8366197183,1477915073
000000009E4D,43.3512605042,1477915057
000000015689,39.6272727273,1477914563
000000011BA0,44.7076923077,1477914524
000000011C02,43.3578947368,1477914980
000000009E54,38.1810218978,1477915076
000000009E3D,39.6272727273,1477914985
000000015757,53.3489361702,1477914990
000000013921,13.5512953368,1477914929
000000009DFE,40.6204724409,1477914992
00000001E9B7,42.2852459016,1477914540
000000009DFC,48.8859813084,1477914666
000000009DFB,13.8015831135,1477914960
000000027EEF,17.852559727,1477914658
000000029E92,23.9944954128,1477914735
00000001575F,45.8842105263,1477914738
000000015748,40.5147540984,1477914559
000000009DF7,39.3293233083,1477914644
000000009DF0,39.0818181818,1477914920
0000000281A3,14.6556818182,1477914554
00000000FF42,46.7035714286,1477914914
000000009E2B,39.3801526718,1477914909
00000001BB4D,45.2526315789,1477914947
0000000156BA,40.5488372093,1477914513
