000000008DAC,26.1221674877,1477879372
000000008DAB,52.8363636364,1477879293
000000014806,35.093877551,1477879382
000000010C42,13.4588832487,1477878932
000000008D4D,46.1943925234,1477878703
0000000147FE,49.3471698113,1477879268
00000001DD63,46.0607142857,1477879231
00000001C568,38.9911764706,1477878904
000000016054,33.9662337662,1477879365
00000000EF94,40.5488372093,1477878822
0000000147AC,39.6272727273,1477878704
000000008D3E,34.8868421053,1477878607
000000008D42,14.6521008403,1477878749
000000008DA3,42.2852459016,1477879226
000000008DA5,40.6204724409,1477879236
00000001DD50,43.956302521,1477879340
00000000A6CC,51.2823529412,1477879297
000000008DB4,49.5588785047,1477879425
0000000147E7,46.7035714286,1477879120
000000014797,14.4504201681,1477878706
000000008D5C,13.3236180905,1477878959
00000001DD4D,47.9889908257,1477879277
000000008D68,39.0358208955,1477878914
00000001478A,35.5836734694,1477878643
000000008D63,12.7377777778,1477879013
000000008D60,40.1853658537,1477879149
000000008D61,39.6272727273,1477878855
00000001C55C,42.764516129,1477878670
00000002A6AB,16.6754716981,1477878631
00000001DC9C,34.3479452055,1477878973
00000002A1AB,13.8067039106,1477878909
0000000147BA,11.3457013575,1477878928
00000000A6CA,41.1874015748,1477879230
000000027BBA,11.3793991416,1477879218
000000008D75,51.5775700935,1477878998
000000008D74,47.9889908257,1477878967
000000008D77,36.8366197183,1477879040
000000008D73,47.3464285714,1477878959
000000008D5B,13.6476190476,1477878947
00000001F1EE,42.8754098361,1477878881
00000001DD25,46.7035714286,1477878682
000000027BAE,10.4640973631,1477878877
000000008D8D,35.5836734694,1477879141
00000002BF65,13.1427135678,1477879120
00000001DD2C,36.325,1477878904
000000008D87,27.6761904762,1477879136
000000010C92,36.8366197183,1477879165
0000000147B3,26.6472361809,1477879188
000000027BB9,10.0494464945,1477879218
000000012A06,46.7035714286,1477879185
000000012A05,47.3464285714,1477879227
000000027BB2,11.5668161435,1477878893
00000002A1A9,10.2968503937,1477878772
00000002A191,21.0919354839,1477878626
00000002B253,18.6149466192,1477879205
000000010C61,43.8247933884,1477879097
00000000A6B9,41.1874015748,1477878977
0000000147C8,10.9995735608,1477879009
00000001DD06,13.5757894737,1477878634
00000001AFD6,39.0358208955,1477879258
00000001481C,33.9662337662,1477879356
000000012A08,54.6680412371,1477879356
000000016039,44.1321428571,1477878914
000000027BAC,15.2058139535,1477878694
000000027BAA,22.4694915254,1477878613
00000000A6BD,38.1496402878,1477879032
00000001F1BA,42.1838709677,1477879235
00000000A6A1,37.9043478261,1477878611
00000001600C,36.8366197183,1477878930
000000016050,48.8859813084,1477879359
000000008D9A,35.825,1477879187
000000008D55,42.8754098361,1477878770
000000008D9E,40.1727272727,1477879199
000000008D9D,57.6391304348,1477879173
