10.6021141649|4|17.801|124.711|000000009FB7|15
17.975257732|4|26.103|66.484|000000009FBA|15
37.6316546763|4|30.283|112.185|000000009FBF|15
41.1069767442|2|41.107|0.000|000000009FC1|15
50.2961538462|4|38.057|210.575|000000009FCE|15
48.8859813084|5|38.437|148.089|000000009FD1|15
35.5836734694|4|39.005|34.441|000000009FDF|15
38.1810218978|2|38.181|0.000|000000009FE0|15
36.3295774648|2|36.330|0.000|000000009FE1|15
68.8675324675|3|63.938|48.601|000000009FE7|15
53.9257731959|3|50.595|22.190|000000009FEC|15
17.975257732|4|26.104|100.589|000000009FEF|15
19.3733333333|4|28.968|103.766|000000009FF1|15
51.7900990099|3|50.458|3.547|000000009FF6|15
44.6459016393|4|33.075|173.782|000000009FF9|15
50.2961538462|2|50.296|0.000|00000000A006|15
54.6680412371|2|54.668|0.000|00000000A00E|15
51.2823529412|2|51.282|0.000|00000000A00F|15
53.5636363636|2|53.564|0.000|00000000A010|15
39.0358208955|5|29.681|61.567|00000000ADEF|15
46.7035714286|4|40.371|40.129|00000000ADF1|15
13.6574412533|6|31.617|198.064|00000000ADF9|15
15.3847058824|7|28.238|77.664|00000000ADFB|15
56.0739130435|6|43.683|100.174|00000000AE04|15
43.3512605042|5|36.532|119.150|00000000AE09|15
51.2823529412|7|28.647|282.448|000000011D7E|15
49.6038461538|10|33.916|162.808|0000000158AB|15
40.5488372093|5|32.335|105.902|0000000158D0|15
55.7454545455|3|47.138|148.178|000000015904|15
44.7076923077|4|37.502|55.069|000000016840|15
53.9257731959|5|38.072|222.136|00000001684C|15
22.0708860759|2|22.071|0.000|000000016850|15
17.2329896907|13|38.622|135.368|00000001EB23|15
67.9324675325|8|44.805|185.415|00000001F980|15
10.71|2|10.710|0.000|000000023F93|15
14.6082644628|2|14.608|0.000|000000027F39|15
13.481443299|2|13.481|0.000|000000027F3F|15
12.3034802784|2|12.303|0.000|000000027F40|15
12.5138755981|2|12.514|0.000|000000027F47|15
13.1938618926|2|13.194|0.000|0000000281F0|15
15.5678571429|4|16.593|1.311|0000000281F5|15
25.1480769231|5|18.287|32.718|0000000292E6|15
14.0991913747|6|14.242|3.499|00000002A82B|15
14.8181303116|3|13.353|4.295|00000002A83C|15
14.4897506925|6|16.981|12.810|00000002C23A|15
