17.2168831169|5|27.266|67.939|000000008F5B|15
41.1069767442|4|31.774|143.016|000000008F68|15
24.6735849057|2|24.674|0.000|000000008F6B|15
19.5675276753|4|28.019|75.336|000000008F6D|15
49.5588785047|2|49.559|0.000|000000008F6F|15
44.7076923077|4|33.889|164.659|000000008F72|15
14.9530434783|6|29.854|148.869|000000008F74|15
41.1874015748|4|30.234|151.766|000000008F75|15
45.3230769231|2|45.323|0.000|000000008F7B|15
41.7543307087|2|41.754|0.000|000000008F7D|15
56.8137931034|2|56.814|0.000|000000008F7E|15
39.6272727273|5|38.381|43.873|000000008F80|15
53.0653846154|2|53.065|0.000|000000008F83|15
50.2961538462|4|39.218|200.394|000000008F88|15
50.5764705882|3|47.613|17.563|000000008F8C|15
39.0358208955|2|39.036|0.000|000000008F90|15
20.7571428571|2|20.757|0.000|000000008F92|15
38.4985074627|2|38.499|0.000|000000008F94|15
17.7889655172|4|26.420|76.456|000000008F98|15
36.3205479452|2|36.321|0.000|000000008F99|15
43.956302521|2|43.956|0.000|000000008F9B|15
18.1010526316|4|27.049|146.857|000000008FA2|15
41.7543307087|2|41.754|0.000|000000008FA4|15
43.2297520661|2|43.230|0.000|000000008FA6|15
58.7106382979|2|58.711|0.000|000000008FAF|15
47.9889908257|3|44.372|26.171|00000000A764|15
45.8842105263|3|42.547|22.269|00000000A767|15
44.7076923077|11|34.388|150.667|00000000D756|15
36.8366197183|6|30.786|173.216|000000010E7B|15
13.5275510204|5|19.595|25.880|000000012C07|15
42.764516129|5|32.382|181.224|0000000149E3|15
35.5836734694|6|34.487|61.548|0000000149E5|15
37.6316546763|3|42.389|45.270|0000000149F1|15
57.6391304348|3|55.369|10.304|0000000149F5|15
47.1692307692|6|41.039|74.982|00000001C72E|15
36.8366197183|9|36.802|45.469|00000001C753|15
54.6680412371|8|40.428|179.580|00000001DEFA|15
37.6554744526|7|36.497|104.692|00000001DF1E|15
19.7655172414|6|31.516|82.155|00000001DF1F|15
37.3436619718|4|38.206|8.212|00000001DF26|15
42.8754098361|7|33.446|113.123|00000001F2D0|15
39.6272727273|8|34.716|64.918|00000001F2E3|15
17.9125|2|16.066|3.411|000000027C10|15
12.8648379052|2|12.865|0.000|000000027C14|15
13.0443890274|2|13.044|0.000|000000027C18|15
14.2918032787|4|14.329|0.208|00000002C3B0|15
