41.1874015748|4|30.230|120.191|000000009A8B|15
14.8181303116|4|22.982|143.803|000000009A94|15
12.2828571429|6|25.442|160.683|000000009AAF|15
40.5147540984|2|40.515|0.000|000000009AB3|15
38.1810218978|3|33.048|52.698|000000009AB6|15
34.4131578947|3|36.379|7.733|000000009AB8|15
36.3295774648|2|36.330|0.000|000000009AB9|15
12.7580487805|5|22.335|100.233|000000009ABA|15
35.3342465753|4|26.218|84.179|000000009AC7|15
44.1321428571|4|30.047|215.935|000000009ACC|15
13.5864935065|4|20.175|79.931|000000009AD2|15
10.7699373695|4|15.949|29.891|000000009AD8|15
12.6961165049|4|17.971|34.452|000000009ADA|15
43.4655737705|3|40.792|14.301|000000009ADB|15
39.0818181818|4|37.037|33.543|000000009AE3|15
11.44595186|4|16.809|37.258|000000009AEA|15
29.6245810056|2|29.625|0.000|000000009AEB|15
53.5636363636|2|53.564|0.000|000000009AEC|15
41.1874015748|2|41.187|0.000|000000009AF0|15
56.8565217391|2|56.857|0.000|000000009AF5|15
12.1444717445|4|19.381|112.907|000000009AF6|15
46.0607142857|3|36.886|168.350|000000009AF8|15
44.7076923077|3|36.141|146.762|000000009AFA|15
44.0923076923|3|35.731|139.817|000000009AFD|15
31.7532934132|2|31.753|0.000|000000009AFE|15
34.6410596026|3|34.795|0.048|000000009B03|15
23.3603524229|3|32.965|184.503|000000009B07|15
40.5488372093|3|40.850|0.181|000000009B0E|15
35.1060402685|3|39.081|31.600|000000009B14|15
41.1874015748|3|44.258|18.860|000000009B1B|15
37.6085106383|2|37.609|0.000|000000009B20|15
39.5731343284|2|39.573|0.000|000000009B23|15
39.6272727273|2|39.627|0.000|000000009B26|15
59.2965517241|3|52.968|80.091|000000009B28|15
38.4617647059|2|38.462|0.000|000000009B2A|15
30.8910179641|2|30.891|0.000|000000009B37|15
42.2852459016|3|34.081|134.617|00000000AB71|15
44.0923076923|4|35.880|113.286|00000000AB7A|15
43.4655737705|5|34.510|105.277|00000000AB88|15
16.4490566038|5|24.467|74.865|00000000ABA0|15
46.7035714286|3|35.620|245.694|00000000ABA4|15
34.325|6|30.010|122.003|00000000C625|15
43.2297520661|6|26.249|144.737|00000000E0D8|15
37.6554744526|5|26.487|86.115|00000000FB02|15
12.6653753027|9|22.882|84.319|0000000117FC|15
55.6468085106|6|31.096|316.790|000000011838|15
42.223255814|7|27.952|120.078|0000000118E1|15
39.0358208955|2|39.036|0.000|000000011906|15
36.8366197183|8|33.117|131.265|0000000135A7|15
10.1372093023|4|14.861|22.561|0000000135BD|15
30.9514792899|4|24.353|44.111|0000000135CC|15
48.6495412844|4|41.566|108.575|0000000135DC|15
49.5588785047|5|30.235|249.731|0000000135FA|15
47.328440367|4|43.720|13.976|000000013608|15
46.5157894737|7|34.564|146.760|00000001360F|15
38.1496402878|3|30.924|104.431|00000001361B|15
44.0923076923|6|28.567|121.194|0000000153FB|15
41.1874015748|7|30.598|172.062|000000015432|15
48.2130841121|4|31.696|275.463|000000015440|15
44.7076923077|3|37.855|93.915|000000015459|15
32.9366459627|5|32.479|35.549|000000015476|15
26.2854271357|5|34.302|160.725|000000015478|15
13.7652631579|5|21.035|73.194|000000015494|15
37.6316546763|3|31.810|67.772|000000015499|15
23.8849315068|3|21.376|12.591|0000000154A9|15
46.0607142857|3|38.384|117.865|0000000154AF|15
45.7137931034|5|29.308|181.281|000000016575|15
46.0607142857|4|34.548|147.893|0000000165BC|15
37.6316546763|4|34.059|46.879|0000000165BD|15
45.8842105263|10|29.115|124.357|00000001A353|15
48.8859813084|6|28.764|207.956|00000001CF4C|15
43.4655737705|4|31.883|134.213|00000001E74A|15
47.1243243243|5|31.643|161.922|00000001E761|15
42.8754098361|5|28.876|131.133|00000001E78B|15
41.1874015748|4|32.189|101.916|00000001E7A7|15
50.2961538462|10|34.398|149.238|00000001F6DA|15
39.9297709924|5|30.477|86.458|00000001F708|15
44.7076923077|5|34.327|117.048|00000001F72F|15
52.8363636364|5|40.005|191.418|00000001F733|15
10.0592307692|4|14.635|21.610|000000027E4F|15
13.8067039106|3|15.257|4.209|000000027E51|15
22.6263157895|2|22.626|0.000|000000027E53|15
14.6111731844|2|14.611|0.000|000000027E54|15
13.8305630027|2|13.831|0.000|000000027E5D|15
15.8766467066|2|15.877|0.000|000000028163|15
16.4173374613|4|18.155|3.200|000000028182|15
22.6733944954|9|15.726|21.512|0000000297D4|15
20.4328125|5|14.371|10.829|0000000297FC|15
14.2166219839|3|13.678|0.581|000000029E0D|15
13.0119402985|3|15.187|9.462|00000002A44C|15
17.5530201342|3|16.376|2.770|00000002A455|15
18.4833922261|7|19.179|6.975|00000002A796|15
14.491011236|7|13.639|2.533|00000002B81B|15
