36.0734693878|2|36.073|0.000|000000008D62|15
42.2852459016|2|42.285|0.000|000000008DA3|15
40.6204724409|4|31.047|134.817|000000008DA5|15
52.8363636364|4|43.125|101.592|000000008DAB|15
26.1221674877|4|25.389|93.487|000000008DAC|15
49.5588785047|5|40.691|54.393|000000008DB4|15
50.9884615385|4|36.922|240.123|000000008DBA|15
41.1874015748|2|41.187|0.000|000000008DBD|15
35.8342105263|2|35.834|0.000|000000008DC4|15
38.7466666667|2|38.747|0.000|000000008DDD|15
49.5588785047|2|49.559|0.000|000000008DDF|15
37.3436619718|2|37.344|0.000|00000000A6C6|15
41.1874015748|7|30.617|102.799|00000000A6CA|15
51.2823529412|5|30.069|312.849|00000000A6CC|15
42.8754098361|6|38.785|64.405|000000010D0C|15
48.2130841121|12|31.044|153.024|000000012987|15
47.3464285714|8|35.212|96.091|000000012A05|15
54.6680412371|2|54.668|0.000|000000012A08|15
19.5675276753|5|26.174|74.160|000000012A15|15
31.8951219512|8|28.238|76.675|000000012A1E|15
56.8565217391|5|40.847|182.375|000000012A5D|15
31.8951219512|4|37.674|38.484|000000012A5E|15
33.9662337662|5|28.401|28.941|000000012A75|15
49.3471698113|4|41.870|115.265|0000000147FE|15
35.093877551|4|31.022|75.442|000000014806|15
33.9662337662|5|40.983|32.871|00000001481C|15
33.3171974522|3|35.214|7.193|000000014826|15
16.9418918919|4|28.162|141.924|00000001482C|15
17.2168831169|6|29.889|100.644|000000014838|15
14.1372972973|5|25.094|123.246|000000014840|15
36.8366197183|3|34.465|11.245|000000014842|15
17.7315254237|5|27.933|71.797|000000014847|15
48.8859813084|6|31.595|183.498|000000016050|15
33.9662337662|7|29.219|105.394|000000016054|15
46.7035714286|8|33.306|174.033|000000016069|15
41.1874015748|7|31.997|79.888|000000019BB6|15
17.2729641694|11|27.109|112.325|00000001AFA4|15
39.0358208955|4|30.089|82.099|00000001AFD6|15
47.9889908257|4|33.421|215.422|00000001DD4D|15
43.956302521|7|30.921|169.416|00000001DD50|15
46.0607142857|7|35.076|94.035|00000001DD63|15
12.5213592233|6|22.311|80.048|00000001DD77|15
42.1838709677|10|28.765|141.329|00000001F1BA|15
11.3793991416|3|12.703|3.502|000000027BBA|15
11.7282511211|2|11.728|0.000|000000027BC2|15
19.1581395349|2|19.158|0.000|000000027BC5|15
21.2634146341|3|20.476|1.241|00000002A1C2|15
18.277852349|4|14.335|15.555|00000002A6AA|15
18.6149466192|5|14.799|10.880|00000002B253|15
16.8696245734|3|18.001|2.560|00000002BADD|15
10.7780487805|7|15.534|15.634|00000002BADE|15
