51.2823529412|3|50.075|2.914|0000000084C1|15
23.5846153846|5|34.957|99.534|0000000084C5|15
54.6680412371|4|46.190|235.156|0000000084C9|15
50.5764705882|4|43.369|209.914|0000000084CB|15
71.6727272727|4|49.852|525.987|0000000084E0|15
57.6371134021|2|57.637|0.000|0000000084E2|15
25.5386138614|5|30.579|22.581|0000000121C1|15
53.9257731959|5|42.736|95.156|0000000121EE|15
63.7902439024|6|45.494|240.098|00000001BF85|15
60.124137931|5|54.110|37.120|00000001D6C9|15
51.5775700935|4|49.726|6.742|00000001D6D0|15
18.3536842105|6|33.227|141.762|00000001EE3C|15
52.1090909091|3|46.280|67.966|00000001EE40|15
19.6152091255|3|18.791|1.359|0000000279E1|15
12.8009925558|2|12.801|0.000|0000000279E7|15
18.6445945946|2|18.645|0.000|000000028E12|15
11.915261959|4|14.318|21.981|00000002BE38|15
