27.24375|8|33.401|62.810|000000009F69|15
16.57125|3|26.246|46.967|000000009F9D|15
42.1838709677|3|34.696|112.122|000000009FA0|15
55.6468085106|2|55.647|0.000|000000009FAB|15
35.3342465753|3|31.042|36.852|000000009FB5|15
10.6021141649|4|17.801|124.711|000000009FB7|15
29.2223463687|2|29.222|0.000|000000009FB8|15
40.5488372093|2|40.549|0.000|000000009FB9|15
17.975257732|4|26.103|66.484|000000009FBA|15
37.6316546763|4|30.283|112.185|000000009FBF|15
41.1069767442|2|41.107|0.000|000000009FC1|15
50.2961538462|4|38.057|210.575|000000009FCE|15
48.8859813084|5|38.437|148.089|000000009FD1|15
35.5836734694|2|35.584|0.000|000000009FDF|15
38.1810218978|2|38.181|0.000|000000009FE0|15
36.3295774648|2|36.330|0.000|000000009FE1|15
68.8675324675|3|63.938|48.601|000000009FE7|15
40.6204724409|2|40.620|0.000|000000009FEB|15
53.9257731959|2|53.926|0.000|000000009FEC|15
10.8936|8|29.295|209.893|00000000ADE1|15
39.0358208955|5|29.681|61.567|00000000ADEF|15
46.7035714286|4|40.371|40.129|00000000ADF1|15
13.6574412533|3|18.635|49.560|00000000ADF9|15
15.3847058824|5|24.868|63.565|00000000ADFB|15
56.0739130435|3|46.640|178.007|00000000AE04|15
43.3512605042|3|41.280|8.582|00000000AE09|15
51.2823529412|6|31.710|263.880|000000011D7E|15
42.764516129|7|30.110|114.178|00000001589A|15
49.6038461538|10|33.916|162.808|0000000158AB|15
40.5488372093|5|32.335|105.902|0000000158D0|15
18.1425742574|6|32.071|148.954|0000000158D5|15
55.7454545455|3|47.138|148.178|000000015904|15
34.8868421053|6|32.022|118.339|000000016822|15
44.7076923077|4|37.502|55.069|000000016840|15
36.8366197183|5|34.377|79.508|00000001EB18|15
17.2329896907|9|36.695|138.793|00000001EB23|15
67.9324675325|8|44.805|185.415|00000001F980|15
14.6082644628|2|14.608|0.000|000000027F39|15
13.481443299|2|13.481|0.000|000000027F3F|15
15.5678571429|3|16.012|0.394|0000000281F5|15
25.1480769231|4|19.701|30.891|0000000292E6|15
14.4897506925|6|16.981|12.810|00000002C23A|15
