38.1810218978|6|23.724|105.569|000000009D29|15
12.4542857143|6|19.836|94.764|000000009D54|15
12.5213592233|5|23.415|137.500|000000009D99|15
39.9297709924|5|39.256|34.230|000000009DB8|15
13.4123076923|4|19.390|48.663|000000009DC4|15
40.2832116788|5|38.808|52.601|000000009DC9|15
42.2461538462|2|42.246|0.000|000000009DCC|15
51.9882352941|2|51.988|0.000|000000009DD1|15
31.8444444444|4|36.917|54.313|000000009DD4|15
54.6680412371|4|35.385|386.660|000000009DD5|15
43.4655737705|2|43.466|0.000|000000009DD9|15
29.5525423729|3|31.939|11.392|000000009DDA|15
30.1684210526|3|26.000|34.751|000000009DE5|15
37.9043478261|2|37.904|0.000|000000009DE7|15
33.7757961783|2|33.776|0.000|000000009DE8|15
56.8565217391|2|56.857|0.000|000000009DEA|15
40.5488372093|4|29.685|118.109|000000009DEE|15
11.6545054945|5|22.448|153.294|000000009DEF|15
39.0818181818|2|39.082|0.000|000000009DF0|15
39.3293233083|3|32.874|83.349|000000009DF7|15
13.8015831135|4|20.265|66.410|000000009DFB|15
48.8859813084|3|47.204|5.660|000000009DFC|15
40.6204724409|2|40.620|0.000|000000009DFE|15
42.8754098361|2|42.875|0.000|000000009E0A|15
50.5764705882|3|40.198|215.408|000000009E12|15
33.4987012987|3|36.149|14.053|000000009E13|15
38.4260869565|2|38.426|0.000|000000009E17|15
39.3801526718|2|39.380|0.000|000000009E2B|15
50.5764705882|3|47.155|23.413|000000009E33|15
39.6272727273|2|39.627|0.000|000000009E3D|15
38.4617647059|2|38.462|0.000|000000009E40|15
47.9889908257|2|47.989|0.000|000000009E43|15
51.2823529412|2|51.282|0.000|000000009E49|15
43.3512605042|2|43.351|0.000|000000009E4D|15
36.8366197183|2|36.837|0.000|000000009E4F|15
42.1838709677|2|42.184|0.000|000000009E50|15
38.1810218978|2|38.181|0.000|000000009E54|15
40.6204724409|2|40.620|0.000|000000009E59|15
38.1810218978|2|38.181|0.000|000000009E5D|15
46.7035714286|2|46.704|0.000|000000009E60|15
49.5588785047|2|49.559|0.000|000000009E65|15
44.5613445378|3|36.592|127.008|00000000AD21|15
38.7065693431|3|32.058|88.418|00000000AD29|15
13.1968421053|6|26.671|180.887|00000000FEF7|15
44.7076923077|4|33.626|123.997|00000000FF13|15
46.7035714286|5|30.555|174.105|00000000FF42|15
31.3221556886|4|27.646|25.345|000000011B5B|15
44.7076923077|5|32.422|136.257|000000011BA0|15
46.7035714286|3|44.817|7.118|000000011BDD|15
43.3578947368|6|27.518|126.303|000000011C02|15
42.8754098361|14|25.725|101.599|000000013739|15
37.6316546763|7|25.760|62.115|000000013869|15
12.5213592233|4|18.463|45.115|0000000138DE|15
35.5836734694|5|25.873|64.186|000000013900|15
13.5512953368|5|20.431|70.750|000000013921|15
38.1810218978|2|38.181|0.000|000000013930|15
30.9514792899|5|23.941|35.268|000000013945|15
39.6272727273|10|24.730|57.241|000000015689|15
40.5488372093|6|28.630|98.438|0000000156BA|15
40.5147540984|3|34.441|73.791|000000015748|15
53.3489361702|3|41.392|285.956|000000015757|15
45.8842105263|4|33.067|165.567|00000001575F|15
39.9297709924|4|30.503|88.931|00000001576A|15
30.9514792899|3|27.719|20.893|000000015771|15
45.8842105263|4|35.447|115.984|00000001676D|15
45.2526315789|4|32.691|164.409|00000001BB4D|15
47.328440367|5|33.388|143.887|00000001D1E8|15
42.8754098361|5|28.643|140.454|00000001D1EE|15
42.2852459016|5|38.924|175.184|00000001E9B7|15
47.772972973|6|38.811|140.372|00000001E9E4|15
33.9662337662|7|24.654|70.061|00000001F861|15
15.2501457726|2|15.250|0.000|000000027ED4|15
14.8537815126|2|14.854|0.000|000000027EE8|15
17.852559727|2|17.853|0.000|000000027EEF|15
18.4125|1|18.413|0.000|000000027EF0|15
11.7020134228|2|11.702|0.000|000000027EF5|15
20.2744186047|2|20.274|0.000|000000027EF6|15
14.6556818182|2|14.656|0.000|0000000281A3|15
24.6832535885|4|21.914|7.671|0000000281BF|15
15.2501457726|3|14.348|1.626|000000029E5F|15
23.9944954128|3|23.861|0.036|000000029E92|15
14.1336986301|3|13.465|0.894|000000029EA5|15
11.0245322245|3|14.480|23.877|000000029EAB|15
12.5957244656|4|15.538|23.536|00000002A80E|15
23.2578947368|5|17.838|19.837|00000002C4EC|15
