11.5470198675|4|18.820|139.688|000000008F47|15
43.3512605042|7|44.267|91.530|000000008F50|15
45.3230769231|6|43.397|17.344|000000008F58|15
36.8366197183|2|36.837|0.000|000000008F59|15
17.2168831169|5|27.266|67.939|000000008F5B|15
47.3464285714|4|43.968|40.898|000000008F5F|15
45.8842105263|5|35.070|141.176|000000008F62|15
41.1069767442|4|31.774|143.016|000000008F68|15
24.6735849057|2|24.674|0.000|000000008F6B|15
19.5675276753|4|28.019|75.336|000000008F6D|15
49.5588785047|2|49.559|0.000|000000008F6F|15
44.7076923077|4|33.889|164.659|000000008F72|15
14.9530434783|5|26.613|115.616|000000008F74|15
41.1874015748|4|30.234|151.766|000000008F75|15
45.3230769231|2|45.323|0.000|000000008F7B|15
41.7543307087|2|41.754|0.000|000000008F7D|15
56.8137931034|2|56.814|0.000|000000008F7E|15
39.6272727273|3|41.459|6.712|000000008F80|15
53.0653846154|2|53.065|0.000|000000008F83|15
50.2961538462|4|39.218|200.394|000000008F88|15
15.8423076923|4|23.878|65.242|000000008F8A|15
50.5764705882|2|50.576|0.000|000000008F8C|15
39.0358208955|2|39.036|0.000|000000008F90|15
38.4985074627|2|38.499|0.000|000000008F94|15
44.7076923077|11|34.388|150.667|00000000D756|15
48.6495412844|2|48.650|0.000|00000000F1FD|15
36.8366197183|6|30.786|173.216|000000010E7B|15
13.5275510204|5|19.595|25.880|000000012C07|15
20.3645756458|5|30.918|107.877|0000000149C5|15
19.9953488372|5|33.381|138.211|0000000149C7|15
42.764516129|5|32.382|181.224|0000000149E3|15
35.5836734694|3|37.202|5.235|0000000149E5|15
37.6316546763|3|42.389|45.270|0000000149F1|15
57.6391304348|3|55.369|10.304|0000000149F5|15
47.1692307692|6|41.039|74.982|00000001C72E|15
47.9889908257|9|34.612|155.835|00000001C737|15
36.8366197183|7|36.327|57.276|00000001C753|15
54.6680412371|8|40.428|179.580|00000001DEFA|15
37.6554744526|6|36.695|121.866|00000001DF1E|15
37.3436619718|4|38.206|8.212|00000001DF26|15
35.5836734694|5|36.306|8.751|00000001F2CF|15
42.8754098361|7|33.446|113.123|00000001F2D0|15
17.9125|1|17.913|0.000|000000027C10|15
12.8648379052|2|12.865|0.000|000000027C14|15
15.6327272727|3|13.766|6.970|0000000280B7|15
19.1604395604|5|17.601|12.130|00000002B69B|15
14.2918032787|4|14.329|0.208|00000002C3B0|15
