40.5488372093|5|27.514|114.504|00000000874D|15
45.8842105263|2|45.884|0.000|000000008797|15
10.2975|7|25.689|184.661|00000000879F|15
41.1069767442|3|38.320|15.530|0000000087B0|15
48.8859813084|3|39.107|191.251|0000000087B5|15
33.2816326531|4|36.139|33.102|0000000087BA|15
48.6495412844|2|48.650|0.000|0000000087BB|15
44.7076923077|5|38.703|52.604|0000000087BD|15
48.8859813084|4|32.682|279.850|0000000087C3|15
42.8754098361|3|39.357|24.756|0000000087C5|15
13.9181102362|4|20.805|79.850|0000000087C6|15
48.8859813084|2|48.886|0.000|0000000087C7|15
39.0818181818|4|29.420|95.846|0000000087C8|15
51.9882352941|4|33.830|344.005|0000000087CD|15
10.4199203187|4|15.193|30.804|0000000087DC|15
30.411627907|2|30.412|0.000|0000000087EA|15
49.3471698113|3|38.169|249.889|0000000087EE|15
33.3509433962|3|41.491|132.510|0000000087F5|15
14.9967391304|5|26.641|157.749|0000000087FB|15
48.8859813084|2|48.886|0.000|0000000087FC|15
42.8754098361|2|42.875|0.000|000000008804|15
47.3464285714|3|37.612|189.530|000000008805|15
30.9514792899|3|31.302|0.246|000000008807|15
49.5588785047|2|49.559|0.000|000000008817|15
42.764516129|3|42.589|0.062|000000008818|15
42.1838709677|2|42.184|0.000|000000008819|15
15.7353115727|4|24.210|164.094|00000000881A|15
39.6272727273|3|42.350|14.824|00000000881F|15
35.6|1|35.600|0.000|000000008824|15
50.5764705882|3|52.570|7.945|000000008828|15
33.9394736842|2|33.939|0.000|00000000882D|15
47.9889908257|2|47.989|0.000|000000008836|15
42.2852459016|7|33.596|89.626|00000000A42B|15
49.5588785047|4|34.307|232.949|00000000A46B|15
12.7693069307|6|21.541|59.970|00000000A488|15
34.8084507042|3|29.351|59.558|00000000A497|15
14.1756097561|5|20.499|103.052|00000000A4A6|15
31.456097561|4|32.617|72.813|00000000A4AA|15
41.1874015748|4|29.063|147.032|00000000B785|15
10.8378151261|10|25.794|150.237|00000000CFA9|15
45.2526315789|6|27.020|176.721|0000000106F7|15
45.7137931034|6|30.925|142.154|00000001241D|15
37.3436619718|3|37.432|0.016|000000012479|15
41.1069767442|5|28.266|110.393|000000012480|15
34.325|1|34.325|0.000|000000012491|15
35.825|4|33.045|72.805|000000012497|15
16.3163076923|4|24.314|98.549|0000000124C3|15
41.2636363636|2|41.264|0.000|0000000124C9|15
40.1727272727|5|25.852|141.461|0000000124D5|15
44.1321428571|2|44.132|0.000|0000000124D8|15
42.0857142857|9|24.059|97.483|000000014116|15
13.5864935065|6|21.846|73.109|00000001423A|15
36.3295774648|4|25.278|126.091|000000014244|15
33.0692307692|6|23.783|45.624|00000001427E|15
39.9906976744|3|33.030|96.911|0000000142A2|15
43.956302521|4|32.449|135.296|0000000142B2|15
46.5157894737|3|38.894|116.188|0000000142BD|15
39.9297709924|3|34.342|62.440|0000000142CC|15
45.3230769231|3|38.677|88.349|0000000142DA|15
37.6554744526|4|28.341|91.520|000000015D50|15
46.0607142857|6|28.476|176.154|000000015D5E|15
44.7076923077|4|34.681|102.680|000000015D77|15
39.7576642336|5|34.516|85.787|000000015D7C|15
53.9257731959|9|28.838|202.661|0000000183F1|15
14.4097826087|9|23.961|143.948|00000001C103|15
42.2852459016|6|28.012|104.114|00000001C147|15
40.5488372093|5|28.213|115.184|00000001D8A9|15
41.1874015748|7|27.943|134.097|00000001D8AB|15
55.6468085106|4|40.455|232.122|00000001D90B|15
38.9911764706|9|36.037|89.292|00000001EF70|15
51.9882352941|5|36.237|197.643|00000001EF74|15
35.093877551|4|25.637|89.640|00000001EF82|15
12.1364269142|2|12.136|0.000|000000027A77|15
11.0703862661|3|12.140|2.288|000000027A79|15
12.8648379052|2|12.865|0.000|000000027A7E|15
11.4209606987|2|11.421|0.000|000000027A7F|15
15.1179190751|2|15.118|0.000|000000027A83|15
10.8748440748|2|10.875|0.000|000000027A8B|15
15.6802431611|2|15.680|0.000|000000027A8D|15
13.8380952381|2|13.838|0.000|000000027A93|15
14.693258427|2|14.693|0.000|000000027A95|15
19.8606741573|3|19.272|0.692|00000002802D|15
19.888973384|3|18.985|1.635|000000029A52|15
12.9796526055|3|13.129|0.044|00000002A055|15
10.1766536965|3|12.868|14.485|00000002B57A|15
