53.1835051546|2|53.184|0.000|000000008865|15
11.035443038|4|16.377|45.280|0000000088B0|15
13.343877551|4|19.463|43.926|0000000088BE|15
45.3467889908|3|42.572|15.395|0000000088C1|15
40.1727272727|2|40.173|0.000|0000000088C7|15
31.3221556886|2|31.322|0.000|0000000088D0|15
50.5764705882|3|40.306|210.976|0000000088D1|15
38.1810218978|2|38.181|0.000|0000000088E0|15
46.7035714286|3|37.903|154.898|0000000088E1|15
39.7576642336|3|32.882|94.549|0000000088E5|15
43.8247933884|2|43.825|0.000|0000000088E6|15
46.0607142857|2|46.061|0.000|0000000088EF|15
13.028992629|4|19.903|115.479|0000000088F3|15
51.6989690722|5|31.139|298.280|0000000088F5|15
14.4097826087|4|21.548|94.492|0000000088FD|15
13.7735064935|4|20.655|84.645|000000008900|15
50.5764705882|2|50.576|0.000|000000008908|15
43.956302521|3|44.881|1.711|000000008926|15
48.8859813084|2|48.886|0.000|00000000892F|15
39.6272727273|2|39.627|0.000|000000008933|15
39.5731343284|2|39.573|0.000|000000008938|15
39.0358208955|2|39.036|0.000|00000000893F|15
43.956302521|4|29.942|196.793|00000000A4EF|15
48.8859813084|5|30.671|242.992|00000000A4F3|15
42.8615384615|3|34.605|136.337|00000000A4F5|15
56.8565217391|5|35.096|318.253|00000000A50B|15
56.0739130435|4|43.356|224.665|00000000A520|15
35.1060402685|3|28.771|80.267|00000000A523|15
44.7076923077|3|36.487|135.144|00000000A529|15
43.4655737705|7|40.318|75.389|000000010796|15
42.2852459016|3|35.642|88.269|000000010833|15
46.0607142857|6|29.200|157.128|0000000124B1|15
37.3436619718|4|32.327|49.364|000000012556|15
36.8366197183|5|25.064|95.081|000000012563|15
44.0923076923|3|36.648|110.835|000000012576|15
54.6680412371|7|35.617|207.810|00000001257B|15
38.4985074627|2|38.499|0.000|000000012589|15
39.0818181818|5|26.542|111.708|0000000125C0|15
26.4320855615|6|20.616|20.833|0000000142A9|15
11.6498886414|5|17.693|28.552|00000001434B|15
48.8859813084|4|34.446|209.007|00000001436A|15
48.8859813084|4|42.547|148.839|00000001436E|15
44.0923076923|3|36.931|102.564|00000001436F|15
15.1729411765|6|26.346|163.424|000000014384|15
39.0818181818|4|32.965|64.945|000000014385|15
35.3432432432|3|30.360|49.670|000000014397|15
39.5731343284|4|28.651|119.669|000000014398|15
35.093877551|3|30.194|48.027|0000000143CD|15
52.1090909091|3|41.599|220.942|0000000143E3|15
29.7204545455|5|27.039|32.180|000000015DE5|15
36.8366197183|3|31.697|52.824|000000015DF3|15
32.7333333333|10|23.849|44.911|000000018470|15
35.1178807947|6|27.503|64.591|00000001AC15|15
43.956302521|6|28.279|128.716|00000001AC31|15
13.2902255639|8|20.563|53.719|00000001AC3B|15
52.8363636364|4|45.930|224.519|00000001C1DA|15
35.093877551|7|23.967|56.828|00000001D933|15
34.6588235294|5|32.163|50.395|00000001D98D|15
53.1835051546|7|29.377|244.163|00000001D99E|15
42.8754098361|5|34.425|81.669|00000001D9B0|15
56.0739130435|4|39.427|277.991|00000001D9B9|15
44.7076923077|5|30.722|150.778|00000001D9CF|15
42.8754098361|5|36.979|87.807|00000001F014|15
10.8748440748|2|10.875|0.000|000000027AB7|15
14.835483871|2|14.835|0.000|000000027ABC|15
16.0897959184|2|16.090|0.000|000000027ABE|15
17.975257732|2|17.975|0.000|000000027ABF|15
13.621875|2|13.622|0.000|000000027AC7|15
17.2633663366|2|17.263|0.000|000000027AC9|15
14.6111731844|2|14.611|0.000|000000027ACC|15
18.6718309859|3|16.681|7.923|000000028024|15
18.523880597|5|19.160|1.380|000000028037|15
10.4407185629|3|16.297|68.603|00000002A0AE|15
15.7280487805|3|15.357|0.275|00000002A0C8|15
15.5854984894|5|20.312|54.946|00000002A632|15
15.2501457726|4|13.138|4.493|00000002A64A|15
17.6716216216|4|16.514|1.350|00000002A64C|15
14.4897506925|6|15.343|1.975|00000002BA08|15
21.9781512605|5|18.077|23.743|00000002C31C|15
