16.9418530351|5|26.910|73.893|00000000906A|15
44.7076923077|2|44.708|0.000|00000000906D|15
41.7543307087|5|36.765|49.683|000000009073|15
44.7076923077|2|44.708|0.000|00000000907E|15
14.824137931|4|21.607|67.475|000000009085|15
56.8565217391|2|56.857|0.000|000000009088|15
54.4875|4|38.867|286.265|00000000908A|15
19.6646616541|4|28.564|79.765|00000000908F|15
42.8754098361|2|42.875|0.000|000000009097|15
39.0358208955|2|39.036|0.000|0000000090A2|15
45.8842105263|5|36.192|133.021|00000000A79A|15
50.9046728972|4|45.599|56.797|000000010F82|15
40.5147540984|6|35.607|86.391|000000012D05|15
14.7394285714|6|27.717|143.547|000000014ACF|15
59.3419354839|3|53.681|64.098|000000014AEC|15
46.7035714286|4|42.984|19.659|00000001615B|15
17.3862295082|9|31.226|85.446|0000000189A2|15
38.4617647059|7|30.525|50.788|00000001B20C|15
41.1874015748|9|38.764|86.120|00000001DFC4|15
47.3464285714|7|33.925|116.492|00000001DFC5|15
40.479389313|4|41.212|4.453|00000001DFD0|15
41.1874015748|5|35.479|103.820|00000001DFE0|15
14.4936416185|2|14.494|0.000|000000027C44|15
24.790521327|3|22.201|13.409|000000027C47|15
17.6068259386|2|17.607|0.000|000000027C49|15
17.3294117647|2|17.329|0.000|000000027C51|15
13.9051212938|5|13.432|1.024|00000002A24B|15
13.1583126551|3|13.444|0.163|00000002A251|15
