20.6352|3|33.237|130.990|00000000A243|15
43.4655737705|4|33.205|153.793|00000000A252|15
56.0739130435|2|56.074|0.000|00000000A258|15
47.3464285714|2|47.346|0.000|00000000A25F|15
51.2823529412|2|51.282|0.000|00000000A262|15
41.1069767442|2|41.107|0.000|00000000A264|15
20.9707317073|4|30.571|97.931|00000000A267|15
53.9257731959|2|53.926|0.000|00000000A26C|15
48.2130841121|2|48.213|0.000|00000000A26D|15
63.4344827586|2|63.434|0.000|00000000A26E|15
60.124137931|3|51.463|150.017|00000000AF1B|15
60.124137931|5|49.743|88.958|000000013D94|15
60.124137931|3|54.283|68.243|000000013D98|15
40.5488372093|3|45.729|53.675|000000015B56|15
49.5588785047|3|48.704|1.461|000000015B69|15
35.5836734694|17|36.977|111.730|00000001A854|15
18.6149466192|5|32.935|180.929|00000001D56C|15
20.8256603774|7|33.233|74.202|00000001FAB6|15
10.358019802|3|10.259|0.019|000000021B3E|15
15.5678571429|2|15.568|0.000|000000027FB9|15
12.7471153846|2|12.747|0.000|000000027FC2|15
14.8122905028|4|13.507|1.962|00000002A867|15
17.1388704319|7|13.895|5.578|00000002BDFB|15
