13.077|3|22.668|138.224|00000000860A|15
41.1874015748|3|42.406|2.972|000000008611|15
35.589261745|3|40.949|57.447|000000008615|15
38.4617647059|2|38.462|0.000|00000000861A|15
47.9889908257|5|40.069|88.552|00000000861B|15
48.8859813084|3|44.289|42.261|00000000861C|15
52.8363636364|2|52.836|0.000|000000008621|15
41.6032258065|5|29.783|134.724|000000008623|15
37.6554744526|3|37.716|0.007|000000008629|15
38.1810218978|3|42.091|30.572|00000000862F|15
48.8859813084|2|48.886|0.000|000000008631|15
45.8842105263|2|45.884|0.000|000000008634|15
41.2636363636|2|41.264|0.000|00000000863D|15
39.6272727273|2|39.627|0.000|000000008644|15
32.4894409938|2|32.489|0.000|00000000864D|15
36.604379562|2|36.604|0.000|000000008657|15
45.8842105263|4|35.049|126.897|00000000A3DB|15
38.7065693431|4|33.447|42.200|0000000105CC|15
33.3171974522|4|25.754|58.808|0000000105F8|15
20.0105660377|5|31.554|93.573|0000000122FC|15
46.7035714286|2|46.704|0.000|000000012312|15
51.9882352941|5|44.647|61.457|000000012314|15
40.1727272727|5|34.103|40.409|00000001232B|15
38.7065693431|7|29.782|87.925|0000000140C0|15
45.2526315789|5|34.471|153.865|0000000140F5|15
51.9882352941|3|49.425|13.135|0000000140F7|15
45.3230769231|3|43.598|5.952|000000014102|15
36.0788321168|3|40.153|33.190|000000014104|15
44.0923076923|6|30.609|143.292|000000015CAF|15
41.1874015748|6|30.333|116.878|000000015CBA|15
36.8366197183|4|33.795|9.281|000000015CC1|15
40.6204724409|9|34.947|101.179|0000000169A7|15
16.12125|4|33.025|173.366|00000001961F|15
18.4903225806|7|32.550|93.794|00000001EED6|15
16.0690909091|2|16.069|0.000|000000021524|15
16.1944272446|2|16.194|0.000|000000027A26|15
12.6653753027|2|12.665|0.000|000000027A27|15
19.5928057554|6|18.250|10.696|0000000293F1|15
19.2466431095|3|16.708|12.889|000000029400|15
12.7603053435|3|13.756|1.984|00000002940D|15
14.0381443299|2|14.038|0.000|000000029A43|15
10.0015296367|2|10.002|0.000|00000002A037|15
