15.1729411765|5|25.094|95.729|000000008C57|15
34.1142857143|2|34.114|0.000|000000008CA6|15
50.2961538462|5|32.205|257.298|000000008CB3|15
12.2788732394|4|17.736|39.637|000000008CB4|15
50.5764705882|3|38.717|281.311|000000008CCE|15
10.8|3|17.178|23.203|000000008CD5|15
35.5836734694|2|35.584|0.000|000000008CDA|15
43.4551181102|3|34.839|148.471|000000008CDB|15
53.1835051546|5|43.379|79.501|000000008CDE|15
13.4123076923|4|19.521|50.513|000000008CE0|15
14.0235924933|4|21.327|104.999|000000008CE3|15
41.1069767442|3|33.843|105.517|000000008CE5|15
33.9394736842|3|36.522|13.337|000000008CE7|15
39.9297709924|2|39.930|0.000|000000008CE9|15
10.7251559252|4|15.676|24.641|000000008CEC|15
26.3130434783|2|26.313|0.000|000000008CF0|15
44.7076923077|3|40.579|34.097|000000008CF2|15
50.7844660194|2|50.784|0.000|000000008CF6|15
12.3712230216|4|18.241|52.304|000000008CF7|15
32.3341463415|3|29.298|18.440|000000008CFF|15
29.5525423729|2|29.553|0.000|000000008D01|15
12.5138755981|4|18.649|63.090|000000008D02|15
14.1372972973|4|21.630|116.545|000000008D06|15
50.5764705882|3|40.531|201.809|000000008D09|15
44.4724137931|3|40.293|34.933|000000008D0C|15
32.3341463415|2|32.334|0.000|000000008D16|15
51.9882352941|2|51.988|0.000|000000008D24|15
44.0923076923|2|44.092|0.000|000000008D2A|15
33.3171974522|2|33.317|0.000|000000008D2C|15
52.8363636364|2|52.836|0.000|000000008D34|15
50.2961538462|2|50.296|0.000|000000008D36|15
50.6311926606|2|50.631|0.000|000000008D37|15
39.3801526718|3|31.537|123.025|00000000A678|15
42.1838709677|6|36.989|111.311|00000000A67C|15
44.7076923077|4|31.456|176.933|00000000A681|15
32.8585987261|6|36.498|89.100|00000000A684|15
13.8663316583|5|19.472|31.701|00000000A688|15
43.956302521|3|34.468|180.062|00000000A693|15
43.3512605042|3|36.310|99.172|00000000A697|15
33.3171974522|3|28.352|49.306|00000000A69E|15
33.3171974522|8|27.997|49.310|00000000D4D0|15
27.24375|9|23.154|69.662|0000000128A1|15
37.6554744526|7|30.645|75.328|000000012946|15
42.6347107438|2|42.635|0.000|000000012977|15
53.1835051546|10|30.774|188.563|000000014625|15
29.2223463687|3|27.261|7.690|0000000146FB|15
34.8868421053|4|24.877|103.973|000000014702|15
44.7076923077|3|38.181|85.205|00000001470D|15
12.6751842752|5|19.264|63.641|00000001473E|15
43.2297520661|3|36.870|80.897|000000014768|15
29.7204545455|3|26.114|26.018|000000014781|15
31.8444444444|3|27.299|41.327|000000014782|15
15.074351585|5|22.947|68.964|000000015FC4|15
53.5636363636|4|38.139|241.642|000000015FF1|15
39.3801526718|3|34.302|51.567|00000001AF12|15
48.6495412844|13|27.511|160.204|00000001C488|15
40.1727272727|3|34.562|62.968|00000001C505|15
40.6204724409|6|27.157|95.935|00000001C546|15
57.6391304348|3|46.052|268.505|00000001C55F|15
13.077|10|22.175|75.028|00000001DC18|15
47.9889908257|4|35.481|156.798|00000001DCEC|15
36.825|3|28.064|42.309|00000001DCF5|15
15.9475609756|8|28.814|117.083|00000001F1AD|15
15.6339943343|3|15.617|0.001|000000027B85|15
16.3253164557|3|16.457|0.035|000000027B87|15
12.3416267943|3|12.591|0.124|000000027B89|15
12.4009615385|2|12.401|0.000|000000027B98|15
16.1944272446|2|16.194|0.000|000000027B9B|15
18.4432835821|2|18.443|0.000|000000027BA0|15
10.762962963|3|11.251|0.476|00000002A18A|15
17.2633663366|3|15.373|7.148|00000002A1A1|15
