47.3464285714|6|26.654|220.143|00000000863F|15
14.73|4|28.999|157.898|0000000086FB|15
13.2616966581|4|20.625|112.607|000000008700|15
35.1060402685|3|31.299|28.983|000000008705|15
43.3512605042|3|35.285|130.145|00000000870B|15
45.7714285714|7|32.371|133.511|000000008712|15
42.8754098361|4|32.968|104.177|000000008714|15
27.5871657754|3|25.205|11.348|000000008715|15
15.7081081081|4|23.410|104.370|000000008718|15
46.7035714286|7|32.854|163.475|000000008719|15
42.1838709677|3|34.500|118.099|00000000871B|15
39.4866141732|2|39.487|0.000|00000000871C|15
39.0818181818|3|32.029|99.475|000000008726|15
42.1838709677|2|42.184|0.000|00000000872F|15
32.3341463415|4|34.314|5.760|000000008746|15
49.3471698113|3|39.712|185.680|000000008747|15
15.5216617211|4|23.420|119.797|00000000874B|15
50.2961538462|2|50.296|0.000|00000000874E|15
43.4655737705|3|43.196|0.146|00000000875E|15
29.1457627119|2|29.146|0.000|000000008765|15
48.2130841121|2|48.213|0.000|000000008768|15
35.825|1|35.825|0.000|00000000876A|15
27.6761904762|2|27.676|0.000|00000000876B|15
48.8859813084|2|48.886|0.000|00000000876F|15
41.1069767442|2|41.107|0.000|000000008773|15
42.8615384615|2|42.862|0.000|000000008778|15
43.956302521|2|43.956|0.000|00000000877B|15
36.325|1|36.325|0.000|00000000877D|15
29.5525423729|2|29.553|0.000|00000000877E|15
51.2823529412|2|51.282|0.000|000000008780|15
56.8565217391|2|56.857|0.000|000000008783|15
38.1810218978|2|38.181|0.000|000000008786|15
46.7035714286|2|46.704|0.000|000000008788|15
33.4987012987|2|33.499|0.000|000000008789|15
47.9889908257|2|47.989|0.000|00000000878B|15
45.0931034483|2|45.093|0.000|00000000878D|15
50.5764705882|2|50.576|0.000|00000000878F|15
15.2947368421|4|22.688|73.186|00000000A424|15
15.194269341|6|20.240|83.154|00000000A428|15
53.9257731959|6|41.097|176.955|00000000A447|15
29.6482758621|3|25.091|41.546|00000000A451|15
39.0358208955|4|28.291|115.650|00000000A457|15
47.3464285714|3|39.026|138.470|00000000A459|15
33.1063291139|4|25.690|56.592|00000000A45A|15
42.2852459016|4|30.168|147.191|00000000A45B|15
32.1381818182|3|27.749|38.538|00000000A467|15
50.5764705882|3|40.466|204.437|00000000A475|15
36.8366197183|3|32.152|43.898|000000010685|15
44.7076923077|3|33.949|231.513|0000000123FF|15
29.5525423729|5|23.032|31.237|000000012409|15
32.2888888889|2|32.289|0.000|00000001242A|15
35.0140127389|6|27.812|97.959|000000012431|15
51.0772277228|6|28.732|250.821|000000014157|15
39.0818181818|7|24.692|84.148|00000001416C|15
54.6680412371|3|43.245|260.955|000000014203|15
39.9906976744|3|32.288|118.674|00000001422D|15
44.7076923077|5|33.201|116.259|000000015D12|15
40.6204724409|4|32.218|72.851|000000015D16|15
33.9662337662|6|28.023|37.619|000000015D17|15
52.8363636364|7|28.896|246.938|000000015D1A|15
45.8842105263|4|37.710|93.533|000000015D30|15
14.6082644628|6|22.706|49.796|000000015D33|15
46.1943925234|4|36.566|117.805|000000015D48|15
30.1295454545|3|27.528|13.537|00000001C0E8|15
53.9257731959|7|30.886|234.782|00000001D870|15
40.1727272727|10|25.617|75.011|00000001EED0|15
49.5588785047|7|28.615|207.655|00000001EF23|15
45.8842105263|5|31.537|139.386|00000001EF33|15
12.080369515|3|14.202|9.000|000000027A1D|15
12.3897196262|2|12.390|0.000|000000027A50|15
14.8181303116|2|14.818|0.000|000000027A56|15
19.0748201439|2|19.075|0.000|000000027A67|15
19.4453531599|2|19.445|0.000|000000027A6A|15
23.9945701357|2|23.995|0.000|000000027A6C|15
10.7251559252|2|10.725|0.000|000000027A6D|15
14.4861702128|2|14.486|0.000|000000027A6F|15
15.2501457726|2|15.250|0.000|000000027A70|15
20.5534883721|2|20.553|0.000|000000027A73|15
14.8181303116|4|14.634|8.390|000000028E4D|15
21.0919354839|6|16.937|24.004|000000029436|15
10.8378151261|2|10.838|0.000|000000029A72|15
23.4565022422|2|23.457|0.000|000000029A86|15
17.1611650485|5|15.671|6.557|000000029A8B|15
14.7762711864|4|13.811|2.005|00000002A03C|15
