48.8859813084|2|48.886|0.000|00000000848F|15
55.6468085106|4|47.203|252.777|00000000849B|15
54.6680412371|4|38.255|307.250|0000000084A9|15
62.912195122|4|50.264|329.437|0000000084AC|15
52.8363636364|4|50.840|4.397|0000000084AE|15
51.2823529412|4|37.508|239.601|0000000084B0|15
25.1317535545|4|36.311|126.001|0000000084B1|15
57.6413793103|4|52.322|69.239|0000000084B7|15
51.2823529412|2|51.282|0.000|0000000084C1|15
54.6680412371|2|54.668|0.000|0000000084C9|15
18.0372413793|5|27.339|59.533|00000000A335|15
51.2823529412|3|37.568|376.188|00000000A339|15
23.1451327434|3|32.230|165.073|00000000A33E|15
56.0739130435|5|39.887|278.461|00000000A33F|15
50.5764705882|5|40.373|127.869|0000000121C5|15
46.5538461538|3|46.011|0.590|000000013F67|15
18.6445945946|2|18.645|0.000|000000028E12|15
