0000000073DF,26.410619469,1477897071
0000000073DC,38.0178343949,1477896971
0000000073DA,48.9245901639,1477896941
000000009373,33.1047619048,1477896437
00000001123D,30.6639593909,1477896551
0000000073D7,20.725,1477896964
0000000073D5,31.4625,1477896906
0000000073D3,26.4,1477896908
0000000073BB,36.8444444444,1477896592
0000000073E1,38.0178343949,1477897058
00000001B3EA,39.5758389262,1477896519
000000029664,17.6591715976,1477896347
00000001CA89,31.9619047619,1477896990
00000001B3E4,24.7668049793,1477896328
0000000073EC,46.9984251969,1477897126
00000001B3DF,32.0903225806,1477896672
0000000073B6,27.4581818182,1477896591
0000000073B1,33.5045454545,1477896543
00000002768C,15.7723237598,1477896698
00000000938F,28.8347826087,1477897020
0000000073C5,36.3951219512,1477896747
00000000739F,29.1920792079,1477896399
0000000073C3,40.0056338028,1477896677
0000000073C2,31.9224489796,1477896701
00000000739C,12.7360691145,1477896526
0000000073CF,45.6700729927,1477896829
0000000073CE,34.7023255814,1477896845
00000001CA7B,22.4390977444,1477896552
000000013002,23.6857142857,1477896883
000000014DA1,22.7816793893,1477896739
00000000A8AA,24.986440678,1477896397
000000014DA5,35.3183431953,1477896954
000000014DBC,35.3101796407,1477897040
000000027680,13.1949790795,1477896333
000000027683,18.7698113208,1477896405
000000012FF7,26.6464285714,1477896711
000000012FF3,12.493220339,1477896797
00000001CA55,22.506870229,1477896334
000000012FEE,20.096969697,1477896614
0000000073A3,35.1209302326,1477896421
00000001F410,44.5432835821,1477896874
000000007397,38.0178343949,1477896329
0000000073AE,31.9187165775,1477896537
0000000073AF,34.7023255814,1477896531
00000001CA49,15.980952381,1477896344
