00000000A0AD,45.2181818182,1477921174
00000002C54D,15.1877862595,1477921140
00000002792D,12.4405063291,1477921059
0000000159D1,42.0338028169,1477921412
000000027919,13.017218543,1477921095
0000000080F1,44.0372093023,1477921235
000000008118,46.2697674419,1477921603
000000008108,42.9410071942,1477921458
00000002994A,19.7879194631,1477921189
00000002793C,18.4170731707,1477921565
00000001D3F7,11.1775280899,1477921241
0000000080CF,34.2837209302,1477920912
000000013C09,37.0732919255,1477921319
00000000810E,50.4,1477921480
00000000810A,40.0590604027,1477921475
000000011E81,42.9410071942,1477921422
00000000810B,33.8896551724,1477921493
00000000A09B,53.9076923077,1477921005
000000008101,24.7668049793,1477921452
000000013BCA,33.7474860335,1477921145
00000001EBE0,25.5076923077,1477921386
00000001BD07,28.9747572816,1477920968
000000008121,43.5678832117,1477921672
000000027933,13.9404255319,1477921326
0000000080E2,51.7263157895,1477921058
00000000A0C9,32.4,1477921514
0000000080E6,24.7764705882,1477921166
0000000080FF,39.2684210526,1477921383
0000000080D8,36.8444444444,1477920955
0000000080FE,21.7594095941,1477921443
00000000A0BE,46.8279069767,1477921423
000000027F57,14.9969849246,1477921541
000000008117,46.2697674419,1477921602
0000000080DA,27.3798165138,1477921023
0000000080DB,38.0178343949,1477921001
0000000080DD,45.0805970149,1477921016
00000002792F,13.4630136986,1477921142
00000002880A,12.1564154786,1477921541
000000029947,10.0926315789,1477921479
00000002C258,16.8071005917,1477920962
00000000A0C7,33.1912087912,1477921503
0000000180B9,24.462295082,1477921505
000000011E94,55.7831775701,1477921440
0000000159CC,34.1288135593,1477921336
00000000A053,34.3227272727,1477921015
000000011E93,40.1142857143,1477921473
