000000007EE1,33.3152542373,1477915663
000000027F05,19.0696485623,1477915764
000000009E9B,42.9410071942,1477915629
000000007EE9,35.1209302326,1477915980
000000011C65,21.4705035971,1477915534
0000000278B6,21.8637362637,1477916153
000000007F01,25.5966101695,1477916018
000000007EFB,36.6260869565,1477915943
000000013988,38.0178343949,1477915662
000000007F0F,34.8923076923,1477916183
000000007F0D,19.4613861386,1477916223
000000007EF5,28.214354067,1477915907
000000007EF1,42.9410071942,1477915812
00000002C4CC,15.5843342037,1477916022
000000007EEA,22.2088235294,1477915829
00000001BBBD,31.0875,1477915605
0000000157F0,27.2547945205,1477915868
000000007EE8,32.7956043956,1477915777
0000000292B8,14.8909090909,1477916046
0000000138D3,40.6040816327,1477915599
00000001A605,31.580952381,1477915638
000000009EAE,11.1358208955,1477916045
0000000139EF,28.8347826087,1477915735
0000000157D1,32.7956043956,1477915511
000000011CA8,39.8522292994,1477915826
0000000139C2,29.9939698492,1477915537
000000009EDF,35.5111111111,1477916220
000000013A07,39.5284768212,1477916000
000000007F04,23.8752,1477916063
00000000B37A,37.5396226415,1477915582
0000000157CE,43.0423357664,1477915868
0000000157C9,33.7220338983,1477915823
00000002B46D,14.5226277372,1477915594
000000009EBF,33.8896551724,1477915950
000000007E63,41.093877551,1477915666
00000002BD56,16.4429752066,1477915563
000000015807,16.9210084034,1477916098
0000000278CA,13.1761589404,1477915851
00000001D282,45.0805970149,1477916274
000000007EDC,26.9260273973,1477915593
000000007EDD,35.7413173653,1477915574
000000009E3B,34.7172413793,1477916019
00000001396C,29.5485148515,1477915912
00000001D241,34.1288135593,1477915607
00000001581B,28.5588516746,1477916269
000000011CD2,36.4,1477916262
00000001D2B4,37.5396226415,1477916276
0000000139AD,32.4391304348,1477915570
00000001BBF1,35.7283018868,1477916031
000000007E94,23.315625,1477915505
0000000156BA,35.7413173653,1477915780
0000000278C9,15.3835051546,1477915682
