00000001B763,31.9187165775,1477907208
0000000151D9,36.8444444444,1477907147
00000001B767,42.3319148936,1477907310
00000001CD37,39.7421052632,1477907189
0000000151D3,18.6525,1477906998
0000000151D7,41.6233576642,1477906956
000000009824,22.6247191011,1477906938
00000000784E,14.3146919431,1477907000
000000016427,12.5127753304,1477906801
000000011652,24.2634146341,1477906649
0000000150DF,28.1547169811,1477906873
0000000097F4,37.5592356688,1477906581
000000007847,15.8744680851,1477906957
000000007846,33.9370786517,1477906854
000000007843,16.0451612903,1477906927
000000007888,36.8341463415,1477907174
000000009825,35.3101796407,1477906943
00000002B7DE,11.9610547667,1477906769
00000000AA49,22.0467153285,1477907064
00000000779E,34.7023255814,1477906995
00000000977B,33.7220338983,1477906575
0000000133E5,30.0857142857,1477907088
00000000AA5D,37.5592356688,1477907276
00000000DE5A,36.5333333333,1477906743
000000007830,39.225974026,1477906729
000000007833,37.3558441558,1477906762
000000007834,34.2837209302,1477906775
00000000782E,25.3427312775,1477906741
000000029181,10.5677419355,1477906522
00000001A11A,17.4526315789,1477906968
000000016D8D,17.1517241379,1477907170
00000001F583,46.2697674419,1477906609
0000000151A4,39.2684210526,1477906580
0000000116C4,38.476433121,1477907255
00000001CD60,17.0644067797,1477906519
00000001CD67,16.4883977901,1477906861
00000001CD69,18.0314868805,1477906650
00000000783A,48.3344262295,1477906764
00000001CD4B,16.7193277311,1477906908
00000000783F,46.2697674419,1477906792
000000007822,32.4391304348,1477907059
00000000985B,34.1288135593,1477907246
000000007743,33.3452513966,1477906547
00000001E568,36.8341463415,1477907123
0000000116C0,18.6444444444,1477907172
00000000789C,39.2684210526,1477907296
00000000789A,29.5485148515,1477907296
00000002C442,12.3364016736,1477906942
00000000780A,15.3439588689,1477906633
00000001E53A,14.4884520885,1477906950
00000002BC59,15.8943396226,1477906721
00000000780F,35.3101796407,1477906534
000000013360,38.7584415584,1477907093
0000000151C1,21.7655172414,1477906953
00000001CDDB,25.7502183406,1477907254
00000001E581,30.7125,1477907218
0000000116A9,13.8166666667,1477907115
00000001CD81,36.3951219512,1477906741
0000000077C0,32.4,1477906568
00000001CD5A,25.5076923077,1477906881
000000011681,34.7172413793,1477906888
00000000F8EE,24.556097561,1477907133
000000015205,34.3034482759,1477907146
00000000973E,30.2984771574,1477906913
0000000133B3,34.2837209302,1477906803
00000001B740,28.8365482234,1477907121
000000027787,19.3792207792,1477906756
0000000133DB,17.6631578947,1477907151
00000001518D,23.3235521236,1477906717
000000027DC3,15.8239554318,1477906856
000000007875,26.4947368421,1477907083
000000007877,41.5267605634,1477907072
000000007870,36.1834394904,1477907021
000000007872,31.0875,1477907043
000000011663,32.4,1477906702
0000000077AE,19.8545454545,1477907159
00000000786A,14.9155555556,1477907129
000000007880,40.1142857143,1477907130
000000007882,26.2942731278,1477907186
000000007737,38.7947368421,1477906602
0000000133E1,26.325,1477907080
00000001A133,28.1547169811,1477907034
00000001B759,35.3101796407,1477907264
00000001CD05,21.1659574468,1477906526
00000000DE83,40.1142857143,1477907168
000000007826,15.1492385787,1477906790
00000001E53D,33.7474860335,1477906760
000000007860,16.5176470588,1477907065
000000009803,26.6114537445,1477906781
00000000787E,29.2588235294,1477907158
00000000787F,46.431496063,1477907120
00000000AA67,37.5396226415,1477906717
00000000AA61,38.476433121,1477906588
00000000787B,19.1307692308,1477907185
00000002778D,12.672611465,1477907055
00000002814E,17.7642857143,1477907169
00000000F9C3,27.5551401869,1477907077
