000000027FA4,19.2705882353,1477926346
00000001BE12,48.9245901639,1477926624
00000001ED1B,37.0867924528,1477926322
00000001A864,26.5621621622,1477926555
00000001ED3A,47.5653543307,1477926687
00000001FA9E,35.7413173653,1477926904
00000000828A,40.95,1477927049
000000015B2C,38.6448979592,1477926473
00000002B11C,25.0789915966,1477927016
000000013D6F,30.9742574257,1477926409
000000008286,36.8444444444,1477926795
000000008282,23.8752,1477926720
000000008280,43.5678832117,1477927122
00000000A220,28.5588516746,1477926581
00000001BE1D,27.5059907834,1477926925
00000000A21C,38.6448979592,1477926554
000000027979,14.2794258373,1477926839
00000001D54B,12.1070993915,1477926858
