00000001B414,23.2249027237,1477897695
000000011287,38.7947368421,1477897831
00000001B454,42.0338028169,1477898042
00000000742D,31.580952381,1477897813
00000000742C,31.580952381,1477897814
000000007447,38.476433121,1477898184
0000000093BC,35.7413173653,1477897558
00000000A8DA,56.4560747664,1477897727
000000027CDC,10.9236889693,1477897921
00000000F5FB,26.8864864865,1477898135
00000000744B,30.2984771574,1477898233
0000000290D2,16.8962750716,1477898063
0000000112DC,31.0875,1477898161
00000001305A,32.8304347826,1477898119
000000007450,34.7023255814,1477898279
0000000093A8,26.1506493506,1477897531
0000000276A0,13.1342465753,1477898060
00000000743E,50.4,1477898052
000000014DA5,31.0875,1477897589
000000007430,11.5005780347,1477898000
000000014E1B,31.4625,1477897972
000000009404,34.1288135593,1477898285
000000029CD7,15.9168,1477898045
000000014E30,33.8896551724,1477898219
000000014DE8,20.8852941176,1477897548
00000002769F,14.6294117647,1477898027
00000000741A,18.8886075949,1477897676
0000000093D8,28.8331797235,1477897807
0000000093F4,51.6307692308,1477898246
00000001303C,18.7109717868,1477897625
000000007428,21.3455830389,1477897809
000000007449,23.4992125984,1477898259
00000000F5B2,46.9984251969,1477897572
00000000C13A,35.3101796407,1477898085
0000000093D5,30.3786096257,1477897729
000000019F24,36.8444444444,1477897522
000000007443,34.9052631579,1477898158
0000000211E6,12.6995744681,1477897728
00000001CAC7,19.612987013,1477898008
