000000027C3A,16.9087818697,1477887227
00000000705D,49.9239669421,1477887297
000000009077,34.3034482759,1477887650
00000002A24E,17.1918367347,1477887687
00000000F2F3,11.9857142857,1477887433
00000000706A,40.5422818792,1477887415
00000000904C,47.9441860465,1477887312
000000019D4C,39.5284768212,1477887504
000000029C3C,11.8428571429,1477887560
000000012D1E,34.501734104,1477887766
000000012CF2,19.3165048544,1477887322
000000007052,38.7584415584,1477887150
000000012D25,40.1142857143,1477887809
000000007056,21.7839416058,1477887270
000000012CD5,27.5059907834,1477887244
000000012D05,16.2308571429,1477887530
000000007073,19.5058823529,1477887602
00000000900E,45.0857142857,1477887397
000000007059,15.5843342037,1477887364
0000000275E1,15.8091152815,1477887340
00000000704B,29.9939698492,1477887055
000000012CFD,26.6464285714,1477887403
00000000906A,34.7172413793,1477887531
00000001B1EC,26.2942731278,1477887058
000000007067,32.4,1477887420
0000000189A2,32.4391304348,1477887447
000000014ACF,28.8347826087,1477887684
000000007076,27.8377880184,1477887599
00000000707E,31.9187165775,1477887662
00000000705A,19.5258278146,1477887337
000000007048,33.3452513966,1477887011
000000010F7E,41.45,1477887586
00000001C7E2,20.6532871972,1477887028
000000012CE3,44.6727272727,1477887461
000000007060,11.2282527881,1477887529
00000000903B,47.9428571429,1477887063
00000001F325,28.5588516746,1477887659
000000007087,40.5422818792,1477887780
000000007086,36.3951219512,1477887752
000000027C37,13.3942350333,1477887143
00000001C827,19.9216216216,1477887725
000000027C32,13.2473684211,1477887306
000000009051,23.315625,1477887305
00000000907C,33.0098360656,1477887652
