0000000075BB,29.2588235294,1477902101
00000000F75F,26.5621621622,1477901966
000000014F5A,34.7023255814,1477901847
000000011404,22.9447470817,1477901673
000000009576,29.9329949239,1477901926
000000009575,33.6142011834,1477901878
00000000A981,23.8809160305,1477901995
0000000113F6,23.2249027237,1477901486
00000000758C,25.6382608696,1477902063
000000014F72,33.3152542373,1477902186
000000014F7B,34.7023255814,1477902139
00000000757B,31.5336898396,1477901429
00000000757D,23.4992125984,1477901489
000000007587,31.5336898396,1477901580
000000007580,15.6661417323,1477902006
000000007581,31.0875,1477901528
0000000075A8,32.7956043956,1477901940
0000000075A7,34.3034482759,1477901926
0000000075A4,36.8444444444,1477901901
0000000075A2,27.180861244,1477901914
00000001CB9B,41.5267605634,1477901458
000000009555,38.2909090909,1477901703
00000001CB9D,34.1288135593,1477901517
0000000276F6,19.2705882353,1477901958
0000000276F5,15.6,1477901994
0000000276F9,18.5300613497,1477902082
000000007597,39.7421052632,1477901736
0000000075B8,26.410619469,1477902080
000000007590,41.45,1477901652
0000000075B2,33.7149700599,1477902013
0000000290FB,13.3829596413,1477901860
000000007599,46.2697674419,1477901753
0000000276EC,18.0862275449,1477901488
0000000276ED,15.0643391521,1477901548
00000000A970,35.3263157895,1477901447
000000019FC9,27.1741935484,1477901414
000000009582,39.2684210526,1477902017
0000000075BC,24.2666666667,1477902140
00000000953E,40.6040816327,1477901406
00000001E351,28.1547169811,1477901847
000000009594,36.8444444444,1477902133
00000001142E,38.9095890411,1477901934
000000011439,27.3,1477902141
