00000001CB18,25.1848101266,1477899743
000000011376,22.6950570342,1477899958
00000002BBFE,13.9457943925,1477899956
00000000750B,33.7474860335,1477900333
00000001B49A,30.2984771574,1477900368
0000000074F2,30.3557788945,1477900172
0000000276CC,14.5936430318,1477900118
000000019FAD,31.2131868132,1477900331
0000000074F6,36.8444444444,1477900203
0000000074F5,30.3557788945,1477900207
0000000074EF,24.556097561,1477900183
000000027D19,15.8323607427,1477899830
0000000276C8,18.7021671827,1477899970
00000000F6A9,33.0098360656,1477899603
0000000074BA,27.5551401869,1477899681
000000007507,38.7947368421,1477900289
0000000276C0,16.0021447721,1477899812
000000007516,39.45,1477900418
000000019F95,34.3034482759,1477899933
000000007511,32.5790055249,1477900384
000000007510,37.0224852071,1477900365
000000014E9E,37.5592356688,1477899741
0000000211FC,12.5463829787,1477899619
00000000946D,32.8304347826,1477900262
000000013110,38.0178343949,1477900303
0000000162EA,22.7097744361,1477899973
000000013115,26.064628821,1477900343
00000002B321,21.4705035971,1477899663
00000000F69B,45.2181818182,1477899637
00000000F6D1,25.5891891892,1477900113
0000000074E8,35.3183431953,1477900089
0000000074BF,27.2547945205,1477899699
000000019FA8,27.8377880184,1477900175
00000001CB3C,10.1319587629,1477900184
0000000296EC,12.5463829787,1477899926
0000000094C1,42.4230215827,1477900219
0000000074DA,11.0842105263,1477900108
0000000074F4,18.8886075949,1477900237
0000000074C1,38.476433121,1477899906
000000009480,38.476433121,1477899618
000000007509,29.6117647059,1477900319
0000000074B6,31.580952381,1477899635
0000000162F6,38.476433121,1477899906
0000000074FC,39.7421052632,1477900244
