000000010FED,34.7023255814,1477889558
0000000275FD,15.5290488432,1477889115
0000000070F8,24.0677419355,1477889377
000000014B46,10.5829787234,1477889330
000000014B44,28.4228571429,1477889186
00000001C87F,41.45,1477889220
00000000D8D6,34.501734104,1477889170
000000009144,38.7947368421,1477889911
00000000A7B5,33.7220338983,1477889494
0000000090DA,27.2108108108,1477889120
000000012DA7,34.3227272727,1477889520
0000000217BC,12.8527659574,1477889434
000000007100,38.7584415584,1477889219
00000000712C,25.7275862069,1477889662
000000010FF0,34.378021978,1477889166
000000009139,33.3452513966,1477889868
000000007123,38.476433121,1477889458
000000007129,34.4479041916,1477889610
000000027600,17.1243243243,1477889189
000000027606,13.1761589404,1477889552
000000027609,14.6294117647,1477889789
000000012DB3,26.9260273973,1477889618
00000002A265,25.5272727273,1477889835
00000000912C,33.3452513966,1477889714
00000000F362,33.6142011834,1477889343
000000009105,23.2338461538,1477889356
00000001E035,23.4337078652,1477889827
000000009109,36.8444444444,1477889339
000000007131,38.476433121,1477889875
000000007135,32.047826087,1477889691
000000007139,38.098013245,1477889699
00000000911B,31.0875,1477889728
000000014B59,30.2984771574,1477889566
0000000090FB,36.376744186,1477889188
0000000090FE,11.3389221557,1477889410
000000007145,29.6117647059,1477889882
000000010FC2,33.8896551724,1477889755
000000007141,35.7413173653,1477889790
000000007148,39.2684210526,1477889883
000000014B54,27.9842364532,1477889486
