38.7947368421|2|38.795|0.000|000000007681|13
18.9485714286|4|23.019|50.883|000000007698|13
10.6826086957|7|28.832|171.298|0000000076DA|13
28.9747572816|4|29.441|1.869|0000000076E9|13
19.1307692308|4|28.802|188.634|0000000076F7|13
21.9441176471|2|21.944|0.000|0000000076F9|13
23.6819277108|2|23.682|0.000|0000000076FE|13
21.3652173913|2|21.365|0.000|000000007706|13
42.5408450704|2|42.541|0.000|000000007711|13
34.3034482759|2|34.303|0.000|000000007713|13
20.06910299|3|24.496|39.191|00000000771D|13
34.5519553073|2|34.552|0.000|000000007720|13
27.8150943396|3|34.475|88.708|000000007722|13
39.2684210526|2|39.268|0.000|000000007725|13
14.6686567164|2|14.669|0.000|000000007726|13
38.7947368421|2|38.795|0.000|00000000772D|13
28.4869565217|2|28.487|0.000|000000007730|13
37.5592356688|2|37.559|0.000|000000007731|13
28.5467336683|2|28.547|0.000|000000007737|13
25.2915254237|2|25.292|0.000|000000007741|13
36.1724550898|4|41.848|43.991|000000007742|13
30.2984771574|2|30.298|0.000|000000007752|13
27.8470588235|2|27.847|0.000|000000007754|13
32.7956043956|2|32.796|0.000|000000007757|13
35.7443786982|3|36.436|0.956|000000007758|13
26.9260273973|2|26.926|0.000|00000000775D|13
28.2881516588|2|28.288|0.000|000000007763|13
31.0875|2|31.087|0.000|000000007766|13
32.5790055249|2|32.579|0.000|000000007768|13
18.0862275449|2|18.086|0.000|00000000776A|13
42.0338028169|2|42.034|0.000|00000000776B|13
38.0178343949|3|42.145|34.071|000000007770|13
28.8347826087|2|28.835|0.000|00000000777E|13
41.45|1|41.450|0.000|00000000777F|13
29.2824742268|2|29.282|0.000|000000007784|13
39.2684210526|2|39.268|0.000|00000000778B|13
20.2033444816|3|28.764|146.557|0000000096CC|13
42.9410071942|4|30.583|155.529|0000000096D3|13
42.0338028169|4|29.597|156.947|0000000096E4|13
46.8279069767|7|33.616|170.016|0000000096EF|13
28.9058823529|4|22.978|43.098|0000000096FE|13
45.013740458|4|31.358|188.615|000000009775|13
10.3805217391|6|22.399|106.656|00000000A9EF|13
29.904950495|5|22.436|42.873|00000000AA18|13
18.3130434783|3|18.253|0.007|00000000F85A|13
26.8864864865|3|24.240|14.007|00000000F89D|13
18.2532110092|6|24.027|126.494|000000011576|13
44.5432835821|2|44.543|0.000|000000011591|13
28.9747572816|4|27.209|20.844|0000000115BB|13
41.1631578947|2|41.163|0.000|0000000115CF|13
31.9187165775|6|29.478|36.363|000000013259|13
15.3439588689|4|20.642|53.336|0000000132A7|13
24.1651821862|4|22.863|7.579|0000000132A8|13
38.7947368421|6|25.585|103.934|0000000132AC|13
31.6272251309|4|26.256|28.943|0000000132B8|13
36.1724550898|4|24.855|129.281|0000000132CF|13
46.9984251969|5|35.991|107.207|0000000132F4|13
32.0949152542|3|28.423|26.964|0000000132FE|13
29.3242718447|4|26.781|18.353|000000013300|13
29.2588235294|3|25.043|35.554|000000013318|13
36.4|2|30.850|30.802|000000013323|13
25.7275862069|3|24.204|4.645|000000013325|13
38.7947368421|3|32.848|70.737|00000001332E|13
25.1848101266|5|23.633|8.534|000000015066|13
34.8923076923|6|23.053|84.248|0000000150B4|13
31.7936842105|5|26.103|72.982|0000000150C2|13
38.2615384615|4|29.311|80.202|0000000150F7|13
24.1651821862|5|23.766|77.638|000000016D62|13
31.0875|7|28.504|90.559|000000017B2C|13
23.596875|5|23.141|49.516|00000001B644|13
32.0949152542|4|25.304|49.722|00000001B65D|13
20.3337931034|12|32.751|202.569|00000001E416|13
27.5059907834|5|25.672|50.658|00000001E46F|13
14.596039604|10|27.094|140.431|00000001F545|13
11.2491089109|2|11.249|0.000|00000002126F|13
14.0112676056|2|14.011|0.000|000000027746|13
19.2996805112|2|19.300|0.000|000000027748|13
10.5362637363|2|10.536|0.000|00000002774E|13
10.774912892|2|10.775|0.000|000000027753|13
19.699009901|2|19.699|0.000|000000027759|13
20.725|1|20.725|0.000|00000002775F|13
12.8915766739|3|12.112|1.214|000000027D85|13
18.5112426036|3|16.215|10.543|000000028628|13
17.5038123167|3|17.650|0.043|000000029D65|13
16.8962750716|3|15.585|3.439|00000002A37A|13
13.1895196507|4|14.618|2.629|00000002A384|13
11.9368421053|4|13.564|3.089|00000002B7B2|13
23.8766798419|3|21.041|16.086|00000002B7BD|13
