25.0396761134|3|29.625|42.045|0000000067C5|13
25.1848101266|2|25.185|0.000|00000000680D|13
10.1337860781|6|23.834|149.556|000000006843|13
15.12|2|15.120|0.000|00000000684C|13
19.3615384615|3|24.896|61.259|00000000684E|13
37.5592356688|2|37.559|0.000|000000006862|13
18.6525|1|18.652|0.000|000000006863|13
40.6040816327|2|40.604|0.000|000000006865|13
46.6925373134|2|46.693|0.000|000000006867|13
31.580952381|2|31.581|0.000|000000006869|13
31.9187165775|2|31.919|0.000|00000000686D|13
41.5267605634|2|41.527|0.000|000000006871|13
32.6163934426|2|32.616|0.000|000000006876|13
31.9619047619|4|34.790|17.771|000000006879|13
24.1672131148|2|24.167|0.000|00000000687D|13
18.2050632911|2|18.205|0.000|000000006884|13
16.2387096774|4|30.983|217.886|00000000688B|13
30.3786096257|2|30.379|0.000|00000000688D|13
43.5678832117|5|41.207|20.650|00000000688E|13
22.7816793893|4|32.273|94.829|000000006890|13
26.8864864865|2|26.886|0.000|000000006895|13
32.4391304348|2|32.439|0.000|000000006897|13
28.9033492823|2|28.903|0.000|000000006899|13
39.225974026|2|39.226|0.000|00000000689B|13
36.3951219512|2|36.395|0.000|0000000068A0|13
32.4|1|32.400|0.000|0000000068A3|13
35.7413173653|3|38.472|14.912|0000000068A4|13
15.2372093023|2|15.237|0.000|0000000068A5|13
27.1741935484|3|31.933|45.294|0000000068A6|13
31.0875|2|31.087|0.000|0000000068A9|13
32.85|1|32.850|0.000|0000000068AD|13
25.5966101695|3|33.701|131.367|0000000068B1|13
41.093877551|2|41.094|0.000|0000000068BF|13
33.7220338983|2|33.722|0.000|0000000068C2|13
20.0571428571|2|20.057|0.000|0000000068C3|13
19.2078175896|2|19.208|0.000|0000000068C4|13
40.1142857143|2|40.114|0.000|0000000068CA|13
33.7220338983|2|33.722|0.000|0000000068CF|13
23.9710843373|2|23.971|0.000|0000000068D3|13
33.3452513966|2|33.345|0.000|0000000068D6|13
28.9058823529|2|28.906|0.000|0000000068D9|13
31.580952381|2|31.581|0.000|0000000068DE|13
33.3452513966|2|33.345|0.000|0000000068E8|13
41.093877551|2|41.094|0.000|0000000068EF|13
10.5555963303|8|28.116|203.300|0000000088AB|13
36.4|3|24.614|78.274|0000000088D5|13
38.4585365854|4|26.261|149.324|0000000088F3|13
38.0178343949|6|32.596|131.656|0000000088FD|13
36.1724550898|6|31.854|134.984|000000008900|13
34.1288135593|3|29.675|39.671|000000008919|13
43.5678832117|4|30.375|176.283|00000000894F|13
35.3263157895|3|39.482|34.547|00000000EBBC|13
39.5758389262|6|29.964|176.749|00000000EC24|13
38.2615384615|2|38.262|0.000|00000000EC5E|13
32.8304347826|3|29.801|18.360|000000010823|13
27.1741935484|2|27.174|0.000|000000010855|13
43.4589928058|4|33.646|142.250|000000010857|13
28.8347826087|5|25.447|12.650|00000001086E|13
25.5076923077|3|24.390|2.498|000000010883|13
32.0903225806|5|28.911|19.362|000000010888|13
32.4|3|25.608|23.069|00000001088F|13
28.5588516746|2|28.559|0.000|0000000108A4|13
51.6307692308|4|36.119|255.460|0000000108C6|13
35.7443786982|10|32.243|132.780|00000001251C|13
38.7947368421|3|31.227|114.555|000000012547|13
39.5284768212|5|29.985|87.387|00000001254F|13
18.9|4|20.490|5.838|0000000125A0|13
40.0590604027|10|37.140|75.638|0000000125A3|13
38.0178343949|3|32.292|65.575|0000000125B4|13
15.3163636364|5|21.789|82.866|0000000125C0|13
26.8864864865|3|25.440|4.184|0000000125D8|13
30.2984771574|4|28.740|4.774|0000000125E5|13
32.7956043956|4|28.607|46.567|0000000125EB|13
30.7125|4|26.040|21.937|0000000125FD|13
14.3461346633|6|18.602|17.690|0000000142A9|13
36.6260869565|6|29.922|147.445|000000014384|13
32.7956043956|6|26.370|80.131|0000000143AD|13
36.8444444444|4|26.877|103.130|0000000143D7|13
28.5588516746|6|24.902|27.636|000000015E01|13
33.9136363636|5|30.736|153.478|000000015E23|13
38.0178343949|10|27.060|107.213|00000001AC3B|13
24.6644628099|6|22.047|19.278|00000001AC48|13
32.7956043956|5|28.441|41.556|00000001AC75|13
19.7642384106|5|20.616|35.809|00000001ACA8|13
32.6863636364|8|30.902|80.657|00000001C20F|13
33.8896551724|4|27.438|41.758|00000001C252|13
36.8444444444|7|25.910|91.167|00000001D97D|13
38.0178343949|5|26.575|91.653|00000001D981|13
31.9187165775|7|27.366|42.537|00000001D989|13
34.8923076923|7|24.201|67.922|00000001D98F|13
37.5396226415|5|29.418|54.301|00000001D9E6|13
43.5678832117|6|31.948|83.949|00000001F033|13
15.8744680851|3|13.985|7.138|0000000273A5|13
15.8551181102|2|15.855|0.000|000000027418|13
13.0749445676|2|13.075|0.000|000000027440|13
10.5112299465|2|10.511|0.000|000000027459|13
15.0045801527|2|15.005|0.000|00000002745C|13
18.7485148515|2|18.749|0.000|000000027464|13
14.8847880299|2|14.885|0.000|000000027466|13
15.5843342037|2|15.584|0.000|000000027AAE|13
17.0201183432|3|18.323|3.397|000000027AD1|13
14.6294117647|4|18.254|18.120|000000029462|13
11.193638171|4|15.140|18.001|000000029ADA|13
