55.7831775701|2|55.783|0.000|000000006420|13
46.431496063|2|46.431|0.000|000000006424|13
48.3344262295|2|48.334|0.000|000000006430|13
28.9033492823|2|28.903|0.000|000000006431|13
37.4658682635|3|35.751|5.883|000000006434|13
28.9058823529|2|28.906|0.000|000000006438|13
32.047826087|2|32.048|0.000|000000006442|13
22.5402985075|2|22.540|0.000|000000006443|13
32.3037433155|2|32.304|0.000|000000006448|13
31.0875|2|31.087|0.000|00000000644D|13
37.5592356688|2|37.559|0.000|000000006455|13
29.5875|2|29.587|0.000|000000006458|13
36.3951219512|4|24.286|147.095|0000000084F1|13
40.5422818792|6|35.835|101.631|0000000104BE|13
32.4391304348|3|32.303|0.037|0000000121FF|13
53.2928571429|3|49.168|34.036|000000012205|13
40.8690647482|5|37.353|127.127|000000012225|13
30.6639593909|5|29.898|24.295|00000001A9EE|13
25.0272|6|34.983|26.938|00000001BF91|13
28.1547169811|8|32.809|117.227|00000001D6DF|13
11.2406779661|8|29.177|171.721|00000001D6EE|13
22.4390977444|2|22.439|0.000|00000002738A|13
15.7668449198|2|15.767|0.000|00000002738F|13
16.4429752066|2|16.443|0.000|000000027390|13
12.532780083|5|15.784|11.827|000000029A0B|13
20.8367491166|2|20.837|0.000|00000002A000|13
