31.580952381|2|31.581|0.000|000000006985|13
38.7584415584|2|38.758|0.000|0000000069E5|13
27.3798165138|2|27.380|0.000|0000000069EA|13
35.956626506|2|35.957|0.000|0000000069EC|13
38.7584415584|3|33.372|58.021|000000006A0E|13
15.5033766234|5|34.334|241.982|000000006A24|13
36.1811320755|4|34.727|15.692|000000006A32|13
38.476433121|2|38.476|0.000|000000006A34|13
32.7956043956|5|35.366|52.077|000000006A40|13
31.9187165775|2|31.919|0.000|000000006A45|13
18.7109717868|3|28.051|174.474|000000006A4A|13
26.5621621622|2|26.562|0.000|000000006A4B|13
34.1288135593|4|41.574|68.230|000000006A4D|13
28.3605633803|2|28.361|0.000|000000006A54|13
38.476433121|4|38.150|4.244|000000006A57|13
34.9052631579|2|34.905|0.000|000000006A59|13
14.4171837709|3|23.049|149.010|000000006A5D|13
34.7023255814|3|32.744|7.668|000000006A64|13
32.4|1|32.400|0.000|000000006A6B|13
41.5267605634|2|41.527|0.000|000000006A6F|13
15.7488126649|2|15.749|0.000|000000006A73|13
38.7584415584|2|38.758|0.000|000000006A75|13
35.7413173653|3|35.150|0.700|000000006A77|13
40.6040816327|2|40.604|0.000|000000006A83|13
28.4712328767|2|28.471|0.000|000000006A85|13
40.6040816327|3|38.884|5.918|000000006A86|13
37.5396226415|2|37.540|0.000|000000006A90|13
37.0732919255|2|37.073|0.000|000000006A91|13
26.064628821|2|26.065|0.000|000000006A93|13
26.6823529412|2|26.682|0.000|000000006A96|13
37.5592356688|2|37.559|0.000|000000006A9E|13
25.5076923077|7|20.409|28.752|00000000899B|13
31.4625|4|22.892|75.909|000000008A7C|13
34.4479041916|4|24.374|104.138|000000008A81|13
43.8882352941|5|35.887|232.751|000000008A89|13
30.2984771574|5|27.754|113.657|000000008AC2|13
28.214354067|5|25.614|139.124|000000008AC9|13
39.5284768212|4|28.297|129.057|000000008AF3|13
29.844|4|19.724|42.062|00000000A5B4|13
32.7956043956|5|23.420|63.592|00000000A5BF|13
27.5551401869|5|21.572|31.860|00000000A5CE|13
36.1724550898|5|24.046|111.876|00000000D2D1|13
35.7443786982|2|35.744|0.000|00000000D328|13
42.0338028169|7|30.723|146.303|00000000EC5F|13
11.0840366972|3|13.276|9.606|00000000ECFE|13
29.3373134328|3|26.332|18.059|00000000ED93|13
27.6333333333|2|27.633|0.000|00000000EDB1|13
26.064628821|6|23.832|78.914|000000010986|13
17.5095652174|6|23.652|82.852|000000010A07|13
18.4792569659|7|28.593|218.355|000000010A11|13
37.5592356688|6|26.171|112.724|000000010A25|13
45.0805970149|5|28.932|175.884|0000000126FE|13
31.580952381|5|22.765|57.289|000000012735|13
32.7956043956|7|22.140|60.906|00000001273A|13
34.5679558011|5|32.730|48.623|00000001274B|13
35.3183431953|5|24.577|94.598|00000001275C|13
37.8|5|36.986|106.193|000000012782|13
32.0903225806|3|26.912|53.622|000000012784|13
36.3951219512|4|28.047|69.725|000000012786|13
39.225974026|5|26.533|124.481|00000001278C|13
30.2984771574|4|25.656|26.557|00000001278D|13
32.047826087|3|27.747|36.988|0000000127A9|13
31.9187165775|4|24.931|48.838|00000001453D|13
38.7584415584|3|32.379|81.387|000000015EAB|13
29.5485148515|6|25.941|161.384|000000015EBC|13
47.4|4|26.191|153.839|000000015EC6|13
36.4|12|25.322|101.651|00000001746E|13
12.5197452229|8|18.821|38.287|0000000185B0|13
20.7972125436|8|24.301|70.027|000000019918|13
32.7956043956|6|27.847|22.271|000000019924|13
31.5336898396|7|24.890|37.817|00000001ADB6|13
34.2837209302|5|27.644|35.581|00000001ADF3|13
10.526984127|12|21.834|93.392|00000001C309|13
40.0590604027|6|28.226|100.559|00000001C340|13
42.9410071942|10|30.356|91.191|00000001C342|13
34.3034482759|8|22.456|57.648|00000001C34F|13
31.4412060302|5|30.207|93.501|00000001C3C5|13
43.3588235294|9|30.827|98.973|00000001DA62|13
17.7614457831|7|23.835|58.049|00000001DAE3|13
15.6413793103|8|23.093|79.491|00000001F0B1|13
24.2666666667|4|20.617|15.122|000000027477|13
11.0426966292|3|11.373|0.218|00000002748A|13
16.9448275862|3|16.279|0.886|0000000274AE|13
10.5488372093|2|10.549|0.000|0000000274AF|13
24.7764705882|2|24.776|0.000|0000000274B8|13
11.156635514|2|11.157|0.000|0000000274BA|13
17.9243243243|3|16.527|3.904|000000027AF6|13
13.1607843137|3|13.765|0.729|000000027B12|13
12.1301204819|4|12.509|0.575|000000028063|13
16.9087818697|3|15.706|2.891|000000029B36|13
20.2639175258|5|19.843|3.722|00000002B5FB|13
14.9895781638|5|17.045|5.678|00000002BA70|13
