45.2181818182|3|43.827|3.872|000000006D0A|13
34.7023255814|2|34.702|0.000|000000006DAE|13
11.4784615385|5|21.121|272.739|000000006DB0|13
48.135483871|2|48.135|0.000|000000006DB2|13
37.5592356688|2|37.559|0.000|000000006DB4|13
31.9187165775|3|33.502|5.016|000000006DB9|13
35.3183431953|2|35.318|0.000|000000006DC6|13
32.3037433155|3|33.237|1.743|000000006DC7|13
22.3363636364|3|26.314|31.636|000000006DC9|13
27.1358490566|2|27.136|0.000|000000006DCC|13
29.2020304569|2|29.202|0.000|000000006DCE|13
20.1945205479|2|20.195|0.000|000000006DD2|13
26.2942731278|2|26.294|0.000|000000006DD5|13
19.5258278146|2|19.526|0.000|000000006DD9|13
31.580952381|2|31.581|0.000|000000006DDC|13
19.1307692308|2|19.131|0.000|000000006DE0|13
29.1826086957|2|29.183|0.000|000000006DEE|13
51.0153846154|2|51.015|0.000|000000006DF3|13
23.2906882591|4|22.683|0.521|000000008C5D|13
37.5396226415|5|36.776|90.796|000000008D74|13
28.214354067|4|26.704|45.723|000000008DDB|13
31.5336898396|4|28.181|44.754|000000008DE2|13
23.8766798419|5|30.847|155.352|00000000A6E7|13
48.9245901639|3|41.759|102.684|00000000BCB6|13
28.6252427184|6|37.803|49.447|00000000F0A0|13
35.3101796407|3|35.714|0.326|00000000F0B2|13
39.2684210526|2|39.268|0.000|000000010D58|13
42.5408450704|5|30.768|97.897|000000012A15|13
15.2161209068|3|17.752|12.864|000000012A6F|13
20.4410958904|10|30.607|83.177|000000012A75|13
22.5931034483|6|25.185|64.672|000000012A7C|13
36.8444444444|4|38.222|48.376|000000012AA7|13
35.7283018868|3|34.226|4.516|000000012AAB|13
22.5402985075|5|30.776|48.460|000000012AAE|13
37.9924528302|7|32.806|105.157|0000000147B4|13
29.1826086957|7|32.154|157.427|000000014840|13
31.9187165775|5|30.771|46.107|000000014847|13
40.0590604027|7|38.953|75.037|000000014855|13
24.6728033473|5|27.824|176.856|000000014861|13
26.9260273973|12|30.758|57.052|00000001AFEC|13
31.4412060302|4|36.344|26.807|00000001C61C|13
22.4212927757|4|28.971|55.538|00000001C62B|13
24.1672131148|4|30.870|77.146|00000001C64D|13
11.4126195029|2|11.413|0.000|00000002755C|13
13.9132867133|2|13.913|0.000|00000002755D|13
21.4705035971|7|16.203|20.374|000000027B98|13
10.7679144385|4|12.892|8.489|000000029BC7|13
15.0727272727|4|15.409|0.173|00000002A19A|13
