43.5678832117|2|43.568|0.000|000000008280|13
23.8752|3|34.912|76.642|000000008282|13
36.8444444444|7|41.750|73.765|000000008286|13
40.95|2|45.950|25.000|00000000828A|13
18.2532110092|2|18.253|0.000|00000000828E|13
29.2020304569|2|29.202|0.000|000000008290|13
36.8444444444|2|36.844|0.000|000000008291|13
36.6260869565|2|36.626|0.000|000000008297|13
46.8279069767|2|46.828|0.000|00000000829B|13
28.9033492823|2|28.903|0.000|00000000829C|13
34.3034482759|3|42.126|122.374|00000000829E|13
39.2684210526|2|39.268|0.000|00000000829F|13
54.7596330275|2|54.760|0.000|0000000082A3|13
53.2928571429|4|49.199|46.647|00000000A211|13
31.580952381|4|27.901|41.740|00000000A236|13
48.3344262295|4|37.011|140.981|00000000A243|13
41.5267605634|5|44.572|33.285|000000011FF0|13
51.0153846154|5|35.601|220.141|000000013D84|13
42.5408450704|3|46.888|37.793|000000015B4F|13
48.9245901639|9|42.098|72.613|00000001BE12|13
27.5059907834|3|32.884|57.839|00000001BE1D|13
12.1070993915|6|30.844|307.389|00000001D54B|13
47.5653543307|6|37.542|165.224|00000001ED3A|13
35.7413173653|7|37.675|73.902|00000001FA9E|13
14.2794258373|3|15.389|2.464|000000027979|13
10.0285714286|6|14.451|21.170|000000027F8B|13
25.0789915966|7|17.948|22.027|00000002B11C|13
