00000001F24B,49.4204081633,1477880781
000000010D58,43.9329341317,1477880668
000000004C94,32.7243243243,1477880885
00000001DDE6,52.1746478873,1477880675
000000006DE0,51.6676056338,1477880722
000000008E40,43.9329341317,1477881071
000000008D74,30.9569620253,1477880719
000000012AD8,42.6558139535,1477880889
000000026422,18.4341708543,1477880819
000000006DC9,34.2679245283,1477880425
000000008E39,33.8101382488,1477881044
000000008E0C,15.8967177243,1477880721
000000001545,35.9647058824,1477880589
00000001487B,38.2125,1477880623
000000001541,28.378125,1477880474
00000000A6F6,27.4934362934,1477880723
000000008DFC,45.2888888889,1477881066
00000000BCB6,36.3207920792,1477881166
000000016031,39.6192513369,1477880736
000000014879,26.7428571429,1477880803
000000006DD9,36.7125,1477880674
000000027BCD,11.590521327,1477880559
000000008E02,33.0486486486,1477880663
00000000154B,41.0440677966,1477880882
00000000154C,35.6192307692,1477880901
00000001DDD4,24.703030303,1477880931
00000000154A,34.6205607477,1477880845
000000027558,17.4270783848,1477880512
000000006DB9,10.6176555716,1477880457
000000008E43,40.3120879121,1477881143
0000000280A6,15.5563169165,1477880878
00000001DDEF,37.8375,1477881079
000000008E29,35.4488038278,1477881181
000000008E1A,55.5818181818,1477880858
00000002A19A,17.514893617,1477881077
000000010D81,39.8739130435,1477881101
00000002BF7C,17.1420560748,1477880513
000000010D60,41.4508474576,1477880797
