000000012271,46.272611465,1477866144
000000012276,46.272611465,1477866067
000000013FE5,48.2794520548,1477866648
0000000064CA,33.4783410138,1477866587
000000014028,42.2372093023,1477866408
000000008540,46.7312101911,1477866139
000000014009,46.7312101911,1477866535
000000010569,44.3640718563,1477866674
00000001BFE4,39.6192513369,1477866580
000000012280,12.3100671141,1477866542
00000000127C,39.8739130435,1477866252
00000000127E,38.2125,1477866309
000000026384,11.5934210526,1477866316
000000026388,20.2927374302,1477866454
000000026380,18.8207253886,1477866561
000000008559,38.819047619,1477866319
00000000647F,41.8945054945,1477866203
000000001288,40.3120879121,1477866571
00000001BFD3,41.4508474576,1477866260
00000001400C,11.2873846154,1477866420
000000010516,11.7201277955,1477866250
00000001EE56,39.2342245989,1477866024
0000000042B8,32.4321428571,1477866270
000000001285,27.7909090909,1477866531
0000000064A0,56.8744186047,1477866137
00000000649A,48.7421052632,1477866164
