000000001939,14.3858823529,1477912230
000000009BB2,41.3899441341,1477911607
000000009C15,34.6075471698,1477912140
000000001945,41.0440677966,1477912175
00000000195D,43.5111111111,1477912362
00000002A3E4,21.666873065,1477911851
000000005B1C,43.9329341317,1477912315
000000005B18,32.3207048458,1477911755
000000007C3D,33.8101382488,1477912090
000000009C1A,31.3137931034,1477912148
00000001554F,31.2099173554,1477911836
000000001957,39.2,1477912323
000000001956,38.849197861,1477912318
000000009C23,29.168503937,1477912229
000000009BBE,39.2342245989,1477911695
00000001A41B,45.3554140127,1477911946
000000005B8B,36.1432835821,1477912389
000000001920,47.6415584416,1477911868
000000009C36,46.7312101911,1477912280
000000001924,39.9457627119,1477911906
00000001658A,47.3073825503,1477912350
000000016635,40.3120879121,1477912268
00000000193C,38.3155778894,1477912091
000000007C15,28.659375,1477911931
000000009BD9,26.2967741935,1477912271
00000002C186,13.4373626374,1477911621
000000005B84,41.4508474576,1477912164
000000016610,38.819047619,1477912116
000000009B3F,48.7570469799,1477912369
000000001933,39.8739130435,1477912023
00000000AC1E,46.7312101911,1477912397
000000005B77,35.9643564356,1477912176
000000029E3C,12.2865671642,1477912101
00000002A7BE,14.6467741935,1477912080
000000007BA6,55.2895522388,1477911741
00000000ABE6,28.3274131274,1477911780
00000000192C,32.6378854626,1477911987
00000000ABE3,49.4204081633,1477911697
00000000195E,34.895049505,1477912382
00000001E87D,34.052173913,1477912268
000000028180,14.5879518072,1477911872
00000001E7C0,32.6378854626,1477911604
000000007C69,44.7365853659,1477912295
000000009BF1,39.2342245989,1477911894
000000007BFB,35.9647058824,1477912281
000000001931,28.2677042802,1477912045
00000000191C,35.6155339806,1477911857
00000000191E,49.9102040816,1477911856
00000000191D,39.8739130435,1477911852
000000007C73,35.1043062201,1477912299
00000002A46B,19.9369565217,1477911857
000000009BEC,26.4866425993,1477911955
000000007C75,47.9510204082,1477912259
000000009BEA,40.0965517241,1477911882
0000000018DD,39.6192513369,1477911984
000000001913,38.819047619,1477911726
000000001912,29.7036437247,1477911755
000000001916,40.3120879121,1477911778
00000001E823,33.1726027397,1477912084
00000001E827,34.2841121495,1477911716
0000000165FF,45.7333333333,1477911691
0000000136F4,39.6192513369,1477912038
00000000190C,37.4326530612,1477911634
00000001F779,28.5478599222,1477911830
000000013734,36.3207920792,1477912124
000000009BFE,47.1898089172,1477911953
000000009BD6,36.8683417085,1477911851
000000009BD8,38.2125,1477911833
000000021957,10.7894117647,1477911965
0000000119B3,41.4508474576,1477911621
00000002782F,19.1178947368,1477911981
000000009BCA,35.9643564356,1477911787
000000027E73,16.5616252822,1477912044
000000027E77,13.1595026643,1477912132
000000001961,48.2684210526,1477912410
000000027832,14.7359026369,1477911893
000000027837,14.0247104247,1477911997
0000000271AF,23.2250783699,1477911675
000000007BF7,49.9102040816,1477911872
000000009BC4,43.9329341317,1477911730
000000005B0A,35.1043062201,1477912173
000000009BC1,55.6554744526,1477911703
000000001960,45.7333333333,1477912412
000000009B66,47.1898089172,1477911628
00000000FD41,35.6155339806,1477912105
000000009C03,26.9735294118,1477912060
000000007BE6,42.1655172414,1477911751
000000009C09,38.5875,1477912072
000000009BDA,31.624137931,1477911882
000000007C24,35.7913043478,1477911950
