00000001532F,49.9102040816,1477909211
00000000799E,46.1433962264,1477908734
00000000182E,39.2342245989,1477909122
00000001346A,37.818556701,1477908702
0000000152EE,38.2125,1477908887
0000000099A3,30.4307692308,1477908887
000000013511,48.2684210526,1477909045
000000001832,36.3207920792,1477908812
0000000099AD,30.3966527197,1477908980
000000001835,41.4508474576,1477908842
0000000134A8,38.819047619,1477908640
00000000792B,44.2975609756,1477908761
000000009950,43.9329341317,1477909350
00000000798E,30.0198347107,1477908785
000000009986,35.0956521739,1477908751
00000001351D,29.465060241,1477909120
000000003AC9,35.9647058824,1477909192
00000000183F,36.3207920792,1477909013
000000001822,37.818556701,1477908642
0000000058D6,49.5116883117,1477908880
0000000079A3,42.1655172414,1477908662
00000000996A,39.8739130435,1477908671
000000009998,35.9643564356,1477908836
00000001178F,50.2520547945,1477908696
00000001349B,37.818556701,1477908603
000000001842,42.9869822485,1477909015
00000001E678,29.1142857143,1477908866
000000027E01,11.7576923077,1477909099
0000000152FC,49.7234899329,1477909093
000000011783,29.7036437247,1477908684
0000000079AA,45.2888888889,1477909416
000000009968,36.6772277228,1477909361
0000000134DB,33.9476635514,1477908953
0000000098FF,39.2342245989,1477908694
000000001831,28.9434262948,1477908835
0000000117D4,39.4994413408,1477909221
00000000FAC6,27.4786516854,1477909297
00000000AAD3,34.6075471698,1477908979
000000001843,45.7333333333,1477909018
00000001B83A,25.8338028169,1477909303
0000000079D0,40.3120879121,1477908963
000000001841,39.8237288136,1477909019
0000000099E7,47.1898089172,1477909190
0000000152A8,31.3691629956,1477908954
0000000264A9,16.9441108545,1477909093
0000000264A3,14.2186046512,1477908754
0000000079C3,35.9647058824,1477908886
0000000264A4,11.4458658346,1477909009
00000001B84C,39.6192513369,1477909264
000000001848,36.5065326633,1477909127
00000001352A,28.3274131274,1477909302
000000007A1A,44.8444444444,1477909334
0000000099B1,48.7421052632,1477908954
000000007A01,32.0035242291,1477909214
0000000277C0,11.741362916,1477908925
000000029DCA,17.3915492958,1477908838
000000005923,43.0744186047,1477909229
000000011738,24.9957446809,1477908674
0000000099C3,37.6396039604,1477909324
000000013528,38.819047619,1477909264
00000001E638,39.2342245989,1477908757
000000007A11,39.2342245989,1477909344
0000000297D4,20.4099173554,1477908882
000000009982,34.6075471698,1477909035
