0000000097E9,46.272611465,1477906454
00000000DDD9,33.5894273128,1477906235
000000009837,39.9164835165,1477906951
00000000F956,39.0580645161,1477906527
000000016422,31.624137931,1477906203
0000000077F5,39.7810055866,1477906532
000000001776,32.6378854626,1477906371
000000013357,39.9164835165,1477906651
00000000179A,38.2125,1477906358
0000000097FB,35.9643564356,1477906621
000000015198,41.8945054945,1477906502
000000011652,36.8683417085,1477906871
0000000097DD,22.2165137615,1477906442
000000027DA8,16.7241534989,1477906533
00000001336D,41.8576271186,1477906962
000000009811,38.1896907216,1477906718
0000000151AC,40.3120879121,1477906912
00000001514E,42.0954545455,1477906950
000000027766,13.0436619718,1477906562
00000001CD60,42.9052631579,1477906781
0000000039E4,46.272611465,1477906640
00000001CD69,42.6558139535,1477906912
00000000783A,33.8101382488,1477906933
000000009798,43.4130177515,1477906582
000000011663,30.6148760331,1477906916
000000009738,48.2684210526,1477906617
00000002776F,16.9150684932,1477906619
00000002A770,18.0709359606,1477906202
00000000571D,29.4,1477906639
0000000077CF,15.5770700637,1477906491
00000002648D,12.9169014085,1477906670
00000000780A,47.1898089172,1477906912
0000000056B8,13.1014285714,1477906324
0000000056D3,55.5818181818,1477906219
00000001CD05,37.2426395939,1477906773
0000000077BE,58.337007874,1477906266
000000015167,40.3120879121,1477906316
000000015166,24.9551020408,1477906466
00000001E4BA,39.9164835165,1477906631
00000001CD81,49.9102040816,1477906896
000000016418,43.4130177515,1477906330
0000000097AC,40.9935483871,1477906204
000000027760,14.9975708502,1477906224
00000001E500,35.6299065421,1477906802
000000028BA4,11.4143712575,1477906499
0000000151B3,46.7312101911,1477906599
00000000AA6D,35.6117647059,1477906732
000000001795,35.4434782609,1477906240
000000007737,36.8683417085,1477906779
0000000017A6,37.2426395939,1477906528
0000000097B1,30.0198347107,1477906235
000000001798,33.8101382488,1477906291
0000000017AB,49.2402684564,1477906631
0000000097BE,32.7243243243,1477906273
0000000097D0,46.1433962264,1477906350
0000000097BC,51.45,1477906217
0000000017AE,27.2743494424,1477906768
0000000056B1,33.0486486486,1477906636
000000005737,42.6558139535,1477906895
0000000077A5,42.9869822485,1477906578
000000005732,34.2841121495,1477906963
000000009802,49.9102040816,1477906620
0000000056CC,40.5854748603,1477906206
0000000017B7,37.2426395939,1477906904
000000015187,46.7312101911,1477906744
