000000001633,44.7365853659,1477894463
000000016230,49.9102040816,1477894376
0000000072DE,41.6863636364,1477894636
00000001623D,42.2372093023,1477894867
0000000072C1,41.0440677966,1477894379
00000000A86C,36.3207920792,1477894812
00000000162E,35.1043062201,1477894347
00000001C979,13.0085106383,1477894369
000000012F0B,34.2841121495,1477894238
0000000092C1,34.052173913,1477894407
0000000072C8,40.3120879121,1477894495
000000027CA8,11.5358490566,1477894266
000000016228,37.2426395939,1477894210
000000001618,43.5017964072,1477894817
00000001FF41,18.522,1477894775
000000026447,10.7263157895,1477894556
0000000092EF,45.2888888889,1477894783
0000000072EE,30.1655172414,1477894902
000000014D0B,34.2841121495,1477894646
0000000092ED,35.7913043478,1477894769
0000000092AB,38.5875,1477894323
0000000092D8,27.2516129032,1477894773
000000011192,43.4130177515,1477894632
00000000163F,41.4508474576,1477894842
0000000092DD,40.7743315508,1477894706
0000000092B7,50.4,1477894240
00000001E151,34.6075471698,1477894558
000000027CB1,11.6828025478,1477894669
000000027CB3,13.253667263,1477894372
0000000072D6,38.2125,1477894579
000000012F3C,36.6772277228,1477894679
00000000163B,36.3176470588,1477894769
0000000072F8,40.3120879121,1477894871
