0000000097E9,46.272611465,1477906454
00000000DDD9,33.5894273128,1477906235
00000000F956,39.0580645161,1477906527
000000016422,31.624137931,1477906203
0000000077F5,39.7810055866,1477906532
000000001776,32.6378854626,1477906371
000000013357,39.9164835165,1477906651
00000000179A,38.2125,1477906358
0000000097FB,35.9643564356,1477906621
00000000571D,29.4,1477906639
00000001513A,35.2660194175,1477905908
000000009705,39.2342245989,1477906139
000000015123,39.8739130435,1477905939
00000000AA49,40.7076923077,1477906113
00000000779E,38.2125,1477906063
0000000056AD,41.4508474576,1477906075
00000000F8AA,35.9643564356,1477906049
000000027DA2,18.4341708543,1477906154
00000000178C,43.911627907,1477905995
000000027DA8,16.7241534989,1477906533
000000027D9F,14.9481481481,1477906129
000000001798,33.8101382488,1477906291
00000000979A,50.95,1477906084
000000027762,14.7325301205,1477906198
0000000039E4,46.272611465,1477906640
000000009798,43.4130177515,1477906582
0000000270D7,11.1708399366,1477906132
000000009738,48.2684210526,1477906617
00000002A770,18.0709359606,1477906202
0000000077CF,15.5770700637,1477906491
0000000115CF,39.4826086957,1477905961
0000000056D3,55.5818181818,1477906219
0000000077BE,58.337007874,1477906266
000000015167,40.3120879121,1477906316
000000015166,24.9551020408,1477906466
00000001E4BA,39.9164835165,1477906631
000000016418,43.4130177515,1477906330
0000000097AC,40.9935483871,1477906204
000000027760,14.9975708502,1477906224
0000000270F5,18.3841191067,1477906137
00000000973E,48.2684210526,1477906091
0000000151B3,46.7312101911,1477906599
00000001332E,35.1043062201,1477905967
000000001795,35.4434782609,1477906240
000000015198,41.8945054945,1477906502
0000000017A6,37.2426395939,1477906528
0000000097B1,30.0198347107,1477906235
0000000017AB,49.2402684564,1477906631
0000000097BE,32.7243243243,1477906273
0000000097D0,46.1433962264,1477906350
0000000097BC,51.45,1477906217
0000000056B1,33.0486486486,1477906636
0000000077A5,42.9869822485,1477906578
0000000056B8,13.1014285714,1477906324
000000009802,49.9102040816,1477906620
0000000056CC,40.5854748603,1477906206
000000013325,41.7517241379,1477905973
0000000097DD,22.2165137615,1477906442
