000000013CE0,53.5532846715,1477924574
000000001B52,53.5532846715,1477924521
000000013CE3,58.5870967742,1477924258
0000000272E7,13.9001876173,1477924735
000000001B49,44.1975903614,1477924209
00000002A584,24.9267326733,1477924668
000000026C6D,15.8462203024,1477924436
000000003FC1,46.3736842105,1477924933
000000026520,10.7420204978,1477924595
000000021B14,10.7894117647,1477924741
00000000820A,55.5818181818,1477924858
000000013CE4,44.8444444444,1477924248
0000000081E7,63.3230769231,1477924473
000000001B4C,57.7700787402,1477924217
000000001B4B,53.3007194245,1477924217
00000002652D,13.0780748663,1477924520
0000000081DC,53.5532846715,1477924301
000000006110,53.5532846715,1477924507
000000001B54,49.0649006623,1477924848
0000000081EA,62.2588235294,1477924513
0000000081FF,59.4708661417,1477924756
00000000A196,40.3120879121,1477924222
00000001D4DA,68.5682242991,1477924484
000000027F94,12.1671641791,1477924268
000000011EEF,45.2888888889,1477924895
