000000009BD9,26.2967741935,1477912271
000000001939,14.3858823529,1477912230
000000007C56,35.0465753425,1477912435
00000001BA03,37.4474226804,1477912648
000000009C15,34.6075471698,1477912140
000000001945,41.0440677966,1477912175
00000000195E,34.895049505,1477912382
00000000195D,43.5111111111,1477912362
000000005B1C,43.9329341317,1477912315
000000007C3D,33.8101382488,1477912090
00000000AC42,46.272611465,1477912714
000000009C1A,31.3137931034,1477912148
000000001957,39.2,1477912323
000000001956,38.849197861,1477912318
000000009C23,29.168503937,1477912229
00000001A41B,45.3554140127,1477911946
000000005B8B,36.1432835821,1477912389
000000009C36,46.7312101911,1477912280
000000001924,39.9457627119,1477911906
00000001658A,47.3073825503,1477912350
000000016635,40.3120879121,1477912268
00000000193C,38.3155778894,1477912091
000000007C15,28.659375,1477911931
000000028195,14.301754386,1477912290
00000001E899,38.819047619,1477912676
000000016610,38.819047619,1477912116
000000027E83,13.644198895,1477912485
000000009B3F,48.7570469799,1477912369
000000007BFB,35.9647058824,1477912281
000000001933,39.8739130435,1477912023
00000000AC1E,46.7312101911,1477912397
000000005B77,35.9643564356,1477912176
000000029E3C,12.2865671642,1477912101
0000000271DC,10.9113402062,1477912250
00000000192C,32.6378854626,1477911987
00000001E87D,34.052173913,1477912268
000000005B84,41.4508474576,1477912164
000000005B0A,35.1043062201,1477912173
000000007C69,44.7365853659,1477912295
000000007C4E,40.2652173913,1477912453
000000009C57,32.7535714286,1477912536
000000001931,28.2677042802,1477912045
00000002A7BE,14.6467741935,1477912080
000000007C73,35.1043062201,1477912299
000000009BEC,26.4866425993,1477911955
000000007C75,47.9510204082,1477912259
0000000018DD,39.6192513369,1477911984
00000001E8C5,45.2888888889,1477912695
00000001E823,33.1726027397,1477912084
0000000136F4,39.6192513369,1477912038
000000013734,36.3207920792,1477912124
000000009BFE,47.1898089172,1477911953
0000000264CE,10.4215909091,1477912186
000000021957,10.7894117647,1477911965
00000002782F,19.1178947368,1477911981
000000027E73,16.5616252822,1477912044
000000001966,44.8444444444,1477912479
000000027E77,13.1595026643,1477912132
000000001961,48.2684210526,1477912410
000000027837,14.0247104247,1477911997
00000000196D,50.4,1477912518
000000027E7A,18.5272727273,1477912347
00000000196C,41.2772727273,1477912523
000000001960,45.7333333333,1477912412
00000000FD41,35.6155339806,1477912105
000000009C7B,34.7598086124,1477912688
000000001972,39.9164835165,1477912640
000000009C03,26.9735294118,1477912060
000000009C09,38.5875,1477912072
000000007C24,35.7913043478,1477911950
00000002983E,10.8532544379,1477912444
