000000027707,14.8518218623,1477903742
00000000A9D9,27.2743494424,1477904038
000000009662,45.2888888889,1477904245
00000001500E,42.6558139535,1477903706
000000001734,46.272611465,1477903852
00000000962E,46.272611465,1477903563
000000027D54,11.1501519757,1477903846
00000000966F,37.3764705882,1477904222
00000001E408,43.5017964072,1477904307
00000000A9C9,33.4783410138,1477903696
000000029128,17.4735849057,1477903569
00000002771D,19.6697050938,1477904041
000000014FEC,14.8518218623,1477903501
00000000173A,38.5875,1477904084
00000000763C,41.4508474576,1477903593
000000009647,50.95,1477903883
00000000173B,44.3640718563,1477904071
00000000173D,29.7542168675,1477904163
000000009642,40.5854748603,1477903854
000000009667,38.819047619,1477904141
000000007641,35.2,1477903696
000000009664,44.8444444444,1477904279
0000000114AC,39.9164835165,1477903814
00000001F537,45.5701863354,1477903997
00000001F534,40.9877094972,1477904016
000000001740,43.9329341317,1477904230
000000027711,11.3047765794,1477903979
