000000008E92,34.9471698113,1477882550
00000002757D,18.2054590571,1477883103
00000001C6D3,32.0035242291,1477882903
000000008EED,43.5017964072,1477883103
000000008EEE,44.2975609756,1477883105
000000008EDF,35.7913043478,1477882929
000000014949,36.3207920792,1477882989
000000008EEA,53.5532846715,1477883003
00000002756E,10.0066115702,1477882644
000000006EA0,34.3459459459,1477882559
000000008ED5,27.4786516854,1477882884
000000006EA3,43.9329341317,1477882553
00000001DE80,41.4508474576,1477882992
000000012B59,16.9441108545,1477882673
00000001DE65,32.3207048458,1477882611
000000006EE2,41.8576271186,1477883265
000000006EA6,47.9547169811,1477882693
000000010DFE,39.8739130435,1477882640
00000001C6ED,37.6081218274,1477883094
00000002756B,16.5863013699,1477882571
00000001C6E6,55.5818181818,1477883145
000000027BD9,22.3455621302,1477882793
000000006E95,48.2684210526,1477882545
000000012B82,39.6192513369,1477882724
00000001494E,41.3899441341,1477883047
000000012BA1,34.2679245283,1477883086
000000029B93,16.3767857143,1477882534
000000008E9C,12.5360406091,1477882722
000000008EE3,41.4508474576,1477882917
000000001578,40.5854748603,1477883309
00000000D6E0,43.4130177515,1477882825
