0000000063CD,55.5818181818,1477863555
0000000063E8,45.2888888889,1477863731
0000000084AC,19.2062827225,1477863544
000000002FD4,51.1605633803,1477863180
000000028E0B,14.4710059172,1477863256
0000000041C0,38.2125,1477863104
0000000084AE,47.9368421053,1477863459
0000000041C8,55.6554744526,1477863267
0000000041E1,50.4,1477863739
0000000041CC,48.2794520548,1477863271
000000006390,36.4822966507,1477863000
0000000063D1,46.272611465,1477863377
0000000121B9,48.2684210526,1477863414
0000000041E0,34.6075471698,1477863607
000000026376,13.8583486239,1477863594
0000000041F8,47.174025974,1477863770
0000000084B7,37.9537688442,1477863602
000000001246,53.5532846715,1477863015
