000000029F5E,17.1420560748,1477923204
000000001B3E,44.2975609756,1477923771
000000027922,12.9169014085,1477923450
00000000A174,54.0788321168,1477923796
00000000A150,44.7849056604,1477923294
00000001EC7A,43.4130177515,1477923367
000000003F70,35.6155339806,1477923011
000000001B41,61.9081967213,1477923836
00000002794E,16.0192139738,1477923044
00000000A143,50.7107913669,1477923398
00000000A147,49.2402684564,1477923249
00000000A162,64.8642857143,1477923728
0000000081A2,42.6558139535,1477923520
00000002C251,19.6171122995,1477923269
0000000060AA,54.0788321168,1477923070
0000000060D4,55.5818181818,1477923582
000000013C95,46.1433962264,1477923285
00000000817C,43.0744186047,1477923033
