00000000DC83,34.2679245283,1477902891
0000000276F6,20.1326086957,1477903114
000000009618,60.9142857143,1477903360
0000000131F2,29.7036437247,1477903207
0000000075EE,38.6425531915,1477902869
000000007620,42.6558139535,1477903349
0000000075F2,41.4508474576,1477902801
00000001F4F7,44.3320754717,1477902770
0000000075F1,41.4508474576,1477902816
0000000095F8,31.0881355932,1477903294
0000000054EE,52.1746478873,1477902785
000000027D55,19.6010282776,1477903140
00000000A99A,41.0440677966,1477902614
00000000A99C,46.1433962264,1477902699
000000001729,47.1898089172,1477903329
00000000A996,32.3207048458,1477902655
00000001319A,35.9647058824,1477903071
0000000075E2,38.819047619,1477902694
000000014FC8,36.8771573604,1477903095
00000000A99B,49.7234899329,1477903359
0000000114A7,39.9164835165,1477903291
000000007624,47.7906040268,1477903387
00000000171A,42.6711864407,1477902684
00000000171F,48.2684210526,1477902966
000000026479,15.4975609756,1477903007
000000001720,38.2125,1477903018
000000001701,53.0277372263,1477902864
0000000075FE,50.7107913669,1477903399
000000001728,31.2607594937,1477903345
00000001E2D3,36.3207920792,1477902607
0000000095E8,45.2888888889,1477902922
