00000001CC59,29.1142857143,1477904645
00000000969D,30.7807860262,1477904807
00000000174A,39.3030927835,1477904623
0000000163B5,45.7333333333,1477904484
00000000174C,28.0494208494,1477904664
00000000174E,33.1981900452,1477904677
0000000076B0,30.9569620253,1477904838
00000002647C,10.923782235,1477904625
000000009682,27.2382352941,1477904494
000000009664,44.8444444444,1477904279
000000015052,37.9343283582,1477904887
000000015036,26.2267148014,1477904487
00000000966F,37.3764705882,1477904222
0000000131CF,29.7036437247,1477904734
000000027D77,15.4242038217,1477904612
000000015030,35.3695852535,1477904372
000000009684,35.7913043478,1477904461
000000009686,45.6574850299,1477904453
000000015077,38.849197861,1477904786
000000007690,37.0653061224,1477904596
0000000218C9,13.72,1477904641
000000027099,11.612539185,1477904186
00000000968F,32.1721518987,1477904528
0000000096B8,41.8576271186,1477904821
000000013273,45.7333333333,1477904727
0000000096BD,33.5894273128,1477904843
00000000173D,29.7542168675,1477904163
000000009667,38.819047619,1477904141
000000009662,45.2888888889,1477904245
00000000767E,43.8390532544,1477904372
000000001758,44.8444444444,1477904845
00000000965C,16.9050691244,1477904198
00000001E408,43.5017964072,1477904307
000000001747,36.6772277228,1477904474
000000001740,43.9329341317,1477904230
000000001741,46.5962264151,1477904527
000000001742,40.3120879121,1477904336
000000001743,45.2888888889,1477904355
0000000096BF,38.819047619,1477904826
0000000096A0,43.9329341317,1477904651
