38.819047619|2|38.819|0.000|000000001504|9
58.337007874|2|58.337|0.000|00000000150C|9
39.4826086957|3|37.712|6.269|000000001512|9
33.1981900452|2|33.198|0.000|000000001514|9
42.1655172414|3|43.827|5.519|00000000151E|9
29.7542168675|2|29.754|0.000|000000001520|9
39.2|1|39.200|0.000|000000001523|9
45.7333333333|2|45.733|0.000|00000000343F|9
41.4508474576|5|38.383|33.340|000000003442|9
41.0440677966|3|31.970|164.660|000000006CBA|9
39.2342245989|3|32.095|101.930|000000006CC3|9
47.7947368421|5|40.868|51.496|000000006CC7|9
45.2888888889|3|43.440|6.837|000000006CD7|9
41.4508474576|5|33.282|61.697|000000006CE0|9
46.8473684211|3|37.991|156.873|000000006CFA|9
41.8576271186|3|38.871|17.839|000000006D0F|9
55.6554744526|3|47.466|134.130|000000006D3D|9
47.4923076923|3|44.593|16.811|000000006D6B|9
48.2684210526|7|34.051|189.376|000000008CB4|9
28.8285714286|4|36.925|67.857|000000008D55|9
25.3726027397|3|30.124|45.155|000000008D61|9
53.0277372263|6|36.094|267.391|000000008D63|9
45.2888888889|3|43.205|8.689|000000008D68|9
39.2342245989|3|38.098|2.583|000000008D9A|9
37.2705882353|7|33.346|66.968|00000000A69E|9
40.7076923077|4|34.841|109.003|00000000A6B9|9
40.7076923077|8|34.620|74.043|00000000EFB1|9
47.7947368421|6|33.832|192.690|000000010C42|9
44.5693251534|6|38.517|56.755|000000010C6C|9
46.7312101911|6|35.690|93.961|0000000129C3|9
32.0756756757|4|30.375|32.699|0000000129E5|9
44.2975609756|6|37.952|73.165|0000000129F2|9
45.2888888889|4|40.856|103.181|0000000147FE|9
41.4391304348|9|30.328|152.330|000000015FCF|9
43.4068965517|6|41.836|84.257|000000016039|9
12.4727272727|8|22.728|106.869|00000001DD06|9
35.1043062201|7|31.257|66.984|00000001F1EE|9
12.0861337684|2|12.086|0.000|00000002640D|9
17.7646489104|2|17.765|0.000|0000000274A8|9
15.7442060086|2|15.744|0.000|000000027BA3|9
16.6367346939|3|18.581|7.560|000000027BAA|9
11.7666666667|3|13.033|3.206|00000002808C|9
14.7919354839|2|14.792|0.000|00000002A183|9
