58.337007874|2|58.337|0.000|000000001B22|9
46.1433962264|2|46.143|0.000|000000001B23|9
47.4923076923|2|47.492|0.000|000000001B27|9
48.7570469799|2|48.757|0.000|000000001B29|9
39.1252747253|2|39.125|0.000|000000001B2A|9
46.7312101911|4|45.400|77.946|000000006042|9
52.7827338129|2|52.783|0.000|00000000607B|9
55.0363636364|4|45.824|88.399|000000008170|9
39.9164835165|3|39.041|1.534|000000008174|9
44.3640718563|7|42.909|15.069|00000000A0F3|9
45.2888888889|4|43.269|20.129|00000000A128|9
41.4508474576|4|46.728|36.125|00000000A12C|9
47.6415584416|6|42.740|20.521|000000011ED6|9
13.4460980036|6|28.272|142.311|000000011EDB|9
54.0788321168|5|49.219|32.573|000000011F10|9
49.4204081633|7|37.863|124.019|000000013C42|9
46.7312101911|7|45.861|92.075|000000013C81|9
54.0788321168|5|45.375|70.766|000000015A09|9
38.849197861|6|44.523|33.579|00000001D456|9
40.9813953488|5|39.973|28.781|00000001D45E|9
49.9102040816|7|36.219|139.479|00000001FA1A|9
17.338424821|2|17.338|0.000|00000002651F|9
14.8518218623|3|16.057|2.906|000000026523|9
10.6909090909|2|10.691|0.000|0000000272CC|9
17.8510948905|5|15.850|12.960|000000029F58|9
