32.7535714286|2|32.754|0.000|0000000015C2|9
31.2607594937|2|31.261|0.000|0000000015C6|9
47.3073825503|2|47.307|0.000|0000000015C7|9
47.1898089172|2|47.190|0.000|0000000015C9|9
46.272611465|4|40.961|43.181|000000004F6D|9
40.9877094972|2|40.988|0.000|000000004F73|9
43.0744186047|2|43.074|0.000|000000004FAB|9
39.3375|1|39.337|0.000|0000000070B9|9
40.7076923077|3|38.909|6.474|0000000070BD|9
41.4508474576|3|39.269|9.521|0000000070BE|9
48.5880794702|7|33.992|141.127|0000000070C2|9
47.6415584416|5|36.676|84.526|0000000070DC|9
29.2302788845|5|37.850|51.315|0000000070E6|9
35.4434782609|3|37.547|8.850|0000000090BC|9
39.6192513369|4|38.257|4.934|0000000090E9|9
51.6676056338|3|49.062|13.574|000000009102|9
37.2426395939|6|31.934|76.298|000000012D6C|9
38.2125|3|40.847|12.106|000000012D82|9
41.4508474576|5|38.467|82.598|000000016178|9
38.2125|5|39.958|47.418|00000001E009|9
36.8683417085|8|35.799|98.542|00000001F342|9
10.2900420757|2|10.290|0.000|000000026434|9
16.4274944568|3|16.842|0.344|000000027C5A|9
12.1873754153|3|14.755|13.181|000000029C44|9
