45.7333333333|2|45.733|0.000|0000000017C5|9
33.8101382488|2|33.810|0.000|0000000017C7|9
35.4434782609|2|35.443|0.000|0000000017C8|9
39.8322580645|4|34.473|61.019|0000000017CE|9
39.7125|1|39.712|0.000|0000000017D1|9
28.5478599222|3|30.422|7.027|0000000017DC|9
44.8968152866|2|44.897|0.000|0000000017DD|9
47.6415584416|2|47.642|0.000|0000000017E3|9
36.3207920792|2|36.321|0.000|0000000017E5|9
36.8683417085|3|37.704|1.396|0000000039B6|9
46.7312101911|3|45.946|1.234|000000003A34|9
31.8950226244|2|31.895|0.000|000000005696|9
11.8921348315|2|11.892|0.000|0000000056B7|9
35.0956521739|4|34.356|5.383|00000000576D|9
34.9471698113|4|36.625|14.978|0000000057C3|9
33.1726027397|2|33.173|0.000|0000000057ED|9
32.3207048458|3|28.165|34.534|0000000077AE|9
31.6615384615|3|26.157|60.590|000000007826|9
13.3396363636|8|28.650|164.406|000000007839|9
35.7829145729|3|29.147|88.077|000000007847|9
47.6415584416|3|42.124|60.897|000000007872|9
33.501369863|3|36.177|14.313|000000007877|9
48.2684210526|3|38.745|181.380|0000000078B2|9
39.6192513369|3|32.230|109.191|0000000078B5|9
34.2679245283|3|34.977|1.006|0000000078C6|9
30.3173553719|3|30.588|0.146|0000000078CA|9
60.7278688525|4|46.720|282.966|000000009752|9
35.6155339806|5|25.532|83.515|000000009824|9
40.7076923077|5|36.777|75.969|000000009855|9
42.1655172414|5|30.819|125.952|00000000985B|9
40.7076923077|4|37.512|85.091|00000000985E|9
46.272611465|6|35.893|141.454|000000009875|9
35.0956521739|4|36.050|2.359|000000009887|9
40.5854748603|3|42.352|6.239|0000000098AE|9
39.0580645161|4|37.357|14.870|0000000098C7|9
45.2888888889|3|40.330|49.185|0000000098CA|9
34.2841121495|4|32.028|42.856|00000000AA92|9
43.4130177515|5|37.721|205.333|00000000AA9A|9
48.1112582781|5|38.660|110.621|00000000AAA1|9
41.4508474576|3|36.819|42.909|00000000F9C3|9
37.2426395939|3|32.628|42.582|0000000116C5|9
30.653164557|8|26.493|89.801|000000013360|9
42.1655172414|6|40.903|100.511|0000000133C9|9
49.9102040816|10|36.538|204.793|0000000151D3|9
39.5037433155|8|28.751|137.488|0000000151D7|9
42.9869822485|5|31.026|166.452|0000000151D9|9
47.0666666667|7|33.453|240.345|0000000151F4|9
40.3120879121|6|26.177|140.127|000000015217|9
47.7947368421|5|37.071|121.300|000000015224|9
32.3528384279|6|27.516|47.198|00000001522D|9
42.4842105263|5|26.305|177.439|000000016427|9
43.4130177515|11|27.271|102.157|00000001A11A|9
42.1655172414|6|30.061|103.936|00000001B759|9
43.9329341317|9|40.273|134.190|00000001E5A5|9
16.7241534989|5|27.352|140.977|00000001F609|9
35.2660194175|8|32.332|55.103|00000001F615|9
12.0275409836|2|12.028|0.000|00000002194A|9
13.3154264973|3|13.101|0.092|00000002778D|9
19.4766756032|3|17.058|11.697|000000027DD8|9
12.6934256055|3|16.905|35.470|000000027DE5|9
15.8120689655|4|16.778|0.934|00000002814E|9
12.3686143573|5|16.281|25.256|000000029D55|9
23.8207792208|8|17.907|14.354|00000002B7C9|9
