33.8101382488|2|33.810|0.000|0000000014CF|9
28.8280155642|2|28.828|0.000|0000000014E1|9
34.6075471698|4|29.678|24.316|000000004A61|9
39.4826086957|3|36.485|17.971|000000004A63|9
56.1272727273|3|52.820|21.873|000000004A66|9
47.6415584416|4|35.636|144.317|000000004A75|9
44.1975903614|6|36.847|134.796|000000004AB5|9
35.9647058824|2|35.965|0.000|000000004AE5|9
45.2888888889|2|45.289|0.000|000000004B03|9
46.5962264151|10|32.017|129.152|000000006B02|9
37.818556701|3|32.483|56.937|000000006B44|9
43.9329341317|4|32.694|139.191|000000006BB1|9
46.7312101911|8|32.570|117.992|000000006BC6|9
47.1898089172|5|40.470|78.064|000000006BE7|9
35.0956521739|4|32.208|9.847|000000006C36|9
43.0744186047|3|42.857|0.094|000000006C5D|9
41.4508474576|5|31.645|151.765|000000008C32|9
40.8134831461|3|42.112|3.370|000000008C6D|9
30.3325301205|3|30.716|0.294|000000008C72|9
36.8771573604|6|32.335|133.011|000000008C80|9
40.2652173913|3|42.915|14.037|000000008C97|9
43.9329341317|3|47.016|19.016|000000008CDE|9
31.2607594937|4|30.919|67.482|00000000A67C|9
45.1756097561|9|30.438|165.635|000000010A45|9
48.2684210526|4|43.928|57.743|000000010BA1|9
49.9102040816|10|29.651|122.661|000000012865|9
46.7312101911|8|29.519|122.619|0000000128AF|9
39.8739130435|4|31.338|73.176|000000012917|9
42.6395209581|10|29.720|151.312|000000014625|9
27.2154440154|6|24.183|77.050|000000014675|9
40.9877094972|7|32.008|64.769|0000000146BE|9
36.3207920792|5|34.141|57.372|000000015FBB|9
28.8280155642|8|20.020|42.203|000000018657|9
45.2888888889|11|29.765|132.001|000000019A23|9
32.0035242291|9|24.378|61.050|00000001C488|9
45.7333333333|6|34.889|198.338|00000001C4E1|9
45.2888888889|8|39.688|120.725|00000001F194|9
12.414213198|2|12.414|0.000|0000000263FF|9
13.644198895|2|13.644|0.000|000000026400|9
19.1561357702|6|15.185|10.749|00000002748E|9
11.0327819549|2|11.033|0.000|0000000274EF|9
13.0085106383|3|13.285|0.153|000000027B72|9
10.7686046512|4|13.173|6.074|000000028F4B|9
17.9383863081|7|17.084|2.332|00000002BF0C|9
