65.5071428571|2|65.507|0.000|000000001250|9
34.6075471698|2|34.608|0.000|0000000041E0|9
50.4|4|48.683|38.123|0000000041E1|9
47.174025974|2|47.174|0.000|0000000041F8|9
55.5818181818|3|42.523|341.066|0000000063CD|9
46.272611465|3|43.938|10.902|0000000063D1|9
45.2888888889|3|47.645|11.105|0000000063E8|9
19.2062827225|5|37.938|336.803|0000000084AC|9
47.9368421053|4|49.615|4.007|0000000084AE|9
40.9877094972|5|38.438|68.827|0000000084C5|9
49.2402684564|3|46.444|15.636|00000001048F|9
48.2684210526|4|43.776|20.483|0000000121B9|9
44.7365853659|5|51.033|37.988|00000001D6C9|9
13.8583486239|2|13.858|0.000|000000026376|9
