39.2|1|39.200|0.000|00000000125A|9
30.068852459|2|30.069|0.000|00000000125C|9
47.1898089172|2|47.190|0.000|00000000125D|9
43.8390532544|2|43.839|0.000|00000000125F|9
43.9329341317|2|43.933|0.000|000000001262|9
32.3207048458|3|36.037|27.621|000000001263|9
28.8850393701|2|28.885|0.000|000000001264|9
41.7088757396|2|41.709|0.000|000000001266|9
49.5116883117|2|49.512|0.000|00000000126A|9
47.6415584416|3|44.516|19.544|000000003014|9
42.6558139535|2|42.656|0.000|00000000425F|9
32.3207048458|3|34.036|5.883|000000006434|9
29.168503937|4|25.141|17.236|000000006443|9
41.8576271186|4|38.766|88.304|00000000646D|9
46.272611465|4|38.278|73.868|00000000647C|9
50.4|3|47.006|11.385|000000008517|9
35.2514851485|4|36.708|8.035|000000008522|9
46.1433962264|4|44.068|15.115|000000008531|9
36.8771573604|3|44.902|128.797|000000008541|9
40.3120879121|3|41.699|3.846|00000000854E|9
45.2888888889|3|48.228|17.275|000000008556|9
48.5656050955|4|39.593|100.130|00000000A376|9
35.4434782609|2|35.443|0.000|0000000104FA|9
31.1793991416|4|32.504|2.136|00000001225E|9
36.3207920792|6|40.040|56.331|00000001EE51|9
17.1529411765|2|17.153|0.000|000000026378|9
11.4333333333|2|11.433|0.000|00000002637B|9
10.0576271186|2|10.058|0.000|00000002637D|9
16.5464788732|2|16.546|0.000|00000002637E|9
16.3767857143|2|16.377|0.000|000000026CF3|9
18.0709359606|3|17.303|1.180|00000002738F|9
13.8114068441|6|13.464|6.192|0000000293CC|9
