39.6192513369|2|39.619|0.000|0000000018DD|9
37.4326530612|2|37.433|0.000|00000000190C|9
29.7036437247|2|29.704|0.000|000000001912|9
38.819047619|4|34.402|53.769|000000001913|9
40.3120879121|2|40.312|0.000|000000001916|9
35.6155339806|2|35.616|0.000|00000000191C|9
39.8739130435|4|37.569|52.698|00000000191D|9
49.9102040816|4|41.759|109.479|00000000191E|9
47.6415584416|4|41.578|84.826|000000001920|9
39.9457627119|3|36.901|18.537|000000001924|9
32.6378854626|2|32.638|0.000|00000000192C|9
28.2677042802|4|34.913|51.748|000000001931|9
39.8739130435|2|39.874|0.000|000000001933|9
14.3858823529|2|14.386|0.000|000000001939|9
38.3155778894|2|38.316|0.000|00000000193C|9
41.0440677966|3|43.437|11.455|000000001945|9
38.849197861|2|38.849|0.000|000000001956|9
39.2|1|39.200|0.000|000000001957|9
43.5111111111|2|43.511|0.000|00000000195D|9
34.895049505|2|34.895|0.000|00000000195E|9
45.7333333333|2|45.733|0.000|000000001960|9
48.2684210526|2|48.268|0.000|000000001961|9
35.1043062201|3|35.787|0.931|000000005B0A|9
32.3207048458|2|32.321|0.000|000000005B18|9
43.9329341317|2|43.933|0.000|000000005B1C|9
35.9643564356|2|35.964|0.000|000000005B77|9
41.4508474576|3|38.604|16.209|000000005B84|9
36.1432835821|2|36.143|0.000|000000005B8B|9
55.2895522388|5|39.234|194.173|000000007BA6|9
42.1655172414|5|32.617|133.798|000000007BE6|9
49.9102040816|3|38.926|241.317|000000007BF7|9
35.9647058824|2|35.965|0.000|000000007BFB|9
28.659375|4|34.564|106.375|000000007C15|9
35.7913043478|3|34.372|4.028|000000007C24|9
33.8101382488|4|33.302|2.109|000000007C3D|9
44.7365853659|4|40.352|27.420|000000007C69|9
35.1043062201|3|36.492|3.853|000000007C73|9
47.9510204082|3|46.454|4.484|000000007C75|9
48.7570469799|6|27.458|238.432|000000009B3F|9
47.1898089172|5|36.507|220.207|000000009B66|9
41.3899441341|8|38.226|75.928|000000009BB2|9
39.2342245989|5|35.426|55.439|000000009BBE|9
55.6554744526|3|56.069|0.341|000000009BC1|9
43.9329341317|3|46.054|8.998|000000009BC4|9
35.9643564356|4|37.252|6.083|000000009BCA|9
36.8683417085|6|35.072|31.740|000000009BD6|9
38.2125|4|34.533|101.709|000000009BD8|9
26.2967741935|5|22.901|111.949|000000009BD9|9
31.624137931|5|35.716|53.670|000000009BDA|9
40.0965517241|6|35.828|85.108|000000009BEA|9
26.4866425993|3|31.198|44.392|000000009BEC|9
39.2342245989|5|38.742|127.445|000000009BF1|9
47.1898089172|5|41.449|69.725|000000009BFE|9
26.9735294118|4|31.877|33.754|000000009C03|9
38.5875|4|36.775|7.193|000000009C09|9
34.6075471698|4|40.230|47.742|000000009C15|9
31.3137931034|4|39.177|85.535|000000009C1A|9
29.168503937|3|34.143|49.493|000000009C23|9
46.7312101911|4|45.317|7.930|000000009C36|9
49.4204081633|6|36.720|225.346|00000000ABE3|9
28.3274131274|6|32.121|63.465|00000000ABE6|9
46.7312101911|4|39.984|97.833|00000000AC1E|9
35.6155339806|4|30.178|29.681|00000000FD41|9
41.4508474576|8|34.960|112.439|0000000119B3|9
39.6192513369|2|39.619|0.000|0000000136F4|9
36.3207920792|5|34.641|133.065|000000013734|9
31.2099173554|6|29.171|56.770|00000001554F|9
47.3073825503|10|27.342|165.542|00000001658A|9
45.7333333333|9|35.864|108.401|0000000165FF|9
38.819047619|8|31.276|97.536|000000016610|9
40.3120879121|5|39.291|89.255|000000016635|9
45.3554140127|9|33.168|192.706|00000001A41B|9
32.6378854626|11|27.526|57.644|00000001E7C0|9
33.1726027397|6|25.181|40.545|00000001E823|9
34.2841121495|5|30.376|98.099|00000001E827|9
34.052173913|5|30.143|49.861|00000001E87D|9
28.5478599222|6|29.696|38.743|00000001F779|9
10.7894117647|2|10.789|0.000|000000021957|9
23.2250783699|3|19.773|23.839|0000000271AF|9
19.1178947368|3|16.757|11.152|00000002782F|9
14.7359026369|3|16.362|5.288|000000027832|9
14.0247104247|3|15.510|4.410|000000027837|9
16.5616252822|4|15.676|2.556|000000027E73|9
13.1595026643|4|14.450|1.792|000000027E77|9
14.5879518072|4|13.267|2.239|000000028180|9
12.2865671642|4|13.710|2.034|000000029E3C|9
21.666873065|6|16.097|18.899|00000002A3E4|9
19.9369565217|4|15.877|17.386|00000002A46B|9
14.6467741935|4|12.826|3.337|00000002A7BE|9
13.4373626374|4|17.320|16.659|00000002C186|9
