32.87239819|4|38.715|107.661|000000004E82|9
32.8147465438|3|30.679|9.124|000000004E87|9
40.7076923077|2|40.708|0.000|000000004E92|9
55.0363636364|5|45.424|62.596|000000006FF9|9
49.4204081633|5|44.852|53.918|000000006FFB|9
28.6015748031|5|34.396|57.305|000000006FFD|9
42.5966480447|4|39.444|63.515|000000007016|9
49.4204081633|4|43.857|31.714|00000000702E|9
43.5111111111|3|39.534|31.629|000000007033|9
41.0440677966|3|32.383|150.029|000000008FDC|9
52.1746478873|5|42.765|118.820|000000008FFD|9
48.1090909091|3|48.838|1.063|000000009005|9
47.7947368421|3|44.328|24.030|00000000902D|9
35.4211055276|7|36.069|88.345|00000000A75E|9
55.6554744526|4|46.017|199.143|00000000A784|9
37.6761904762|6|32.302|95.874|000000010F0A|9
50.4|2|41.052|87.392|000000010F0F|9
42.2372093023|4|34.426|65.302|000000012CA4|9
39.8739130435|5|35.966|20.879|000000012CAF|9
49.2402684564|6|40.223|44.058|000000012CB8|9
46.7312101911|7|35.549|138.147|000000014A38|9
40.3120879121|3|34.638|64.384|000000014A5B|9
38.2125|2|45.557|53.949|000000014A8D|9
15.2532224532|8|32.052|116.523|000000018979|9
31.0461538462|5|30.827|20.211|00000001B1C5|9
50.95|3|43.645|29.887|00000001B1C9|9
14.9370967742|6|14.168|3.407|0000000275AB|9
18.480604534|4|15.196|11.124|0000000280B3|9
