28.1060240964|3|31.677|25.504|00000000165B|9
36.8683417085|5|38.442|50.814|000000001665|9
36.6772277228|3|41.714|50.734|00000000167A|9
40.3120879121|2|40.312|0.000|00000000167C|9
50.4|1|50.400|0.000|0000000052C6|9
42.5793103448|3|39.954|13.788|0000000073AF|9
33.1726027397|4|33.315|0.021|0000000073B1|9
37.2301507538|3|37.102|0.033|0000000073BB|9
47.0666666667|3|44.713|11.080|0000000073C3|9
36.6772277228|3|39.675|17.971|0000000073CF|9
39.9164835165|3|42.906|17.878|000000009388|9
46.1433962264|6|36.172|99.335|00000000938F|9
34.4450704225|5|38.117|27.107|00000000A8C1|9
37.2426395939|5|41.332|36.747|000000011239|9
27.4786516854|6|31.789|20.055|000000012FCC|9
40.9877094972|8|35.252|71.046|000000012FEE|9
45.2888888889|3|44.845|0.395|000000013004|9
43.5017964072|8|36.703|70.414|000000014D72|9
49.7234899329|9|36.408|130.750|000000014D87|9
41.0440677966|5|31.462|116.724|000000014D95|9
41.6863636364|4|38.306|15.092|000000014DC9|9
46.7312101911|8|38.881|109.396|00000001B3DF|9
51.6676056338|10|33.571|156.658|00000001CA49|9
44.7365853659|10|33.756|72.411|00000001CA7B|9
13.5866666667|2|13.587|0.000|000000023733|9
17.8935960591|4|18.519|12.035|00000002766E|9
26.2967741935|3|21.930|38.146|000000027680|9
