33.501369863|3|34.300|1.276|0000000012D6|9
10.6639534884|2|10.664|0.000|000000001327|9
44.2975609756|4|34.244|123.365|000000001336|9
39.6192513369|4|40.002|62.289|00000000133D|9
41.4508474576|2|41.451|0.000|000000001342|9
45.6905660377|2|45.691|0.000|000000001346|9
44.3640718563|2|44.364|0.000|00000000134D|9
38.819047619|2|38.819|0.000|00000000134E|9
46.7312101911|3|45.449|3.286|00000000134F|9
35.7913043478|2|35.791|0.000|000000001352|9
36.8683417085|2|36.868|0.000|000000001353|9
39.9164835165|2|39.916|0.000|00000000135E|9
13.412797075|3|23.819|216.565|0000000044B7|9
37.4474226804|2|37.447|0.000|000000004535|9
30.9569620253|2|30.957|0.000|000000004590|9
55.6554744526|4|42.615|263.378|0000000066DF|9
31.9344827586|3|29.903|8.257|0000000066ED|9
41.4508474576|3|38.434|18.204|000000006706|9
38.5875|2|33.890|22.068|000000006728|9
20.2487935657|4|22.669|49.856|00000000672A|9
35.9643564356|5|33.045|9.327|000000006730|9
31.6615384615|4|31.835|65.713|00000000673E|9
41.4508474576|3|40.298|2.658|000000006741|9
39.9164835165|3|38.973|1.779|00000000676E|9
48.2684210526|3|45.463|15.741|000000006786|9
43.4130177515|3|43.969|0.618|000000006798|9
40.9877094972|5|38.716|25.947|00000000877E|9
41.0440677966|3|38.529|12.652|000000008789|9
46.7312101911|3|47.150|0.352|00000000878B|9
57.2031496063|5|38.802|347.652|00000000878D|9
41.4508474576|7|34.104|197.117|00000000878F|9
47.0666666667|7|30.941|188.518|00000000879F|9
31.9344827586|4|35.802|35.368|0000000087BA|9
25.6359861592|5|34.889|64.994|0000000087BD|9
32.3207048458|3|35.839|24.756|0000000087C5|9
57.7700787402|3|49.630|132.510|0000000087F5|9
46.272611465|5|32.896|168.584|0000000087FB|9
32.0035242291|3|31.653|0.246|000000008807|9
42.2372093023|3|42.413|0.062|000000008818|9
47.7947368421|3|45.072|14.824|00000000881F|9
56.5557251908|3|54.563|7.945|000000008828|9
45.7333333333|4|36.186|102.745|00000000A4AA|9
41.3899441341|5|29.521|104.957|000000012470|9
37.6081218274|3|37.520|0.016|000000012479|9
36.5065326633|7|28.698|46.541|000000012482|9
39.2342245989|5|34.283|64.372|000000012497|9
44.3640718563|12|29.804|180.816|000000014166|9
43.9329341317|10|30.933|165.283|000000014224|9
32.4637168142|6|24.993|70.627|00000001423A|9
39.9164835165|9|27.586|164.516|000000015D1A|9
44.3640718563|5|35.437|98.841|000000015D7C|9
41.4508474576|8|30.593|111.725|0000000183DF|9
43.0779661017|5|32.437|140.627|0000000196DA|9
38.5875|6|28.319|144.510|00000001C0ED|9
46.8473684211|5|36.084|125.037|00000001C164|9
48.2684210526|9|37.067|103.884|00000001EF70|9
12.2076539101|2|12.208|0.000|0000000263A1|9
13.4460980036|2|13.446|0.000|0000000263B9|9
19.0948453608|2|19.095|0.000|0000000263BC|9
18.5272727273|2|18.527|0.000|0000000273F6|9
11.8526655897|2|11.853|0.000|0000000273FA|9
17.3446808511|3|15.888|4.242|000000027404|9
17.2225352113|2|17.223|0.000|000000027A3C|9
15.9495652174|3|15.462|0.476|000000027A6F|9
11.5222395023|3|11.668|0.043|000000029401|9
