43.5073170732|4|34.850|96.536|000000019051|52
26.1841726619|4|26.838|12.212|000000019060|52
34.014953271|5|27.268|74.531|00000001A4F6|52
13.1590443686|5|23.328|99.042|00000001BA99|52
16.3945945946|5|20.554|40.133|00000001BAA3|52
28.0913385827|5|31.136|67.806|00000001BABA|52
35.6823529412|7|26.534|83.614|00000001CF8B|52
10.1381615599|14|24.084|93.880|00000001D05C|52
24.7591836735|6|22.302|6.943|00000001D11C|52
15.4008298755|5|13.251|4.004|00000002B434|52
12.8794223827|8|14.903|9.662|00000002B894|52
13.6398406375|4|14.280|0.430|00000002B89E|52
17.9290640394|7|15.046|5.916|00000002C172|52
