00000001D180,28.9459459459,1477913468
00000001D16C,26.8831168831,1477913339
00000001BABD,34.5483870968,1477912959
00000001BABF,48.6818181818,1477912954
00000001BABA,45.5744680851,1477912889
00000001BAFD,34.59375,1477913409
00000001BADA,41.1923076923,1477913155
00000002B8BF,24.9069767442,1477913646
00000002B8A5,14.472972973,1477912966
00000001E90F,43.7142857143,1477913043
00000002B899,15.9850746269,1477912906
00000001BB05,42.5769230769,1477913460
00000001E924,36.3157894737,1477913308
00000001D133,38.8421052632,1477912812
00000001D134,33.0447761194,1477912809
00000001BB03,39.8076923077,1477913436
00000001D138,14.1526717557,1477912923
00000001D176,34.59375,1477913399
00000001D171,39.4468085106,1477913350
00000001D155,28.7532467532,1477913165
00000001D157,45.1836734694,1477913119
00000001BAC2,23.2584269663,1477912989
0000000252D7,10.8,1477913265
00000001BA9D,49.2857142857,1477913207
00000001F7F1,24.3529411765,1477913020
00000001F7D0,28.75,1477912949
00000001F80F,28.756097561,1477913262
00000001BAED,48.6818181818,1477913297
00000001BAEF,36.3157894737,1477913314
00000001BAEA,33.46875,1477913283
00000001F7FA,38.3333333333,1477913146
00000001BAC4,45.5744680851,1477912994
00000001E927,33.3870967742,1477913183
00000001BB0E,28.7462686567,1477913585
00000001BB08,28.0253164557,1477913529
00000001D15D,36.3157894737,1477913198
00000001BB01,31.9701492537,1477913443
00000002B8AA,10.1559633028,1477912849
00000001BADE,34.3928571429,1477913202
00000002B8B6,10.9431818182,1477913332
00000002B8B4,15.046875,1477913241
00000001BAF9,52.7744680851,1477913373
00000002B8B3,14.484375,1477913166
00000002B8B0,14.472972973,1477913049
00000002BD31,14.979020979,1477912958
00000001E917,38.25,1477913198
00000001BAD8,41.0,1477913101
00000001D12E,35.0847457627,1477913387
00000001D143,45.5744680851,1477912938
00000001BAF4,51.7021276596,1477913332
00000001BAB9,36.3157894737,1477913566
00000001E890,44.1428571429,1477912995
00000001BAF3,43.7142857143,1477913329
