00000002B94D,16.1052631579,1477924825
00000001BDCD,37.5789473684,1477925352
00000001D507,32.5263157895,1477925056
00000001BDE0,46.5652173913,1477925109
00000002B94C,21.2432432432,1477924667
00000002B94B,13.3043478261,1477924532
00000001ECF6,37.5789473684,1477925253
00000002BDF0,18.7627118644,1477924861
00000001BDDC,33.4,1477925031
00000002B952,16.1052631579,1477925299
00000001D518,32.34375,1477925359
00000001ECBF,41.0,1477924508
00000001FA69,37.5254237288,1477924702
00000001D50C,44.0425531915,1477925198
