33.0447761194|5|36.891|23.024|00000001B401|78
31.9701492537|2|31.970|0.000|00000001B408|78
41.1923076923|2|41.192|0.000|00000001B40B|78
34.5483870968|2|34.548|0.000|00000001B410|78
45.0|1|45.000|0.000|00000001B412|78
37.5254237288|4|35.507|4.122|00000001B413|78
43.7142857143|5|37.091|76.371|00000001B414|78
28.96875|1|28.969|0.000|00000001B418|78
22.0824742268|4|26.756|22.037|00000001B41C|78
34.5483870968|2|34.548|0.000|00000001B423|78
29.9032258065|3|32.115|9.783|00000001B428|78
37.5789473684|2|37.579|0.000|00000001B433|78
34.5483870968|2|34.548|0.000|00000001B43D|78
43.7142857143|4|31.390|177.211|00000001CA81|78
44.0425531915|4|39.789|22.504|00000001CA9F|78
45.5744680851|10|35.076|80.829|00000001E1DA|78
22.0824742268|5|30.294|46.497|00000001E20F|78
13.7307692308|5|14.095|11.038|00000002B73B|78
22.3125|1|22.312|0.000|00000002B744|78
12.6774193548|2|12.677|0.000|00000002B748|78
17.7024793388|3|16.027|5.616|00000002B74A|78
10.5245901639|2|10.525|0.000|00000002B74C|78
10.5245901639|3|12.130|5.158|00000002BBD7|78
