36.3050847458|4|30.968|83.692|00000001B5BC|78
36.3050847458|4|32.375|24.061|00000001B5C1|78
37.5789473684|5|36.555|57.480|00000001B5D0|78
38.3333333333|3|37.391|1.777|00000001B5D3|78
22.0714285714|4|30.181|66.111|00000001B5D5|78
49.1510204082|2|49.151|0.000|00000001B5D6|78
48.6818181818|2|48.682|0.000|00000001B5D7|78
27.8181818182|2|27.818|0.000|00000001B5DC|78
41.1923076923|5|29.128|122.896|00000001B5DE|78
27.1139240506|3|24.995|8.978|00000001B5E2|78
31.0434782609|2|31.043|0.000|00000001B5EC|78
33.0447761194|2|33.045|0.000|00000001B5F0|78
29.1315789474|2|29.132|0.000|00000001B5F2|78
42.2448979592|2|42.245|0.000|00000001B5F3|78
42.2448979592|7|34.178|91.047|00000001CC11|78
35.7096774194|5|34.412|1.877|00000001CC2D|78
39.6666666667|4|35.836|29.123|00000001CC35|78
51.0|2|47.659|11.165|00000001CC45|78
39.4468085106|6|32.823|29.645|00000001E3DD|78
34.5483870968|5|31.860|11.499|00000001F516|78
41.1923076923|6|35.670|15.691|00000001F526|78
17.7024793388|3|16.295|3.962|00000002B7AF|78
10.5|1|10.500|0.000|00000002B7B3|78
11.8846153846|5|14.666|6.210|00000002BC2A|78
