33.4|6|30.813|80.884|00000001B0BC|78
36.3157894737|4|35.870|1.305|00000001B0BD|78
33.46875|2|29.217|18.075|00000001B0C2|78
31.3636363636|3|30.700|0.882|00000001B0C9|78
32.34375|1|32.344|0.000|00000001B0CC|78
42.5769230769|6|32.766|144.163|00000001B0D1|78
45.5744680851|4|36.624|115.904|00000001B0D7|78
31.9701492537|2|31.970|0.000|00000001B0DE|78
37.5254237288|2|37.525|0.000|00000001B0DF|78
34.59375|2|32.514|4.327|00000001B0E2|78
39.5357142857|3|37.222|10.703|00000001B0E3|78
44.0425531915|3|41.720|10.787|00000001B0E8|78
30.1690140845|2|30.169|0.000|00000001B0EB|78
41.1923076923|2|41.192|0.000|00000001B0EE|78
36.2950819672|9|30.776|21.312|00000001C6A0|78
32.5263157895|6|33.020|10.876|00000001C6AB|78
31.9701492537|6|30.552|24.818|00000001C6B4|78
33.3870967742|4|33.884|2.953|00000001C6B6|78
35.0847457627|6|28.644|39.351|00000001C6BC|78
51.7021276596|3|39.273|308.971|00000001C6DA|78
35.7096774194|3|36.642|1.738|00000001C6DE|78
41.1923076923|3|39.047|9.201|00000001C6E0|78
18.1525423729|3|15.976|9.474|00000002BB08|78
14.979020979|3|15.002|0.001|00000002BB0F|78
22.7102803738|4|18.931|20.016|00000002BB13|78
13.3373493976|5|12.285|2.195|00000002BFA8|78
