45.5744680851|7|34.267|62.259|00000001ABB5|78
31.3636363636|4|28.847|43.003|00000001ABB6|78
48.6818181818|3|45.748|17.214|00000001ABB8|78
33.46875|3|23.359|59.326|00000001ABBB|78
33.46875|1|33.469|0.000|00000001ABC0|78
41.1923076923|5|35.562|30.478|00000001ABC3|78
39.1935483871|5|34.184|62.713|00000001ABC4|78
31.0434782609|3|32.296|3.136|00000001ABCB|78
41.1923076923|2|41.192|0.000|00000001ABCC|78
27.8181818182|4|29.036|66.413|00000001ABD0|78
31.9701492537|3|33.079|2.459|00000001ABD2|78
41.1923076923|2|41.192|0.000|00000001ABD6|78
26.2025316456|3|31.620|58.700|00000001ABDB|78
26.5384615385|6|30.717|47.578|00000001ABDC|78
42.6315789474|3|43.143|0.523|00000001ABE0|78
40.4150943396|3|35.613|46.129|00000001ABE1|78
37.5789473684|4|29.437|67.353|00000001ABE9|78
31.0434782609|2|31.043|0.000|00000001ABEB|78
41.1923076923|2|41.192|0.000|00000001ABEF|78
45.5744680851|2|45.574|0.000|00000001ABF6|78
29.9032258065|2|29.903|0.000|00000001ABF7|78
37.5789473684|3|35.617|7.699|00000001ABFA|78
45.5744680851|2|45.574|0.000|00000001AC00|78
41.1923076923|3|38.014|20.202|00000001AC02|78
45.5744680851|2|45.574|0.000|00000001AC03|78
28.1842105263|2|28.184|0.000|00000001AC08|78
34.5483870968|2|34.548|0.000|00000001AC12|78
36.3050847458|2|36.305|0.000|00000001AC15|78
41.1923076923|5|32.833|61.548|00000001C165|78
38.3333333333|4|39.706|5.191|00000001C16E|78
40.2545454545|3|34.030|77.496|00000001C170|78
28.7532467532|4|30.935|11.203|00000001C180|78
16.7727272727|3|22.372|62.694|00000001C182|78
29.75|4|22.812|26.017|00000001C18E|78
37.5789473684|3|35.230|11.038|00000001C1A1|78
31.9701492537|4|32.855|2.725|00000001C1AB|78
41.1923076923|3|37.852|22.315|00000001C1C8|78
39.4468085106|4|39.489|140.572|00000001D8CE|78
56.1428571429|7|37.827|137.268|00000001D8DD|78
27.8181818182|7|30.042|39.940|00000001D8E2|78
43.7142857143|7|32.575|101.554|00000001D8ED|78
30.0|4|28.262|27.878|00000001D8F1|78
13.8193548387|2|13.819|0.000|000000024FC0|78
13.0609756098|2|13.061|0.000|00000002B598|78
17.0|2|13.779|10.373|00000002B599|78
13.3373493976|2|13.337|0.000|00000002B59D|78
15.75|1|15.750|0.000|00000002B5A1|78
11.5161290323|2|11.516|0.000|00000002B5A4|78
22.2580645161|3|19.181|18.935|00000002B5A7|78
16.8292682927|2|16.829|0.000|00000002B5AA|78
14.1780821918|3|14.372|0.075|00000002BA04|78
20.5|3|17.788|3.686|00000002BE9C|78
