40.0064516129|3|45.182|53.574|00000001B458|78
33.46875|2|24.758|75.883|00000001B45C|78
41.1923076923|2|41.192|0.000|00000001B462|78
37.5789473684|2|37.579|0.000|00000001B466|78
27.8181818182|3|34.539|90.344|00000001B469|78
43.7142857143|6|40.041|41.514|00000001B46E|78
39.6666666667|4|37.622|32.593|00000001B47A|78
29.1315789474|3|31.026|7.177|00000001B47F|78
32.34375|2|37.497|26.555|00000001B480|78
34.5483870968|3|31.115|23.572|00000001CABB|78
48.1224489796|7|36.664|159.045|00000001CABD|78
38.3333333333|6|27.130|106.660|00000001CAC0|78
34.59375|2|42.333|59.900|00000001CAC6|78
48.6818181818|3|41.674|98.212|00000001CAE7|78
31.9701492537|4|33.076|1.260|00000001E23C|78
39.6666666667|8|35.192|85.306|00000001E240|78
43.7142857143|14|32.470|102.301|00000001F410|78
11.2736842105|2|11.274|0.000|0000000255E8|78
14.101910828|2|14.102|0.000|00000002B75F|78
13.5569620253|2|13.557|0.000|00000002B760|78
13.751552795|2|13.752|0.000|00000002B762|78
