25.243902439|6|27.173|75.460|00000001B210|78
55.9459459459|2|55.946|0.000|00000001B211|78
51.0|3|44.826|59.649|00000001B213|78
29.75|3|35.130|86.343|00000001B219|78
30.0|3|32.744|3.799|00000001B21D|78
38.25|2|37.793|0.209|00000001B222|78
46.6468085106|2|46.647|0.000|00000001B224|78
41.0|4|26.986|94.175|00000001B228|78
35.0847457627|2|35.085|0.000|00000001B230|78
42.1363636364|2|42.136|0.000|00000001B232|78
33.46875|2|29.978|12.185|00000001C838|78
35.0847457627|3|37.620|12.858|00000001C83E|78
30.75|4|27.352|6.795|00000001C83F|78
28.9459459459|5|34.920|71.386|00000001C842|78
42.6315789474|13|36.526|52.282|00000001DFAC|78
50.170212766|5|39.679|86.371|00000001DFB8|78
33.7894736842|9|36.221|54.595|00000001DFC0|78
27.8181818182|5|29.306|51.723|00000001DFC2|78
31.9701492537|5|34.586|5.213|00000001DFD4|78
39.6666666667|4|39.158|0.277|00000001DFDC|78
13.1411042945|2|13.141|0.000|00000002B6D0|78
18.1525423729|4|16.718|7.305|00000002B6D6|78
11.3936170213|2|11.394|0.000|00000002B6D9|78
12.7777777778|2|12.778|0.000|00000002B6DA|78
14.1854304636|10|16.348|10.797|00000002BB4D|78
23.0322580645|7|16.772|16.795|00000002BFE3|78
