57.8918918919|3|43.228|430.056|00000001BD37|78
41.1923076923|7|37.973|38.748|00000001BD39|78
50.170212766|3|45.982|35.083|00000001BD43|78
44.0425531915|2|44.043|0.000|00000001BD44|78
43.3928571429|5|38.727|58.763|00000001BD4A|78
33.46875|7|36.428|30.586|00000001D410|78
41.1923076923|10|33.224|77.323|00000001D436|78
43.7142857143|5|37.999|35.594|00000001D44B|78
41.1923076923|4|42.345|16.660|00000001D44E|78
55.9459459459|3|48.987|96.865|00000001D453|78
37.5789473684|11|39.680|105.550|00000001EBE5|78
52.7142857143|5|40.574|98.451|00000001EC0F|78
45.5744680851|8|38.158|126.094|00000001F9F9|78
11.2736842105|2|11.274|0.000|000000025362|78
13.9090909091|2|13.909|0.000|00000002B92B|78
23.8064516129|2|23.806|0.000|00000002B92F|78
14.6712328767|2|14.671|0.000|00000002BDB6|78
14.0|2|12.347|2.732|00000002BDCA|78
