30.1690140845|2|30.169|0.000|00000001B4E4|78
44.0425531915|2|44.043|0.000|00000001B4E6|78
51.0|1|51.000|0.000|00000001B4E8|78
32.75|1|32.750|0.000|00000001B4EC|78
56.7692307692|3|50.044|90.455|00000001B4ED|78
41.1923076923|7|30.749|75.359|00000001B4F0|78
44.0425531915|2|44.043|0.000|00000001B4F2|78
42.0|2|36.016|35.806|00000001B4F3|78
51.0|1|51.000|0.000|00000001B4FA|78
34.5483870968|5|28.685|85.673|00000001B4FB|78
29.75|1|29.750|0.000|00000001B501|78
48.6818181818|2|48.682|0.000|00000001B505|78
24.6206896552|3|26.996|11.281|00000001B506|78
29.1549295775|2|29.155|0.000|00000001B509|78
28.7532467532|2|28.753|0.000|00000001B511|78
33.3870967742|2|33.387|0.000|00000001B512|78
33.3870967742|2|33.387|0.000|00000001B513|78
35.0847457627|7|32.740|86.037|00000001CB2A|78
35.6538461538|3|34.391|3.191|00000001CB36|78
44.0425531915|3|41.265|15.427|00000001CB3B|78
41.1923076923|8|37.516|68.321|00000001CB41|78
26.1219512195|6|27.734|71.931|00000001CB4C|78
22.6097560976|4|23.668|5.657|00000001E2B9|78
31.9701492537|4|33.998|10.761|00000001E2C9|78
38.8421052632|6|32.620|45.904|00000001E2DC|78
26.1219512195|11|30.548|87.239|00000001F479|78
21.8571428571|3|18.956|16.837|00000002B778|78
19.592920354|2|19.593|0.000|00000002B77B|78
11.0689655172|7|15.880|32.299|00000002BBC7|78
18.4655172414|7|16.449|13.442|00000002C093|78
