21.5625|1|21.562|0.000|00000001B4CC|78
41.0|2|36.895|16.854|00000001B4D0|78
38.8421052632|3|35.222|26.210|00000001B4D5|78
32.4545454545|5|35.183|8.778|00000001B4D6|78
32.34375|1|32.344|0.000|00000001B4DF|78
47.1063829787|2|47.106|0.000|00000001B4E1|78
30.1690140845|2|30.169|0.000|00000001B4E4|78
44.0425531915|2|44.043|0.000|00000001B4E6|78
51.0|1|51.000|0.000|00000001B4E8|78
32.75|1|32.750|0.000|00000001B4EC|78
56.7692307692|3|50.044|90.455|00000001B4ED|78
41.1923076923|3|38.071|19.487|00000001B4F0|78
44.0425531915|2|44.043|0.000|00000001B4F2|78
42.0|1|42.000|0.000|00000001B4F3|78
35.0847457627|7|32.740|86.037|00000001CB2A|78
56.7692307692|4|43.356|179.998|00000001CB2F|78
35.6538461538|3|34.391|3.191|00000001CB36|78
44.0425531915|3|41.265|15.427|00000001CB3B|78
22.6097560976|4|23.668|5.657|00000001E2B9|78
31.9701492537|4|33.998|10.761|00000001E2C9|78
38.8421052632|3|35.351|24.369|00000001F469|78
20.5|3|17.988|9.747|00000002B764|78
17.2340425532|3|16.607|0.785|00000002B774|78
21.8571428571|2|21.857|0.000|00000002B778|78
18.4655172414|6|16.430|15.680|00000002C093|78
