44.0425531915|6|31.652|236.158|00000001BAFA|78
34.5483870968|5|29.238|60.624|00000001BB1B|78
24.6428571429|2|24.643|0.000|00000001BB1C|78
39.6666666667|3|35.666|32.010|00000001BB1F|78
42.5769230769|4|31.456|134.404|00000001BB37|78
42.2448979592|2|42.245|0.000|00000001BB38|78
31.1830985915|5|33.398|77.646|00000001BB3A|78
34.5483870968|3|33.622|1.717|00000001BB3C|78
45.1836734694|4|38.259|59.417|00000001BB3E|78
23.2826086957|5|26.292|33.081|00000001BB40|78
41.1923076923|4|36.571|22.872|00000001BB42|78
42.2448979592|5|33.375|72.754|00000001BB44|78
37.5789473684|3|40.330|15.139|00000001BB49|78
45.5744680851|2|45.574|0.000|00000001BB4F|78
50.3181818182|2|50.318|0.000|00000001BB51|78
39.6666666667|2|39.667|0.000|00000001BB52|78
32.5588235294|3|31.343|2.956|00000001BB56|78
33.46875|1|33.469|0.000|00000001BB5D|78
30.0|1|30.000|0.000|00000001BB5E|78
26.3571428571|2|26.357|0.000|00000001BB61|78
47.5384615385|4|35.385|150.289|00000001BB63|78
27.1139240506|2|27.114|0.000|00000001BB6B|78
34.5483870968|2|34.548|0.000|00000001BB6C|78
28.9459459459|5|23.896|53.472|00000001BB6D|78
22.0714285714|3|22.977|1.641|00000001BB71|78
35.6538461538|3|36.064|0.336|00000001BB78|78
28.96875|1|28.969|0.000|00000001BB79|78
45.5744680851|2|45.574|0.000|00000001BB7A|78
26.2025316456|2|26.203|0.000|00000001BB7B|78
30.393442623|3|32.899|12.559|00000001BB7C|78
38.25|1|38.250|0.000|00000001BB83|78
36.2950819672|2|36.295|0.000|00000001BB85|78
41.1923076923|6|29.302|92.209|00000001D179|78
33.3870967742|5|32.003|22.347|00000001D199|78
28.75|3|30.318|12.961|00000001D1BD|78
32.5263157895|4|31.160|7.761|00000001D1C0|78
33.3870967742|5|29.525|68.812|00000001D1C2|78
40.9787234043|6|33.680|64.342|00000001D1C6|78
31.9701492537|3|31.570|0.320|00000001D1CA|78
18.9908256881|3|21.053|8.504|00000001D1E6|78
36.3050847458|3|33.622|14.397|00000001D1E7|78
36.3050847458|4|32.048|20.805|00000001D1FA|78
44.0425531915|6|28.425|143.818|00000001E8FF|78
34.59375|7|26.928|27.965|00000001E95F|78
28.9459459459|5|32.027|23.955|00000001E961|78
23.2584269663|4|26.180|15.956|00000001E964|78
45.1836734694|5|30.431|151.715|00000001E96E|78
45.1836734694|4|38.835|47.593|00000001E99B|78
34.3333333333|4|32.115|21.818|00000001E9A9|78
50.170212766|5|38.753|113.514|00000001F870|78
13.9864864865|4|14.966|1.492|00000002B8C1|78
11.0106382979|2|11.011|0.000|00000002B8C5|78
12.75|2|12.555|0.038|00000002B8CB|78
11.5615384615|2|11.562|0.000|00000002B8CF|78
14.4705882353|4|15.468|13.092|00000002BD40|78
15.4825174825|3|14.223|3.175|00000002BD43|78
