27.972972973|2|27.973|0.000|00000001B199|78
42.0|1|42.000|0.000|00000001B19C|78
45.5744680851|4|39.179|42.127|00000001B19F|78
26.3571428571|6|31.208|20.648|00000001B1A5|78
41.1923076923|6|37.989|25.182|00000001B1AB|78
31.3636363636|2|31.364|0.000|00000001B1AD|78
38.25|2|33.155|25.955|00000001B1B4|78
44.1428571429|3|39.993|34.445|00000001B1B6|78
35.6538461538|3|40.121|39.919|00000001B1BA|78
46.7307692308|2|46.731|0.000|00000001B1BB|78
34.5483870968|2|34.548|0.000|00000001B1C0|78
45.5744680851|3|41.665|30.564|00000001B1C1|78
33.46875|1|33.469|0.000|00000001B1C7|78
52.7142857143|2|52.714|0.000|00000001B1CA|78
30.8955223881|2|30.896|0.000|00000001B1CB|78
40.4150943396|10|32.422|70.863|00000001C758|78
34.5483870968|3|34.017|0.565|00000001C7A3|78
44.0425531915|5|41.475|29.678|00000001C7A6|78
36.3050847458|9|32.478|75.715|00000001C7B1|78
31.9701492537|3|30.940|2.123|00000001C7B5|78
44.0425531915|3|38.918|52.524|00000001C7BF|78
52.243902439|5|37.522|157.249|00000001C7C6|78
23.2826086957|3|25.622|10.943|00000001C7CE|78
18.1525423729|6|26.340|81.658|00000001DF5E|78
13.1411042945|5|14.035|1.155|00000002B6B2|78
13.5828220859|2|13.583|0.000|00000002B6C3|78
11.0984455959|3|14.557|23.923|00000002B6C5|78
20.2075471698|2|20.208|0.000|00000002BB41|78
19.5283018868|11|16.942|16.763|00000002C3A4|78
