33.5454545455|5|33.859|82.424|00000001BA66|78
43.7142857143|4|34.684|123.366|00000001BA6A|78
37.5789473684|3|35.968|5.190|00000001BA6C|78
39.6666666667|2|39.667|0.000|00000001BA6D|78
39.6666666667|2|39.667|0.000|00000001BA74|78
24.0674157303|3|28.086|32.303|00000001BA76|78
55.9459459459|6|41.112|183.112|00000001BA7C|78
51.0|6|31.757|134.485|00000001BA7E|78
33.3870967742|2|33.387|0.000|00000001BA7F|78
38.8421052632|3|34.725|33.908|00000001BA82|78
37.5254237288|5|29.117|58.906|00000001BA87|78
48.6818181818|4|37.286|143.008|00000001BA91|78
31.6421052632|4|28.265|37.965|00000001BA92|78
31.9701492537|3|32.596|0.783|00000001BA95|78
38.3333333333|5|35.158|116.210|00000001BA97|78
24.3296703297|3|24.856|0.555|00000001BA99|78
23.5531914894|7|24.652|103.915|00000001BA9A|78
36.3157894737|6|24.700|79.956|00000001BA9B|78
52.7142857143|2|52.714|0.000|00000001BAAF|78
45.5744680851|3|41.441|34.172|00000001BABA|78
34.5483870968|2|34.548|0.000|00000001BABD|78
48.6818181818|2|48.682|0.000|00000001BABF|78
23.2584269663|2|23.258|0.000|00000001BAC2|78
45.5744680851|2|45.574|0.000|00000001BAC4|78
37.5789473684|8|25.242|64.529|00000001D061|78
34.5483870968|3|32.488|8.494|00000001D0EA|78
39.5357142857|4|29.489|101.956|00000001D0FB|78
36.3050847458|6|29.588|90.019|00000001D107|78
43.7142857143|3|40.832|16.613|00000001D112|78
38.8421052632|4|33.089|68.166|00000001D133|78
33.0447761194|3|35.311|10.268|00000001D134|78
14.1526717557|4|22.028|79.747|00000001D138|78
45.5744680851|3|43.454|8.996|00000001D143|78
42.6315789474|17|26.031|92.812|00000001E77B|78
29.75|5|24.090|32.301|00000001E862|78
44.1428571429|6|31.500|106.269|00000001E890|78
43.7142857143|5|38.711|24.567|00000001E8F7|78
43.7142857143|4|37.225|72.288|00000001E90F|78
28.75|7|29.275|38.893|00000001F7D0|78
24.3529411765|5|27.281|16.298|00000001F7F1|78
18.9230769231|4|15.364|13.446|00000002B89D|78
14.472972973|3|14.367|0.023|00000002B8A5|78
13.3043478261|3|12.868|0.381|00000002B8A6|78
14.979020979|3|14.485|0.488|00000002B8A8|78
10.1559633028|2|10.156|0.000|00000002B8AA|78
11.9664804469|2|11.966|0.000|00000002BD20|78
14.979020979|3|16.141|2.701|00000002BD31|78
