35.6538461538|3|40.121|39.919|00000001B1BA|78
46.7307692308|2|46.731|0.000|00000001B1BB|78
34.5483870968|5|29.959|27.434|00000001B1C0|78
45.5744680851|5|36.161|95.275|00000001B1C1|78
33.46875|1|33.469|0.000|00000001B1C7|78
52.7142857143|2|52.714|0.000|00000001B1CA|78
30.8955223881|5|29.560|37.276|00000001B1CB|78
45.8571428571|3|42.613|21.051|00000001B1D1|78
47.5384615385|2|47.538|0.000|00000001B1D3|78
34.5483870968|2|34.548|0.000|00000001B1DA|78
33.4928571429|2|33.493|0.000|00000001B1DE|78
37.5789473684|4|37.239|2.062|00000001B1E2|78
26.1219512195|2|26.122|0.000|00000001B1E5|78
44.0425531915|2|44.043|0.000|00000001B1E7|78
34.5483870968|2|34.548|0.000|00000001B1E8|78
52.243902439|6|35.448|152.544|00000001C7C6|78
23.2826086957|7|28.753|29.432|00000001C7CE|78
30.2516129032|5|30.755|12.764|00000001C7D5|78
35.7096774194|4|32.196|16.882|00000001C7D6|78
27.8181818182|3|27.047|1.190|00000001C7F1|78
39.6666666667|3|35.495|34.803|00000001C7F4|78
19.125|2|29.762|113.156|00000001C7FB|78
21.9207920792|3|20.839|2.339|00000002BB4D|78
10.7638190955|3|11.497|1.074|00000002BB4F|78
11.0984455959|3|12.266|2.726|00000002BB52|78
19.5283018868|13|16.843|15.172|00000002C3A4|78
