36.2950819672|7|34.640|110.142|00000001A9AC|78
43.7142857143|5|34.207|97.639|00000001A9AF|78
49.2857142857|5|43.089|59.870|00000001A9B5|78
37.5789473684|5|32.959|70.571|00000001A9BC|78
55.9459459459|2|55.946|0.000|00000001A9BE|78
29.9032258065|2|29.903|0.000|00000001A9C1|78
50.3181818182|2|50.318|0.000|00000001A9C5|78
44.0425531915|7|39.335|166.926|00000001BF5C|78
44.0425531915|5|42.623|30.212|00000001EE17|78
12.3815028902|2|12.382|0.000|00000002B540|78
17.5970149254|2|17.597|0.000|00000002B545|78
13.6636363636|3|12.926|1.088|00000002B99C|78
16.4285714286|4|16.568|1.906|00000002BE32|78
