41.3684210526|3|40.872|0.492|00000001B282|78
29.75|4|29.881|178.416|00000001B284|78
36.3050847458|2|36.305|0.000|00000001B285|78
48.6818181818|2|48.682|0.000|00000001B28C|78
26.05|1|26.050|0.000|00000001B28D|78
41.1923076923|3|37.334|29.769|00000001B291|78
45.3461538462|2|45.346|0.000|00000001B295|78
34.5483870968|2|34.548|0.000|00000001B296|78
25.7441860465|2|25.744|0.000|00000001B298|78
45.5744680851|2|45.574|0.000|00000001B29E|78
36.2950819672|5|32.178|40.830|00000001C8A8|78
41.3684210526|3|39.274|8.776|00000001C8B0|78
45.1836734694|6|33.371|101.229|00000001E032|78
18.2706766917|4|17.830|0.703|00000002B6E5|78
17.4820143885|2|17.482|0.000|00000002B6E6|78
21.5625|3|16.819|12.106|00000002B6E8|78
21.4951456311|2|21.495|0.000|00000002B6EB|78
16.8972972973|9|13.718|8.778|00000002BFFB|78
14.6808510638|4|13.806|1.536|00000002C014|78
