0000000261E0|-66|1477934364
0000000261E0|-86|1477934370
0000000261E0|-76|1477934373
000000003F2A|-84|1477929757
000000003F2C|-74|1477930426
000000003F2C|-81|1477930428
00000000609D|-72|1477930428
00000000609D|-99|1477930430
00000000609D|-82|1477930432
0000000060A8|-80|1477929750
0000000060A8|-80|1477929752
0000000060AA|-87|1477929656
0000000060AA|-85|1477929658
0000000060AE|-87|1477929839
0000000261A4|-63|1477930119
0000000261A4|-67|1477930125
00000002636C|-68|1477930894
000000026923|-53|1477929670
000000026923|-57|1477929673
000000026923|-70|1477929676
000000026923|-77|1477929679
000000026923|-72|1477929682
00000000404E|-75|1477930091
00000000404E|-49|1477930093
000000020788|-80|1477932891
00000000624A|-78|1477929695
000000020E30|-68|1477930457
000000020E30|-69|1477930487
000000020E30|-85|1477930517
000000020E30|-89|1477930532
000000020E30|-72|1477930562
000000020E30|-71|1477930577
000000020E48|-74|1477930475
000000020E48|-72|1477930490
000000008308|-55|1477929639
000000008308|-56|1477929641
000000008308|-59|1477929643
000000008309|-62|1477929990
0000000214B0|-83|1477930623
0000000214B0|-71|1477930638
0000000214B0|-60|1477930653
0000000214B0|-73|1477930668
0000000214B0|-75|1477930683
0000000228C3|-69|1477932966
0000000228C3|-84|1477933011
0000000228C3|-70|1477933026
0000000228CF|-64|1477930164
0000000228CF|-73|1477930179
0000000228CF|-73|1477930194
000000028DD2|-71|1477929828
000000010337|-79|1477929701
000000022E7E|-87|1477929751
000000022E7E|-65|1477929766
000000022E7E|-72|1477929781
000000022E91|-77|1477930220
000000022E91|-81|1477930235
00000002938F|-75|1477931596
00000002938F|-71|1477931602
00000002938F|-79|1477931608
000000029396|-69|1477931183
000000029396|-76|1477931192
00000002939A|-70|1477929858
00000002939A|-77|1477929861
000000012061|-64|1477930007
0000000233EC|-72|1477930738
0000000233EC|-72|1477930753
0000000233EC|-73|1477930798
0000000233EC|-77|1477930813
0000000233EC|-66|1477930828
0000000233EC|-74|1477930843
0000000233EC|-87|1477930858
000000023436|-76|1477930060
000000023444|-58|1477929721
000000023444|-67|1477929736
000000023450|-90|1477929682
00000002999E|-69|1477929707
00000002999E|-80|1477929710
00000002999E|-65|1477929713
00000002999E|-63|1477929716
00000002999E|-77|1477929725
00000002999E|-75|1477929731
00000002999E|-81|1477929734
0000000299B3|-78|1477929717
0000000299B3|-66|1477929720
0000000299B4|-72|1477930208
0000000299B4|-68|1477930214
0000000299B4|-75|1477930217
0000000299B4|-62|1477930223
0000000299B4|-71|1477930226
0000000299B4|-77|1477930232
0000000299BC|-55|1477929701
0000000299BC|-78|1477929704
0000000299BC|-96|1477929707
0000000299BC|-62|1477929710
0000000299BC|-77|1477929713
0000000299BE|-88|1477929784
000000013DDF|-65|1477929626
000000013DEC|-67|1477929616
000000023A13|-69|1477931849
000000023A13|-73|1477931909
000000023A13|-74|1477931924
000000023A13|-70|1477931939
000000023A13|-65|1477931969
000000023A13|-72|1477931984
000000023A13|-82|1477931999
000000023A13|-73|1477932014
000000023A13|-74|1477932044
000000023A29|-70|1477929912
000000029F7B|-63|1477930308
000000029F7B|-83|1477930311
000000029F7B|-67|1477930314
000000029F7B|-80|1477930317
00000002A5B5|-75|1477929937
00000002A5B5|-65|1477929943
00000002A5B5|-62|1477929946
00000002A5B5|-84|1477929949
00000002A5B5|-70|1477929952
000000016952|-67|1477930322
000000016952|-75|1477930324
000000024B50|-52|1477930139
000000024F25|-67|1477929747
000000024F25|-88|1477929762
00000002B50D|-58|1477929601
00000002B50E|-81|1477929800
00000002B50E|-68|1477929803
00000002B50E|-71|1477929806
00000002B50E|-50|1477929812
00000002B50E|-69|1477929815
00000002B50E|-75|1477929818
00000002B50E|-82|1477929821
00000001BE6C|-62|1477929939
00000001BE6C|-58|1477929941
000000025396|-65|1477929882
000000025396|-81|1477929897
00000002539B|-60|1477932047
00000002B970|-83|1477931538
00000002B970|-71|1477931541
00000002B970|-81|1477931544
00000002B970|-79|1477931547
00000001D5B1|-52|1477929951
00000002581E|-79|1477932288
00000002581E|-73|1477932303
00000002581E|-67|1477932318
00000002581E|-79|1477932378
00000002581E|-77|1477932393
00000002581E|-65|1477932408
00000002581E|-66|1477932423
00000002581E|-59|1477932453
00000002581E|-75|1477932468
00000002581E|-69|1477932483
00000002581E|-82|1477932513
00000002581E|-87|1477932528
00000002581E|-72|1477932543
00000002581E|-76|1477932558
000000025823|-90|1477931854
000000025823|-69|1477931869
000000025823|-70|1477931899
000000025823|-66|1477931914
000000025823|-65|1477931929
000000025823|-59|1477931944
000000025823|-80|1477931959
000000025823|-65|1477932019
000000025823|-70|1477932034
000000025823|-85|1477932049
000000025823|-87|1477932064
000000025823|-74|1477932079
00000002582A|-70|1477932225
00000002582A|-62|1477932270
00000002582A|-80|1477932285
00000002582A|-57|1477932330
00000002582A|-84|1477932345
00000002582A|-73|1477932375
00000002583B|-60|1477929608
00000002BE11|-70|1477929692
00000002BE11|-60|1477929695
00000002BE11|-78|1477929698
00000002BE11|-83|1477929701
00000002BE11|-69|1477929704
00000002BE11|-74|1477929707
00000002BE11|-82|1477929710
00000002BE11|-72|1477929716
00000001EDA9|-84|1477929614
00000001EDAE|-72|1477929879
00000001EDAE|-82|1477929881
00000001EDB1|-61|1477929857
000000025CDB|-97|1477931056
000000025CDB|-87|1477931071
000000025CDB|-73|1477931086
000000025CDB|-85|1477931116
000000025CDB|-63|1477931131
000000025CDB|-76|1477931146
000000025CE9|-65|1477930486
00000002C29D|-59|1477931236
00000002C29D|-73|1477931239
00000002C29D|-69|1477931245
00000002C29D|-72|1477931248
00000002C2A9|-86|1477931722
00000002C2A9|-68|1477931725
00000002C2A9|-66|1477931728
00000002C2A9|-59|1477931731
00000002C2A9|-64|1477931737
00000002C2A9|-66|1477931743
00000002C2A9|-67|1477931746
00000002C2A9|-79|1477931749
00000002C2A9|-67|1477931755
00000002C2A9|-91|1477931758
00000002C2A9|-75|1477931761
00000002C2A9|-75|1477931764
00000002C2A9|-83|1477931767
00000002C2A9|-52|1477931776
00000002C2A9|-75|1477931779
00000002C2A9|-62|1477931782
00000002C2A9|-85|1477931785
00000002C2A9|-86|1477931794
00000002C2A9|-93|1477931797
00000002C2A9|-89|1477931800
00000002C2A9|-73|1477931803
00000002C2A9|-86|1477931809
00000002C2A9|-79|1477931812
00000002C2A9|-79|1477931821
00000002C2A9|-78|1477931827
00000002C2B2|-88|1477930100
00000002C2B2|-66|1477930103
00000002C2B2|-68|1477930106
00000002C2B2|-75|1477930109
00000002C2B7|-98|1477929877
00000002C2B7|-68|1477929880
00000002C2B7|-78|1477929883
00000002C2B7|-68|1477929892
00000002C2B7|-62|1477929895
000000025FAD|-77|1477930943
000000025FAD|-74|1477930973
000000025FAD|-100|1477930988
000000025FAD|-81|1477931003
000000025FAD|-70|1477931018
000000025FAD|-72|1477931033
000000025FAD|-80|1477931048
000000025FAD|-84|1477931063
000000025FAD|-57|1477931078
000000025FAD|-71|1477931123
000000025FAD|-72|1477931138
