00000000B34D,42.096350365,1477913935
000000003C98,52.2495412844,1477913445
0000000190D7,40.1070422535,1477913962
000000002C56,45.7714285714,1477914213
0000000265F0,20.5238434164,1477913817
000000005C59,32.6212290503,1477913805
00000000E2D8,42.3130434783,1477913856
000000002C27,47.8588235294,1477913522
0000000265ED,13.0637554585,1477913576
000000005CB7,55.8352941176,1477914186
000000009C6F,44.8440944882,1477913939
00000000076E,46.6819672131,1477913635
000000017E71,36.7337579618,1477913487
000000027837,20.8956521739,1477913979
00000002B405,15.4203208556,1477913582
000000026897,19.2882943144,1477914103
00000000B350,38.7428571429,1477914082
00000000B351,51.2210526316,1477914038
000000028785,15.0579634465,1477914041
000000029255,10.335483871,1477913906
00000002831A,14.4893300248,1477913968
