00000000EE40,53.8990654206,1477877035
000000016B79,47.2721311475,1477877001
00000002AAD3,19.464,1477876702
0000000260C8,10.6998144712,1477877078
000000001CE9,36.2751592357,1477876610
000000006ACA,46.043697479,1477876661
0000000023FF,48.4638655462,1477876832
00000000BADD,35.8188679245,1477876819
00000000D42A,26.9495327103,1477877030
00000000B107,42.6218978102,1477877309
0000000282A0,11.6981744422,1477876847
0000000033CC,40.9726618705,1477877057
00000000B0F1,28.9069306931,1477876658
0000000289AF,17.690797546,1477876907
00000002B60C,13.5480278422,1477877103
000000003356,44.9114754098,1477876771
000000001CF3,42.5014925373,1477877025
000000001CF1,42.5014925373,1477876845
00000000240E,44.7677419355,1477877088
00000000D430,37.1923566879,1477877129
0000000282A2,17.1642857143,1477877008
0000000145A6,57.5272727273,1477876745
000000018694,43.5625899281,1477876837
