000000002A2A,42.096350365,1477908537
000000001E58,38.5681528662,1477908656
000000001E52,45.9779527559,1477908308
000000026B71,12.7493449782,1477908474
00000000DF50,40.614084507,1477908410
00000000C57E,44.8440944882,1477908303
00000002776F,18.4255591054,1477908526
000000002A1D,39.6262773723,1477908167
00000000B2A8,43.6909090909,1477908827
00000000C568,17.3710843373,1477908295
000000002A3F,36.2751592357,1477908530
000000017C73,55.8352941176,1477908263
00000000586F,34.8,1477908716
000000005818,44.1488372093,1477908674
000000016DF0,44.198540146,1477908357
000000002A0B,47.6787401575,1477908031
00000000B296,34.5341317365,1477908097
00000000DEFB,38.7060402685,1477908024
