00000000C3F3,45.411023622,1477905642
00000000396A,49.2923076923,1477905672
0000000056A7,49.2923076923,1477906220
000000001E18,40.05,1477905872
0000000039A4,39.2326530612,1477906092
000000001E27,40.614084507,1477906270
00000000C400,59.8588235294,1477905777
0000000267F9,12.7311258278,1477906180
000000028695,11.9655737705,1477905955
000000028BBB,17.5351351351,1477905714
000000005684,53.8990654206,1477906098
00000000C3C3,37.3777777778,1477905726
00000000399E,46.5096774194,1477906105
0000000028F0,34.9652694611,1477905790
00000000C3E6,36.7337579618,1477905803
000000000E43,47.862295082,1477906346
00000000F921,48.4638655462,1477906436
000000003965,45.9779527559,1477905639
