00000002776F,18.4255591054,1477908526
00000000C5A1,54.7615384615,1477908947
000000001E58,38.5681528662,1477908656
000000001E6B,38.4157894737,1477909095
000000001E52,45.9779527559,1477908308
00000000B2A8,43.6909090909,1477908827
000000002A3F,36.2751592357,1477908530
000000016DF0,44.198540146,1477908357
000000026B71,12.7493449782,1477908474
00000000586F,34.8,1477908716
00000002B3A4,14.0321167883,1477908915
000000005818,44.1488372093,1477908674
000000001E61,30.4125,1477908833
00000000C5F8,53.4214285714,1477909068
000000001E64,39.189261745,1477908902
000000001E66,46.6819672131,1477908893
000000002A2A,42.096350365,1477908537
00000002A953,13.8042553191,1477908729
00000000DF50,40.614084507,1477908410
00000000C57E,44.8440944882,1477908303
