00000000497D,44.2363636364,1477876465
0000000023AB,45.8727272727,1477875958
00000002A8BD,10.7197026022,1477876298
00000000B0E2,34.3285714286,1477876005
00000000ED97,36.2751592357,1477875918
000000027ABC,15.2459530026,1477876117
000000017527,45.8727272727,1477876116
00000000EDDF,44.7069767442,1477876056
0000000145A6,57.5272727273,1477876745
000000001CE9,36.2751592357,1477876610
000000017529,49.9578947368,1477876011
00000002849A,15.6461538462,1477876464
00000002829D,10.1024221453,1477876417
000000000B7D,51.2210526316,1477876124
00000001AE07,47.862295082,1477875979
00000000B0F1,28.9069306931,1477876658
00000000D366,45.411023622,1477876296
000000001436,43.4748091603,1477876131
000000017538,46.6819672131,1477876114
000000017493,55.8352941176,1477876033
