43.6909090909|2|41.768|3.697|000000000330|2
14.8959183673|3|23.666|177.665|0000000012BF|2
40.55|3|35.858|19.231|000000001BEF|2
44.2363636364|6|37.537|61.191|000000001BF0|2
58.2230769231|3|50.210|66.086|000000001BFE|2
56.5411764706|6|42.417|282.876|000000002183|2
39.8368421053|4|34.383|58.379|0000000030CA|2
29.881865285|5|29.107|3.867|00000000B6B4|2
43.1454545455|8|35.991|59.565|00000000B6D3|2
43.1433070866|4|39.138|37.080|00000000B708|2
48.4638655462|6|38.734|58.981|00000000CF4C|2
40.05|7|33.217|122.539|0000000169DA|2
42.4744186047|10|38.831|33.194|00000001AAB4|2
41.5090909091|19|34.053|125.735|00000001D78C|2
11.0496350365|3|10.922|0.368|000000026384|2
14.1320099256|5|13.200|1.461|00000002638F|2
11.8442190669|3|12.143|1.499|00000002654F|2
