55.4538461538|4|48.007|105.600|000000001C3A|2
33.8222222222|4|31.284|8.330|000000001C3B|2
35.1658536585|3|32.642|3.504|000000001C3D|2
41.490647482|7|41.234|86.052|000000002214|2
38.7428571429|5|34.326|53.465|000000003163|2
15.7816216216|10|26.895|86.523|00000000318A|2
44.1488372093|7|36.435|157.146|0000000031C9|2
44.9114754098|5|38.415|20.533|0000000031F1|2
31.8167597765|10|32.917|89.773|00000000669D|2
50.85|7|34.796|108.755|00000000B015|2
45.9290322581|5|43.594|3.683|00000000B016|2
56.5411764706|6|46.190|195.325|00000000B01E|2
47.2721311475|5|38.090|99.017|00000000B7A8|2
30.1333333333|9|30.484|37.987|00000000B7C9|2
33.1448275862|4|32.104|1.432|00000000B7DB|2
50.3379310345|8|37.850|106.258|00000000B7EA|2
42.6218978102|5|41.829|18.196|00000000B822|2
34.5341317365|5|30.123|19.447|00000000EB57|2
42.6422535211|10|34.540|68.947|00000000EB62|2
59.3647058824|10|36.866|159.746|0000000106FE|2
38.7060402685|9|31.606|32.903|000000010741|2
46.6487394958|10|35.495|92.596|00000001074D|2
43.0388059701|11|28.588|118.569|00000001D8A5|2
14.4952380952|4|13.292|2.011|000000026558|2
15.2140703518|6|15.926|23.131|000000026639|2
11.5807228916|3|12.958|7.293|000000026D33|2
16.5249283668|3|15.894|0.371|000000028263|2
14.3095477387|5|13.243|2.053|0000000283FC|2
20.025|3|16.354|16.083|000000028E63|2
10.1158081705|4|13.025|24.093|00000002A89C|2
