00000002BFC6,13.2775280899,1477885207
00000001DF1E,30.6236842105,1477885044
00000001C7AF,16.5673469388,1477885624
0000000188D9,33.0818181818,1477884960
00000001B17E,34.2,1477885396
00000001B172,39.7846153846,1477884951
00000002A211,13.7715976331,1477885096
0000000149E5,39.5068965517,1477885128
00000002B6BE,17.6988593156,1477885453
00000001C790,44.9294117647,1477885004
00000001C79E,45.45,1477885280
00000001C7A2,29.975,1477885379
00000002BB22,19.6686695279,1477885549
00000002A8F4,16.4125,1477885112
