14.9547945205|7|18.999|13.521|000000014473|62
20.822907489|2|20.823|0.000|00000001448A|62
17.4337078652|8|25.244|98.520|000000015E81|62
20.0288135593|3|21.222|2.847|0000000185BB|62
16.4258064516|3|17.958|4.695|00000001AD5B|62
19.4761506276|5|17.694|14.974|00000001AD63|62
19.6405063291|6|20.062|17.636|00000001AD76|62
18.1120622568|8|23.615|62.155|00000001AD82|62
17.7033707865|2|17.703|0.000|00000001AD8B|62
22.0660714286|4|21.786|2.390|00000001AD98|62
20.0637931034|5|24.008|76.919|00000001ADA8|62
17.6318181818|2|17.632|0.000|00000001ADBC|62
23.0435643564|10|25.629|52.576|00000001C305|62
21.7194312796|3|20.404|3.459|00000001C317|62
16.9883211679|6|25.579|181.994|00000001C325|62
18.1138339921|6|20.243|8.474|00000001C330|62
16.80433213|5|17.646|5.406|00000001C34F|62
16.8652173913|3|18.315|4.205|00000001C354|62
13.7406976744|3|15.590|6.843|00000001C361|62
20.2|2|21.116|0.838|00000001C366|62
18.9219512195|3|19.002|0.013|00000001C36E|62
16.6424242424|3|16.826|0.067|00000001C377|62
16.2755244755|4|25.631|185.716|00000001C37A|62
18.8453441296|4|25.770|97.780|00000001C381|62
21.6169811321|4|24.742|45.056|00000001C38A|62
16.6838709677|3|18.392|5.838|00000001C38F|62
18.1103448276|6|22.976|33.604|00000001DA68|62
15.6516129032|6|19.326|14.053|00000001DA83|62
13.5185840708|2|13.519|0.000|00000002A0F7|62
16.7255474453|4|15.731|7.176|00000002B5EC|62
14.0678571429|3|13.813|0.130|00000002B5EE|62
12.672386059|9|13.065|5.558|00000002BA1B|62
11.0163461538|5|10.996|0.317|00000002BA56|62
