38.5109243697|8|36.751|95.111|0000000148F9|62
24.2476190476|6|33.768|68.660|0000000188CA|62
34.502189781|10|31.910|65.254|00000001B0AB|62
38.1540983607|8|31.584|112.890|00000001B0D0|62
39.1692307692|7|34.218|153.983|00000001B0EB|62
39.7846153846|3|37.281|12.536|00000001C6E2|62
23.86875|7|29.314|107.464|00000001C6E6|62
27.4|3|29.217|6.601|00000001C6F1|62
24.6285714286|4|33.311|128.181|00000001C6FB|62
33.2873239437|3|38.119|46.687|00000001C6FF|62
15.2117647059|4|14.637|2.228|00000002BB0A|62
18.83187251|6|14.028|13.254|00000002BB0B|62
