32.7802816901|2|32.780|0.000|000000019BFC|62
34.2|6|25.447|84.905|00000001B06E|62
33.2873239437|3|41.839|146.263|00000001B078|62
39.7846153846|2|39.785|0.000|00000001B084|62
40.2|4|34.726|42.671|00000001C65E|62
16.0510344828|9|31.141|103.395|00000001C66E|62
34.2264705882|3|34.610|0.294|00000001C672|62
43.3651376147|5|38.312|43.518|00000001C677|62
38.5109243697|3|35.147|22.636|00000001C67E|62
35.2636363636|4|37.685|17.103|00000001C685|62
27.4419161677|4|31.477|18.322|00000001C697|62
29.2754716981|3|30.275|1.998|00000001C69E|62
34.502189781|4|34.580|10.136|00000001DDF0|62
42.704587156|5|36.865|65.046|00000001DE27|62
10.2754966887|4|13.435|22.073|00000002AB02|62
