30.6236842105|7|31.377|65.266|00000001B13B|62
40.8112149533|2|40.811|0.000|00000001B14C|62
38.1540983607|2|38.154|0.000|00000001B151|62
31.6653061224|11|31.285|119.067|00000001C70C|62
34.7373134328|4|39.488|77.979|00000001C71F|62
22.4869565217|6|32.323|138.520|00000001C729|62
24.24375|3|27.970|27.765|00000001C72E|62
27.943902439|5|36.422|48.412|00000001C730|62
22.2962264151|4|32.145|101.071|00000001C73C|62
30.15|4|31.828|81.136|00000001C742|62
35.5255813953|3|35.145|0.289|00000001C747|62
31.2402684564|4|27.304|25.187|00000001DEEB|62
15.4644518272|2|15.464|0.000|00000002A208|62
13.2615384615|3|15.486|9.899|00000002BB28|62
11.7290322581|3|14.652|17.089|00000002BB2C|62
11.7|9|15.755|13.058|00000002C3A1|62
