30.5111111111|9|29.423|114.051|00000001B3E9|62
27.9692307692|3|36.646|150.578|00000001B3F0|62
16.80433213|2|16.804|0.000|00000001B3F2|62
22.2410958904|3|26.079|29.456|00000001CA67|62
25.8915254237|3|30.563|43.648|00000001CA68|62
15.9958762887|5|24.288|120.299|00000001CA73|62
33.4510948905|3|34.560|2.457|00000001CA7C|62
33.2873239437|4|38.929|43.977|00000001CA7D|62
27.2210526316|6|26.083|29.214|00000001E1D0|62
28.8226415094|4|32.273|11.968|00000001E1D2|62
26.148502994|6|35.975|113.035|00000001F411|62
11.457|1|11.457|0.000|0000000255F2|62
10.6248175182|3|13.813|20.328|00000002ABA4|62
22.5961165049|4|20.620|18.535|00000002BBC7|62
13.1689655172|4|15.331|6.486|00000002BBC9|62
25.4360655738|5|19.055|33.584|00000002BBCB|62
