00000001D896,30.9154639175,1477870378
0000000196CF,26.7576923077,1477869615
000000019709,29.4309278351,1477870076
00000001AB34,34.0772727273,1477870051
0000000196FB,42.65,1477869970
00000001AB39,50.6903225806,1477869765
00000001972E,42.65,1477870377
000000019708,25.6307692308,1477870213
00000001C128,32.5956521739,1477870325
000000019700,36.124137931,1477870001
00000001AB96,38.8708860759,1477870327
00000001AB6D,41.5343283582,1477870134
00000002B1A2,12.3822580645,1477870131
0000000196DD,27.9882352941,1477869783
00000001AB2E,31.6577319588,1477870352
00000001AB2C,36.5441860465,1477869705
00000002B175,12.1857142857,1477870198
00000002B590,14.0788732394,1477870337
00000001AB57,30.9154639175,1477869969
00000001C0DE,36.5571428571,1477869733
00000001AB22,38.6068965517,1477869840
00000002B1A0,20.0705882353,1477870046
00000001C143,25.6307692308,1477870409
00000001C062,35.2965517241,1477869770
00000001AB86,32.6097087379,1477870295
00000001AB66,38.3268292683,1477870081
000000019717,39.8805194805,1477870220
0000000196F1,46.9074626866,1477869918
00000001ABA2,49.5290322581,1477870432
000000019718,29.4,1477870244
0000000196D4,35.2965517241,1477869670
0000000196D6,28.8346153846,1477869686
0000000196FC,37.0753246753,1477869986
0000000196D7,32.4,1477869699
00000002B19D,13.8950226244,1477869986
00000001AB3E,35.5125,1477869828
00000001972A,32.6680851064,1477870349
00000001AB7B,28.6990654206,1477870186
0000000196EC,35.2965517241,1477869880
0000000196EA,38.9454545455,1477869871
00000001AB4C,38.9454545455,1477869904
0000000196EE,18.7243902439,1477869952
000000019728,33.3782608696,1477870328
000000019716,25.1704918033,1477870239
0000000196EB,24.8464285714,1477869894
00000001970B,27.0162162162,1477870101
0000000196F3,30.1058823529,1477869937
