00000001ACEF,22.7181818182,1477873394
00000001ACED,37.4142857143,1477873234
00000001ACEE,31.7454545455,1477873613
00000001AD55,43.6207792208,1477873630
0000000198E8,30.403960396,1477873748
000000019900,33.3782608696,1477873949
000000019907,40.4052631579,1477873985
000000019905,40.8155844156,1477873978
000000019904,22.1323943662,1477873990
000000019909,37.4487804878,1477873995
0000000198E2,23.6125984252,1477873694
0000000198E6,12.2287937743,1477873825
00000001D9D2,22.8098360656,1477873628
00000001990C,36.124137931,1477874002
00000001990A,34.4689655172,1477873998
00000001990F,40.4052631579,1477874016
00000001DA13,32.6680851064,1477873302
00000001AD21,35.2965517241,1477873359
00000001AD29,24.4105263158,1477873341
0000000198B9,38.8708860759,1477873340
00000001C27F,30.1058823529,1477873683
00000002B5EF,11.3313653137,1477873718
00000002B9B0,19.3132075472,1477873303
00000002B1F3,18.2785714286,1477873921
00000001C30A,37.4487804878,1477873685
0000000198C8,26.3052631579,1477873488
0000000198C5,26.4724137931,1477873459
0000000198C3,35.2253164557,1477873409
0000000198C2,33.3782608696,1477873416
0000000198CC,31.6577319588,1477873558
0000000198CA,29.3719626168,1477873529
0000000198FA,32.6680851064,1477873902
0000000198FE,32.6680851064,1477873940
0000000198FF,38.3268292683,1477873943
00000001C2E2,47.98125,1477873492
00000001C2BC,28.0607142857,1477873282
0000000198A0,31.9862068966,1477873204
0000000198A3,36.5571428571,1477873226
0000000198A2,53.8736842105,1477873210
0000000198C1,33.3782608696,1477873411
0000000198AE,22.1323943662,1477873291
0000000198AA,29.4,1477873256
00000001AD69,35.2965517241,1477873788
00000001AD65,41.65,1477873708
000000019878,22.9983471074,1477873709
0000000198F0,40.3304347826,1477873801
0000000198F1,39.8805194805,1477873821
0000000198F3,23.1088235294,1477873861
0000000198F4,33.4340425532,1477873846
0000000198F7,44.7582089552,1477873840
0000000198D3,31.7454545455,1477873619
00000001AD4B,31.2375,1477873563
0000000198DF,44.7582089552,1477873656
00000001AD4A,36.5707317073,1477873566
0000000198DB,40.0829268293,1477873641
00000001C288,46.9074626866,1477873293
00000001AD7D,41.5343283582,1477873959
000000019912,46.65,1477874031
0000000198D9,23.2465116279,1477873662
0000000198D6,31.9021276596,1477873632
0000000198D7,40.4052631579,1477873623
0000000198D5,31.0304347826,1477873630
0000000198D2,34.4689655172,1477873610
0000000198D1,25.6307692308,1477873612
