31.6577319588|3|32.246|0.693|000000019CE1|76
38.3268292683|2|38.327|0.000|000000019CE3|76
38.8708860759|2|38.871|0.000|000000019CE4|76
29.4|7|28.079|58.004|000000019CE6|76
32.6680851064|4|36.545|19.125|000000019CE8|76
26.8615384615|5|32.523|32.995|000000019CEE|76
26.4724137931|6|33.186|188.431|000000019CEF|76
36.5571428571|5|34.270|4.298|000000019CF3|76
36.5707317073|2|36.571|0.000|000000019CF4|76
40.4052631579|4|35.112|44.313|000000019CF6|76
10.3042622951|9|28.901|186.769|000000019CF8|76
34.4689655172|2|34.469|0.000|000000019CFB|76
42.4702702703|2|42.470|0.000|000000019D05|76
30.370212766|3|33.259|16.685|000000019D06|76
42.4702702703|3|38.156|37.222|000000019D08|76
20.8897959184|5|25.950|30.176|00000001B194|76
43.65|5|37.610|48.976|00000001B195|76
43.65|3|44.451|1.282|00000001B1A0|76
28.0261682243|4|33.077|30.208|00000001B1AB|76
37.4487804878|10|32.126|66.913|00000001C758|76
38.3268292683|8|33.621|26.896|00000001C789|76
35.2965517241|2|35.297|0.000|00000001C7A1|76
45.8328358209|5|41.833|32.029|00000001C7A6|76
30.247826087|5|31.351|6.835|00000001C7B1|76
39.9857142857|5|32.759|78.244|00000001DF49|76
11.623255814|3|14.610|17.844|00000002B2B1|76
18.3975460123|2|18.398|0.000|00000002B2B3|76
16.0346938776|2|16.035|0.000|00000002B2B4|76
15.910880829|5|14.589|1.392|00000002B6B2|76
17.7502890173|3|15.845|7.262|00000002B6C2|76
21.4741258741|3|18.016|23.923|00000002B6C5|76
17.6126582278|5|17.789|4.904|00000002C3AF|76
