31.9862068966|3|27.213|45.571|00000001A6DF|76
43.6207792208|2|43.621|0.000|00000001A6E1|76
11.8107692308|9|36.310|229.852|00000001A6E4|76
30.8117647059|4|35.169|56.044|00000001A6E5|76
34.1608695652|3|33.153|2.030|00000001A6E8|76
54.1741935484|3|45.180|161.793|00000001A6EB|76
29.4|5|27.923|79.580|00000001A6F7|76
37.4142857143|2|37.414|0.000|00000001A6F9|76
42.65|5|37.841|20.853|00000001BC88|76
36.124137931|6|37.123|117.543|00000001BC8B|76
32.5956521739|4|41.732|123.699|00000001BCAA|76
54.8357142857|6|41.903|109.704|00000001D368|76
52.6105263158|7|43.761|57.812|00000001D373|76
31.2674157303|6|36.946|44.671|00000001D374|76
20.3364238411|2|20.336|0.000|00000002B4AA|76
