34.2|2|41.378|51.524|00000001957F|76
22.8916030534|2|22.892|0.000|000000019589|76
41.65|2|41.650|0.000|00000001958A|76
10.0089171975|8|25.641|146.888|00000001958B|76
39.782278481|5|32.719|66.731|00000001958D|76
31.6577319588|2|31.658|0.000|000000019595|76
48.3677419355|3|44.412|31.299|00000001A9E3|76
29.5269230769|3|34.276|45.098|00000001A9F4|76
40.8155844156|3|43.983|20.067|00000001A9F5|76
42.65|7|44.247|58.218|00000001BF82|76
49.0567164179|7|42.124|42.533|00000001D6E8|76
12.1375494071|2|12.138|0.000|00000002B152|76
18.065060241|2|18.065|0.000|00000002B154|76
11.0460431655|2|11.046|0.000|00000002B155|76
13.0186046512|5|14.893|6.622|00000002B543|76
