11.1479553903|2|11.148|0.000|00000001A127|76
30.1058823529|4|28.353|14.655|00000001A13A|76
42.65|2|42.650|0.000|00000001A140|76
35.7|2|34.939|0.580|00000001A141|76
38.9454545455|2|38.945|0.000|00000001A143|76
49.5290322581|3|45.367|34.642|00000001A144|76
42.65|3|40.339|10.679|00000001A145|76
37.4142857143|2|37.414|0.000|00000001A148|76
37.4487804878|3|32.854|42.229|00000001A14A|76
42.65|3|39.498|19.867|00000001A14B|76
30.8117647059|2|30.812|0.000|00000001A14D|76
27.0162162162|3|24.113|16.854|00000001A150|76
24.7464566929|2|24.746|0.000|00000001A152|76
26.4472440945|3|24.239|9.752|00000001A155|76
28.0261682243|4|25.740|17.146|00000001A15D|76
31.7454545455|3|31.592|0.047|00000001A160|76
16.077486911|2|16.077|0.000|00000001A162|76
30.1058823529|2|30.106|0.000|00000001A164|76
27.6648648649|3|26.081|5.017|00000001A165|76
41.65|2|41.650|0.000|00000001A166|76
33.3782608696|3|32.935|0.393|00000001A16A|76
33.3782608696|2|33.378|0.000|00000001A172|76
35.2965517241|2|35.297|0.000|00000001A174|76
34.6268041237|5|37.966|21.052|00000001A180|76
33.4340425532|3|31.852|5.008|00000001A183|76
41.4972972973|2|41.497|0.000|00000001A185|76
13.2935064935|3|19.207|69.943|00000001A186|76
28.6990654206|2|28.699|0.000|00000001A18C|76
39.8805194805|3|35.139|44.962|00000001A18D|76
22.9164179104|2|22.916|0.000|00000001A194|76
34.5033707865|2|34.503|0.000|00000001A195|76
25.7606557377|2|25.761|0.000|00000001A196|76
39.8805194805|2|39.881|0.000|00000001A197|76
29.4|2|29.400|0.000|00000001A19B|76
39.782278481|2|39.782|0.000|00000001A19C|76
25.973553719|2|25.974|0.000|00000001A19D|76
30.8117647059|2|30.812|0.000|00000001A19F|76
39.8805194805|5|31.105|71.764|00000001B6B7|76
36.5707317073|4|36.459|4.153|00000001B6BE|76
39.9857142857|5|32.478|69.230|00000001B6C9|76
42.65|4|38.250|71.306|00000001B6DD|76
23.8090909091|3|32.873|164.299|00000001B6E3|76
41.4972972973|4|35.830|59.618|00000001B6E8|76
35.28|3|33.533|17.149|00000001B6FD|76
25.1704918033|4|24.350|1.096|00000001B703|76
37.4487804878|6|28.884|93.185|00000001B706|76
46.9074626866|3|42.287|42.705|00000001B713|76
29.5269230769|3|28.685|1.419|00000001B720|76
33.6943820225|3|34.366|0.903|00000001B72A|76
43.65|3|38.756|47.898|00000001B73A|76
30.1058823529|6|31.170|36.038|00000001CCDB|76
36.5707317073|6|29.243|35.373|00000001CCF5|76
30.8117647059|6|31.753|21.967|00000001CD30|76
30.7177570093|8|25.502|45.475|00000001E4A7|76
35.7|4|28.086|37.369|00000001E4BD|76
50.6903225806|7|37.870|144.228|00000001E4CA|76
34.1608695652|7|33.708|18.139|00000001E4E5|76
30.8117647059|5|38.064|40.945|00000001E510|76
17.2516853933|3|15.509|6.074|00000002B390|76
13.7704035874|2|13.770|0.000|00000002B391|76
16.3340425532|2|16.334|0.000|00000002B394|76
12.653164557|2|12.653|0.000|00000002B396|76
