54.8357142857|3|49.990|46.962|00000001953C|76
27.9882352941|6|30.145|77.621|000000019549|76
47.98125|2|42.399|31.163|00000001954C|76
39.8805194805|2|39.881|0.000|00000001954D|76
50.6903225806|3|50.327|0.264|00000001954E|76
52.0474576271|3|43.563|143.988|00000001954F|76
42.65|3|43.802|2.653|000000019553|76
50.8271186441|2|50.827|0.000|000000019556|76
30.1058823529|4|36.474|46.810|00000001A993|76
42.6089552239|7|39.639|90.901|00000001BF47|76
28.4333333333|8|38.042|81.456|00000001EE0E|76
11.3313653137|2|11.331|0.000|00000002B147|76
