42.65|3|40.700|7.605|0000000195E5|76
33.6943820225|3|31.063|13.849|0000000195E6|76
37.4487804878|2|37.449|0.000|0000000195E7|76
38.8708860759|4|37.302|2.489|0000000195EA|76
34.1608695652|2|34.161|0.000|0000000195EB|76
53.0129032258|2|53.013|0.000|0000000195EF|76
18.9555555556|2|18.956|0.000|0000000195F0|76
31.2674157303|2|31.267|0.000|0000000195F2|76
31.6577319588|4|33.229|49.926|0000000195F3|76
26.2461538462|4|30.093|15.492|0000000195F4|76
31.6577319588|2|31.658|0.000|0000000195FF|76
36.1402597403|2|36.140|0.000|000000019601|76
31.9875|1|31.988|0.000|000000019602|76
25.6307692308|2|25.631|0.000|000000019603|76
35.7|1|35.700|0.000|000000019604|76
32.2451612903|2|32.245|0.000|000000019605|76
39.8805194805|2|39.881|0.000|000000019608|76
17.1553072626|9|30.499|72.106|00000001AA2E|76
27.2823529412|4|30.536|39.307|00000001AA41|76
38.3268292683|4|44.862|42.714|00000001AA49|76
28.6990654206|3|28.457|0.117|00000001AA57|76
32.5956521739|3|32.887|0.169|00000001AA61|76
23.441221374|12|27.900|47.045|00000001D727|76
11.9433476395|3|14.281|10.928|00000002B55D|76
