26.7576923077|7|23.740|8.394|0000000196CF|76
35.2965517241|3|33.672|5.278|0000000196D4|76
28.8346153846|2|28.835|0.000|0000000196D6|76
32.4|3|28.296|40.785|0000000196D7|76
27.9882352941|6|25.694|84.170|0000000196DD|76
38.9454545455|4|37.950|1.094|0000000196EA|76
24.8464285714|3|25.388|0.586|0000000196EB|76
35.2965517241|3|30.006|55.983|0000000196EC|76
18.7243902439|6|23.738|151.388|0000000196EE|76
46.9074626866|4|42.002|37.028|0000000196F1|76
30.1058823529|4|29.034|2.261|0000000196F3|76
42.65|4|30.283|154.401|0000000196FB|76
37.0753246753|2|37.075|0.000|0000000196FC|76
36.124137931|6|27.659|119.114|000000019700|76
25.6307692308|2|25.631|0.000|000000019708|76
29.4309278351|2|29.431|0.000|000000019709|76
27.0162162162|2|27.016|0.000|00000001970B|76
25.1704918033|4|31.996|47.080|000000019716|76
39.8805194805|3|33.371|84.738|000000019717|76
29.4|2|29.400|0.000|000000019718|76
33.3782608696|3|31.036|10.975|000000019728|76
32.6680851064|2|32.668|0.000|00000001972A|76
42.65|2|42.650|0.000|00000001972E|76
38.6068965517|5|30.006|81.018|00000001AB22|76
36.5441860465|4|31.510|49.797|00000001AB2C|76
31.6577319588|3|32.120|0.428|00000001AB2E|76
34.0772727273|6|31.150|31.508|00000001AB34|76
50.6903225806|6|36.965|203.158|00000001AB39|76
35.5125|4|29.694|49.639|00000001AB3E|76
38.9454545455|3|37.120|6.665|00000001AB4C|76
30.9154639175|4|30.193|39.053|00000001AB57|76
38.3268292683|4|35.891|74.715|00000001AB66|76
41.5343283582|4|33.823|140.512|00000001AB6D|76
28.6990654206|4|29.749|47.344|00000001AB7B|76
32.6097087379|3|29.563|18.570|00000001AB86|76
38.8708860759|4|39.743|2.331|00000001AB96|76
49.5290322581|3|46.242|21.615|00000001ABA2|76
35.2965517241|13|28.369|101.258|00000001C062|76
36.5571428571|6|32.295|93.100|00000001C0DE|76
32.5956521739|4|28.965|60.705|00000001C128|76
25.6307692308|4|27.606|5.599|00000001C143|76
30.9154639175|5|34.685|25.128|00000001D896|76
12.1857142857|2|12.186|0.000|00000002B175|76
13.8950226244|2|13.895|0.000|00000002B19D|76
20.0705882353|3|17.092|17.741|00000002B1A0|76
12.3822580645|2|12.382|0.000|00000002B1A2|76
14.0788732394|3|18.287|35.417|00000002B590|76
