34.5033707865|5|31.208|97.859|000000019CC3|76
26.7576923077|5|33.067|72.475|000000019CCC|76
29.6490566038|2|29.649|0.000|000000019CCD|76
33.9272727273|2|33.927|0.000|000000019CD2|76
35.2965517241|5|28.574|83.757|000000019CDA|76
33.3782608696|4|34.329|34.426|000000019CDD|76
31.6577319588|3|32.246|0.693|000000019CE1|76
38.3268292683|2|38.327|0.000|000000019CE3|76
38.8708860759|2|38.871|0.000|000000019CE4|76
29.4|3|29.979|0.672|000000019CE6|76
32.6680851064|3|34.298|5.315|000000019CE8|76
26.2461538462|2|26.246|0.000|000000019CEA|76
26.8615384615|2|26.862|0.000|000000019CEE|76
27.5684210526|3|30.484|17.004|00000001B166|76
27.5684210526|5|32.379|34.500|00000001B169|76
31.9875|5|32.565|104.616|00000001B176|76
33.3782608696|5|34.701|40.683|00000001B17A|76
33.3782608696|4|36.921|34.613|00000001C768|76
38.3268292683|5|33.312|24.015|00000001C789|76
28.0261682243|16|33.694|57.541|00000001F2C7|76
12.8485355649|2|12.849|0.000|00000002B2A8|76
14.0932735426|2|14.093|0.000|00000002B2AB|76
13.4096069869|4|14.396|10.876|00000002B6B5|76
21.346875|2|19.750|2.551|00000002B6BC|76
11.7655172414|7|15.841|16.432|00000002BB2A|76
19.3132075472|5|16.466|14.691|00000002BB37|76
17.6126582278|5|17.789|4.904|00000002C3AF|76
