35.7|1|35.700|0.000|000000019EA3|76
29.6910891089|4|33.594|24.251|000000019EA5|76
35.7|1|35.700|0.000|000000019EA7|76
40.0829268293|6|38.607|11.376|000000019EA8|76
28.6990654206|5|31.080|20.833|000000019EAD|76
10.3381578947|2|10.338|0.000|000000019EAF|76
37.9594936709|2|37.959|0.000|000000019EB2|76
32.5956521739|2|32.596|0.000|000000019EB8|76
44.5043478261|2|44.504|0.000|000000019EBB|76
18.5111111111|3|23.024|40.726|000000019EBD|76
21.0328767123|2|21.033|0.000|000000019EBF|76
35.2965517241|2|35.297|0.000|000000019EC0|76
30.370212766|3|32.870|12.500|000000019EC1|76
30.8117647059|3|28.531|10.407|000000019EC5|76
38.8708860759|3|37.820|2.210|000000019EC9|76
15.5463687151|6|27.153|80.396|00000001B347|76
33.4340425532|5|35.703|26.749|00000001B374|76
31.9021276596|4|33.707|19.389|00000001C9DE|76
33.9365853659|6|33.469|29.550|00000001C9DF|76
46.65|9|36.483|98.819|00000001C9E1|76
24.764516129|4|26.806|9.766|00000001C9E4|76
25.4454545455|9|35.304|82.523|00000001E15A|76
25.7606557377|4|29.408|29.561|00000001E17F|76
15.1270935961|6|16.345|2.965|00000002B2F7|76
16.0346938776|4|15.210|3.857|00000002B2F8|76
16.7803278689|2|16.780|0.000|00000002B2FB|76
18.8027027027|3|16.221|13.335|00000002B2FD|76
17.7502890173|2|17.750|0.000|00000002B2FE|76
