39.8805194805|3|36.574|21.865|000000019A6D|76
33.1285714286|2|33.129|0.000|000000019A70|76
26.2461538462|3|24.869|3.794|000000019A71|76
29.4309278351|3|29.183|0.123|000000019A74|76
17.8534883721|4|29.292|155.593|000000019A76|76
43.6207792208|2|43.621|0.000|000000019A79|76
28.0261682243|5|29.855|19.846|000000019A7A|76
49.5290322581|6|39.539|71.326|000000019A7B|76
37.9594936709|2|37.959|0.000|000000019A7E|76
35.2965517241|2|35.297|0.000|000000019A82|76
30.1058823529|6|24.863|53.915|000000019A83|76
37.9594936709|3|37.144|1.330|000000019A84|76
33.3782608696|2|33.378|0.000|000000019A87|76
38.9454545455|6|28.250|91.857|000000019A8A|76
34.1608695652|2|34.161|0.000|000000019A9D|76
28.0607142857|3|26.539|4.633|000000019AA4|76
25.8050420168|4|32.270|58.664|000000019AA8|76
31.6577319588|4|37.937|47.111|000000019AAD|76
30.2192307692|3|29.346|1.525|000000019AB6|76
30.1058823529|2|30.106|0.000|000000019AC4|76
31.9875|5|26.358|26.673|00000001AEB5|76
34.5033707865|3|32.651|6.863|00000001AED4|76
38.9454545455|6|36.503|37.042|00000001AED9|76
37.4487804878|3|36.869|0.672|00000001AEF7|76
29.3719626168|6|31.308|61.317|00000001AEFA|76
23.8|8|31.312|113.344|00000001C464|76
35.7|4|29.698|22.094|00000001C499|76
23.8046511628|5|27.162|23.383|00000001C4AE|76
32.5956521739|5|33.565|10.102|00000001C4BB|76
33.3782608696|5|37.573|31.790|00000001C4C2|76
29.4|6|32.134|9.082|00000001C4D4|76
23.2636363636|4|29.647|67.850|00000001C4E3|76
34.5033707865|5|33.892|5.498|00000001C4EB|76
14.0932735426|3|17.900|28.988|00000002B23B|76
12.6725806452|3|13.622|1.804|00000002B63E|76
18.3975460123|3|17.536|1.483|00000002B643|76
24.3804878049|3|22.019|11.151|00000002B64F|76
