0000000133FA,21.8647058824,1477907035
00000001CD37,18.5164556962,1477906720
00000002BC89,15.5067137809,1477907232
00000001E54A,18.879638009,1477906660
00000001E5AC,20.9971291866,1477907180
00000001334E,18.1338842975,1477906677
00000001A1AB,22.2494845361,1477906935
0000000133AF,11.4663239075,1477906696
000000029DAE,13.2404907975,1477907152
00000001F5F4,17.985,1477906909
0000000133A6,16.9436293436,1477906586
000000029DA6,21.8,1477906932
00000001B671,22.85625,1477906813
00000001F5F3,21.547826087,1477907006
00000001CDA3,21.2,1477906748
00000001A170,10.4735083532,1477906571
0000000133CE,21.2184331797,1477906806
00000001E55B,20.7,1477907007
000000018DCA,23.85,1477907096
00000001CDA0,25.5139534884,1477906750
00000002A3A4,13.586377709,1477906898
000000016453,21.2,1477906821
00000001CD86,15.8733096085,1477906659
000000016458,22.85625,1477907008
0000000133F3,20.2230414747,1477906981
000000029D07,26.55,1477906828
0000000163FE,16.5379310345,1477906550
0000000133C8,22.276142132,1477906786
00000001340B,25.5139534884,1477907141
00000001340C,20.9408450704,1477907165
000000013377,24.386440678,1477907300
00000001CD7B,21.3029126214,1477906525
00000001F5C4,10.2771428571,1477906573
00000001E4EB,20.1700934579,1477906699
0000000133CC,19.504,1477907097
000000029D9C,11.7651474531,1477906821
000000029D9F,14.3401993355,1477906869
00000001E574,20.852173913,1477906857
000000029D9E,24.9502890173,1477906733
000000029D99,11.6712765957,1477906799
0000000133C4,22.4140703518,1477906756
000000029D93,16.0446043165,1477906510
000000029D96,17.288372093,1477906593
000000029D94,11.4579634465,1477906608
0000000151E5,26.0842105263,1477906850
00000001CDC8,20.1828054299,1477906944
000000013400,22.8380952381,1477907046
000000013406,25.2209302326,1477907091
0000000133BF,17.985483871,1477906741
00000001520A,18.4702702703,1477907122
0000000133BC,21.1588235294,1477906684
0000000133BB,22.3897959184,1477906676
00000001CDED,22.276142132,1477907158
00000001E4CF,23.219047619,1477906560
00000001E5B7,21.1588235294,1477907277
00000002383A,13.2981818182,1477906570
00000001521B,22.85625,1477907174
000000013410,20.9971291866,1477907179
0000000133B2,21.5117647059,1477906616
00000002C0D9,14.1058823529,1477906965
000000013408,21.2,1477907121
0000000133DF,23.85,1477906876
00000001CD87,24.5162011173,1477906589
00000001A181,22.0522613065,1477906633
00000001B724,22.276142132,1477906653
0000000133B9,24.1120879121,1477906650
0000000133B8,21.6177339901,1477906657
0000000133B5,10.4950588235,1477906744
00000001B6F9,25.0953488372,1477906539
00000001F5E2,13.8,1477906708
00000001B748,20.9971291866,1477906865
00000002C10D,20.1828054299,1477907020
00000002B7ED,13.5310344828,1477907156
00000001CDF2,15.6391304348,1477907244
0000000133E9,18.5538461538,1477906958
0000000133E3,24.5162011173,1477906881
0000000133E6,21.1393364929,1477906933
00000001CD27,16.8609375,1477906657
00000001521F,20.7981042654,1477907208
0000000133EE,23.4673796791,1477906959
00000001CD9A,24.793220339,1477906704
00000002A3BF,21.3029126214,1477907085
00000002A3BC,13.5444444444,1477906612
00000002A3C4,20.1828054299,1477906981
0000000133D8,20.852173913,1477906845
00000001B74B,16.265060241,1477906873
0000000151BF,22.276142132,1477906639
0000000133D4,16.35,1477906857
