000000013FE5,42.8884615385,1477867254
00000001D767,35.0461538462,1477867196
00000001405E,41.0130841121,1477867293
00000001C016,14.1151898734,1477867028
0000000122FA,31.1234042553,1477867420
000000029A48,16.3137546468,1477867626
0000000122DA,30.975,1477867048
00000001D77F,39.1821428571,1477867567
000000029A47,17.6951612903,1477867564
000000029A40,21.4442307692,1477867237
000000029A42,23.5868852459,1477867263
000000015C97,53.1,1477867269
0000000122D1,30.475,1477866916
00000001406D,11.7336898396,1477867057
00000001406F,43.0144329897,1477867123
00000002A028,15.2823529412,1477867007
0000000122F5,32.0321167883,1477867357
0000000122F4,15.1723636364,1477867424
000000014073,39.1821428571,1477866937
000000014071,36.2722689076,1477867145
00000002C2DD,16.1059701493,1477867633
000000014097,23.85,1477867397
00000001C03B,41.0130841121,1477867603
0000000140AF,38.4947368421,1477867542
00000002BE54,28.5854304636,1477867030
0000000122CE,22.0522613065,1477867428
00000001AA44,32.2119402985,1477866972
00000002B9AB,15.9,1477867430
0000000122EA,31.6340425532,1477867209
