00000001C8FF,20.7,1477891338
00000001C8FE,29.3447368421,1477891335
000000012E1D,42.3176470588,1477891243
000000012E22,39.1821428571,1477890838
000000012E47,45.0545454545,1477891226
000000012E45,23.23125,1477891270
000000012E42,39.1821428571,1477891213
000000029C65,21.2630541872,1477890988
000000014BC0,12.6210526316,1477890783
000000012E4E,31.4112676056,1477891319
00000001C8F6,32.7,1477891166
00000002A27F,18.1338842975,1477890707
00000002A270,19.7613733906,1477891205
00000001C8EB,36.5606557377,1477890953
000000019DE6,27.6,1477891208
00000001C8C5,50.4413793103,1477890741
000000012E50,39.1263157895,1477891354
000000014BEB,36.5606557377,1477891149
000000012E10,30.6881118881,1477891245
000000012E12,25.2206896552,1477890608
000000012E4F,37.5076923077,1477891355
000000012E36,46.685106383,1477891079
000000029C6B,20.9533980583,1477891193
000000012E33,19.2696428571,1477891128
000000012E18,39.2974789916,1477890696
00000001F38A,31.5712230216,1477890994
000000012E4D,17.0093023256,1477891367
