000000012869,19.5910714286,1477876468
00000001281D,18.3615062762,1477875998
00000001281E,18.1338842975,1477876006
000000012862,22.85625,1477876416
000000012865,22.6416243655,1477876440
000000012864,22.276142132,1477876433
00000002A126,16.1059701493,1477875973
00000001F135,20.7,1477876455
00000001C48F,15.5067137809,1477876558
0000000145FD,16.7496183206,1477876345
000000019931,20.8429906542,1477876153
00000001460F,20.9971291866,1477876411
000000012891,19.8570135747,1477876686
000000029B30,19.417699115,1477876013
0000000145F0,20.7981042654,1477876282
00000001DBC6,19.7675675676,1477876469
00000001DBC7,23.4673796791,1477876364
00000001DBC3,24.1120879121,1477876316
00000001AE80,20.5065420561,1477876252
00000001C460,25.2,1477876210
00000001286D,19.1633187773,1477876490
000000012887,21.0396226415,1477876630
000000029B5F,10.1086651054,1477876382
00000001C496,20.2230414747,1477876582
000000029B5B,10.0191780822,1477876291
0000000145BC,15.8691176471,1477875948
00000001283B,14.1151898734,1477876243
00000001283C,22.85625,1477876185
000000012889,21.3029126214,1477876632
000000012888,22.6206185567,1477876627
00000001AE8D,23.85,1477876351
00000001C464,19.9125,1477876304
00000001DB5D,19.3090909091,1477876321
00000001280F,23.6,1477875905
00000001280C,21.7247524752,1477875909
00000001280B,19.2696428571,1477875917
000000029B55,14.5794019934,1477875979
000000029B56,19.8570135747,1477876007
00000001DB47,18.9155172414,1477876120
000000012833,24.9340909091,1477876118
000000012830,23.5935483871,1477876117
0000000145A8,23.4673796791,1477876159
000000029B58,12.3269662921,1477876116
000000012835,20.0918918919,1477876154
00000001DBE5,18.2803278689,1477876626
00000001DB80,25.9668639053,1477876431
00000001285C,22.9917525773,1477876375
00000002BA97,19.3560538117,1477876386
00000001DB79,19.417699115,1477876432
00000001C3D3,21.8328358209,1477876176
000000012828,10.8088669951,1477876143
00000001DBD0,23.9815384615,1477876596
00000001C447,23.23125,1477876050
00000002BF0C,14.7207920792,1477875981
00000001C442,22.85625,1477876004
00000001288F,21.547826087,1477876665
000000012839,26.0842105263,1477876162
00000001282C,16.1025270758,1477876125
00000001461D,10.6453460621,1477876574
000000012854,20.3671232877,1477876329
000000012856,23.2064516129,1477876319
000000012858,20.3603773585,1477876356
000000012859,21.8647058824,1477876351
000000014572,19.2696428571,1477876040
00000001C433,21.5117647059,1477876234
00000001C439,17.8416,1477875936
000000012882,18.3615062762,1477876611
000000012881,25.0953488372,1477876571
000000029B61,20.1302752294,1477876334
000000029B62,11.9262032086,1477876428
000000012846,19.3321585903,1477876269
000000012849,22.6206185567,1477876265
00000001287B,18.0582995951,1477876591
00000001283D,21.7247524752,1477876202
00000001C46E,17.6901639344,1477876367
0000000127F1,22.276142132,1477876625
00000001C467,17.5463414634,1477876352
00000001DB87,19.619138756,1477876010
0000000145CF,22.0522613065,1477876206
0000000145CC,21.2,1477875996
00000001284D,16.0160583942,1477876317
000000012874,15.842599278,1477876548
000000012871,11.1948979592,1477876582
0000000145D1,20.7,1477876230
0000000145D3,22.6206185567,1477876064
00000001F122,17.5606299213,1477876087
00000001C45F,20.9971291866,1477876283
00000001282F,24.1120879121,1477876116
00000001DB9C,22.85625,1477876647
00000001287D,20.4605504587,1477876590
