00000001E39C,34.576744186,1477902693
00000001321B,30.9042253521,1477903284
00000001CBEB,45.7125,1477902697
00000001320F,30.4554744526,1477903136
000000016377,42.8884615385,1477903105
0000000131D5,34.0186046512,1477903339
0000000131D4,28.8710526316,1477902891
00000001E3DD,29.975,1477903369
0000000131F7,45.8470588235,1477902843
00000001B5C7,35.9709677419,1477903363
0000000131F9,49.3078651685,1477902865
0000000131F8,41.4,1477902865
000000014FDA,44.3272727273,1477903040
000000029D2F,18.2898305085,1477902780
000000014FC5,46.685106383,1477902608
000000013218,27.0888888889,1477903228
000000016362,35.9704918033,1477902864
000000029D31,12.4317280453,1477903018
000000029D32,20.2647887324,1477903090
000000013210,17.5606299213,1477903201
000000013207,32.4541353383,1477903076
00000001321D,47.7,1477903268
0000000131E9,37.5076923077,1477902709
00000001320B,34.502189781,1477903113
0000000131E5,47.7,1477902672
0000000131E3,34.8096774194,1477902678
0000000131E1,36.5606557377,1477902657
00000001CC04,11.7651474531,1477902995
00000001CC01,29.9355704698,1477903184
00000001CBF9,31.4112676056,1477902998
000000013214,25.6631578947,1477903179
0000000131FC,43.0235294118,1477902905
000000016374,29.3447368421,1477903009
0000000131FA,46.4625,1477902879
0000000131FF,53.2888888889,1477902927
00000001CC1B,33.2454545455,1477903233
0000000131FD,23.8524064171,1477902961
00000002C0CC,23.9803278689,1477902688
00000001638A,29.3632653061,1477903315
000000014FD1,50.8304347826,1477903402
000000013201,50.4413793103,1477902971
000000013203,47.7,1477903012
00000001CC11,35.3903225806,1477902991
