00000002A63F,12.2239554318,1477875127
00000001C3CE,22.276142132,1477875253
000000029B3D,18.0592592593,1477875049
000000029B3E,13.7464968153,1477875099
00000002B60E,16.3746268657,1477875710
0000000127C4,21.3029126214,1477875480
000000012742,23.3528795812,1477875040
00000001DAD5,18.4461538462,1477875070
00000001AE1E,18.3615062762,1477875573
000000015EE3,21.0396226415,1477875272
000000014535,23.8524064171,1477875077
000000014579,20.7,1477875461
00000001455F,19.5910714286,1477875312
0000000127AC,20.1700934579,1477875314
0000000127AA,22.1910447761,1477875274
000000014548,24.793220339,1477875086
00000001454C,20.2230414747,1477875402
00000001DAE1,22.276142132,1477875033
00000002B607,19.5312217195,1477875425
00000002B604,24.6539325843,1477875028
00000001C3B9,20.5065420561,1477875124
00000001C3B1,23.8524064171,1477875012
00000001DB51,17.2771653543,1477875557
00000001DB52,18.8489082969,1477875600
00000002C348,19.2444444444,1477875685
00000002C342,18.0592592593,1477875582
00000001C36B,23.0823529412,1477875761
00000001C3BE,16.6656370656,1477875171
00000001C3E7,22.276142132,1477875410
0000000127A8,23.8524064171,1477875246
0000000127A3,23.4673796791,1477875214
0000000127A2,26.3928994083,1477875199
0000000127A1,21.5117647059,1477875216
0000000127A0,17.8390243902,1477875229
0000000127A6,16.1662921348,1477875284
000000012792,19.5910714286,1477875122
0000000127CB,21.3683168317,1477875517
0000000127CE,21.7247524752,1477875527
000000012796,21.2,1477875139
000000012794,19.0149779736,1477875132
00000001DB6E,22.1910447761,1477875685
00000001271C,25.2206896552,1477875324
000000029B46,18.7103139013,1477875322
000000029B42,12.1247191011,1477875223
000000029B40,16.8137931034,1477875119
000000012705,24.386440678,1477875164
000000029B49,10.9517564403,1477875606
00000001C426,22.9759162304,1477875782
0000000127B2,21.1588235294,1477875340
0000000127DC,23.8524064171,1477875620
0000000127B8,23.4673796791,1477875391
0000000127BF,11.5788918206,1477875555
00000001ADBA,18.9155172414,1477875514
00000001AE49,22.85625,1477875780
0000000127BE,22.48125,1477875446
000000014596,23.7164835165,1477875622
00000001451A,19.8,1477875087
000000015EFC,19.3090909091,1477875534
0000000127E8,24.9184357542,1477875689
00000001DB63,19.0149779736,1477875576
00000002A671,16.0160583942,1477875091
000000014590,19.417699115,1477875655
00000001279C,17.9852459016,1477875190
0000000127C0,11.7024,1477875558
0000000127E7,21.2,1477875691
0000000127E6,18.060251046,1477875707
0000000127E9,23.8524064171,1477875702
0000000127C1,21.9549295775,1477875481
0000000185BD,24.9184357542,1477875681
00000001DB27,22.7571428571,1477875275
00000001450A,19.7675675676,1477875173
00000001272F,19.5910714286,1477875136
00000001272D,23.8524064171,1477875023
00000001DB1D,17.3454545455,1477875151
00000001452D,18.2803278689,1477875014
00000002A10A,14.4845637584,1477875217
00000001DB00,21.7247524752,1477875012
000000012736,18.7538461538,1477875210
0000000127EC,21.7580487805,1477875711
00000002BA6B,13.586377709,1477875239
