22.6416243655|3|20.872|6.260|0000000128F2|57
15.3063829787|6|23.264|92.415|000000012913|57
22.85625|3|25.258|11.538|000000012971|57
17.4142857143|3|23.020|62.849|0000000129A3|57
22.9917525773|3|23.812|1.347|0000000129A9|57
23.3528795812|3|27.293|31.045|0000000129AA|57
21.0396226415|3|22.491|4.215|0000000129AD|57
11.0032941176|2|11.003|0.000|0000000129AF|57
22.85625|3|22.695|0.052|0000000129B0|57
24.1120879121|3|28.121|32.141|0000000129B3|57
16.3362549801|3|17.640|3.397|0000000129BD|57
24.1120879121|2|24.112|0.000|0000000129C1|57
20.0383561644|3|24.116|33.255|0000000129C4|57
21.1393364929|4|26.150|31.562|0000000129D5|57
19.417699115|2|19.418|0.000|0000000129D8|57
21.7247524752|2|21.725|0.000|0000000129DA|57
10.4237529691|4|19.786|125.838|0000000129DC|57
21.9106598985|2|21.911|0.000|0000000129E1|57
18.9155172414|2|18.916|0.000|0000000129E3|57
24.1120879121|2|24.112|0.000|0000000129E7|57
23.4|5|28.148|33.475|0000000129EA|57
19.4777292576|2|19.478|0.000|0000000129EB|57
19.504|1|19.504|0.000|0000000129EC|57
23.85|2|29.994|37.752|0000000129EF|57
18.8343347639|3|21.612|15.426|0000000129F1|57
21.3683168317|2|21.368|0.000|0000000129F4|57
21.6524271845|3|22.074|0.355|0000000129F8|57
19.7675675676|2|19.768|0.000|0000000129FA|57
23.5935483871|2|23.594|0.000|0000000129FC|57
16.4359550562|2|16.436|0.000|000000012A03|57
23.7164835165|3|27.857|34.290|000000012A04|57
18.060251046|4|24.583|44.521|000000012A09|57
21.2|2|21.200|0.000|000000012A0B|57
22.8380952381|2|22.838|0.000|000000012A10|57
24.386440678|2|24.386|0.000|000000012A18|57
23.5935483871|2|23.594|0.000|000000012A1A|57
24.5076923077|2|24.508|0.000|000000012A1C|57
22.0811881188|3|30.292|134.819|000000012A1D|57
17.7705179283|2|17.771|0.000|000000012A1E|57
17.4142857143|2|17.414|0.000|000000012A1F|57
21.4746268657|2|21.475|0.000|000000012A22|57
21.1588235294|2|21.159|0.000|000000012A23|57
22.1910447761|2|22.191|0.000|000000012A25|57
23.219047619|2|23.219|0.000|000000012A29|57
20.3166666667|2|20.317|0.000|000000012A2C|57
21.547826087|2|21.548|0.000|000000012A2F|57
18.6051724138|4|20.440|28.329|000000014751|57
23.23125|3|22.181|2.208|000000014754|57
20.7981042654|3|19.574|2.996|00000001476B|57
22.0522613065|4|19.657|27.048|00000001478F|57
22.0811881188|3|21.638|0.392|0000000147BC|57
24.1139664804|3|22.367|6.101|0000000147BF|57
19.0991150442|3|19.312|0.091|0000000147CC|57
22.0522613065|4|22.361|1.771|000000016021|57
24.1120879121|4|23.227|8.218|000000016028|57
23.5935483871|3|23.075|0.537|000000019B06|57
23.85|1|23.850|0.000|00000001AF99|57
18.7538461538|2|18.754|0.000|00000001AFBC|57
19.0149779736|6|24.932|98.813|00000001C54B|57
22.0522613065|3|20.927|2.533|00000001C56D|57
22.6416243655|7|29.600|100.539|00000001C572|57
17.4142857143|3|17.504|0.016|00000001C579|57
20.5548387097|3|19.465|2.374|00000001C57E|57
22.0811881188|3|21.785|0.175|00000001C57F|57
16.56|3|17.872|3.442|00000001C586|57
20.6526315789|6|22.206|11.629|00000001C592|57
20.1700934579|3|20.437|0.143|00000001C59A|57
22.4140703518|5|21.869|2.908|00000001C5A2|57
20.7|4|24.700|55.186|00000001C5A3|57
20.1700934579|3|18.006|9.368|00000001C5A7|57
24.793220339|4|25.485|57.226|00000001C5AF|57
22.7571428571|3|21.684|2.304|00000001C5B6|57
23.4994974874|13|23.704|78.480|00000001DC18|57
20.2230414747|6|23.040|60.926|00000001DCE1|57
25.5139534884|8|26.333|51.293|00000001DD05|57
20.7|4|22.239|27.097|00000001DD07|57
26.2778443114|5|31.247|60.532|00000001DD12|57
19.5312217195|4|26.449|163.876|00000001DD27|57
10.2302752294|7|20.886|69.245|00000001DD28|57
18.1338842975|4|19.134|4.456|00000001DD2E|57
22.0224489796|4|27.094|135.408|00000001DD35|57
24.793220339|9|31.299|44.233|00000001F1C8|57
10.4260869565|8|21.376|61.639|00000001F1D0|57
17.7|5|23.176|26.799|00000001F1F0|57
15.6170818505|2|15.617|0.000|000000029BA6|57
14.9875|2|14.988|0.000|000000029BA7|57
10.8893300248|2|10.889|0.000|000000029BA9|57
15.0366559486|3|14.015|2.089|000000029BAC|57
25.7826589595|3|24.071|5.860|000000029BB1|57
14.5794019934|2|14.579|0.000|000000029BB3|57
17.0093023256|6|16.642|3.800|00000002A122|57
16.4590405904|3|15.359|2.420|00000002A193|57
18.060251046|4|17.145|1.299|00000002A6B3|57
14.0204472843|2|14.020|0.000|00000002B664|57
13.1359550562|4|12.068|1.160|00000002BACA|57
18.1361344538|3|15.925|9.778|00000002BACF|57
