30.5506849315|2|30.551|0.000|000000012CE8|57
42.8884615385|2|42.888|0.000|000000012CEA|57
14.4349514563|4|26.160|139.008|000000012CEB|57
30.475|3|25.671|46.166|000000012CF0|57
38.3214953271|2|38.321|0.000|000000012CF3|57
38.4947368421|2|38.495|0.000|000000012CF6|57
43.7294117647|4|38.006|48.460|000000012CF7|57
12.19|2|12.190|0.000|000000012CFB|57
33.2865671642|2|33.287|0.000|000000012CFC|57
42.3176470588|2|42.318|0.000|000000012D01|57
34.8985074627|3|31.197|27.397|000000012D02|57
37.5076923077|3|36.499|2.036|000000012D07|57
27.7054054054|3|28.258|0.610|000000012D15|57
39.1821428571|3|38.415|1.176|000000012D17|57
33.6098360656|2|33.610|0.000|000000012D1A|57
32.2676470588|2|32.268|0.000|000000012D1C|57
31.5712230216|2|31.571|0.000|000000012D22|57
34.0186046512|2|34.019|0.000|000000012D23|57
33.4604651163|3|32.469|1.964|000000012D29|57
30.9042253521|4|28.559|13.338|000000014A6B|57
32.2676470588|3|25.577|89.538|000000014A9F|57
20.6050251256|8|28.585|98.657|000000014AAD|57
36.5606557377|3|31.759|46.106|000000014ABB|57
34.5543307087|6|30.427|83.666|000000014ACB|57
34.5543307087|4|35.135|0.426|000000014AD4|57
23.8524064171|2|23.852|0.000|000000019D40|57
32.5576642336|4|30.517|63.897|00000001B1EF|57
36.8773109244|4|34.340|8.420|00000001C810|57
39.1821428571|3|38.267|1.675|00000001C822|57
45.2412371134|3|41.579|26.824|00000001C82A|57
31.5065693431|3|30.295|2.934|00000001C830|57
22.85625|4|26.549|19.374|00000001DFAA|57
18.060251046|13|34.635|72.070|00000001DFAC|57
45.2412371134|2|45.241|0.000|00000001DFBB|57
29.8530612245|8|35.901|65.409|00000001DFC0|57
35.9709677419|2|35.971|0.000|00000001F322|57
12.2581005587|2|12.258|0.000|000000029C3B|57
10.4704225352|2|10.470|0.000|000000029C3F|57
15.9875|5|14.091|2.889|00000002A211|57
12.7941690962|3|14.043|3.118|00000002A24A|57
16.2071146245|4|16.395|1.845|00000002A250|57
11.6712765957|3|14.396|14.853|00000002B6CC|57
11.6095238095|2|11.610|0.000|00000002B6CD|57
