10.6054054054|4|20.812|130.387|000000012FF5|57
12.3556786704|6|23.485|90.331|000000012FFB|57
48.2103092784|2|48.210|0.000|000000012FFF|57
49.3078651685|3|47.786|4.631|000000013008|57
34.0186046512|3|36.517|12.488|000000013009|57
12.3325714286|2|12.333|0.000|00000001300B|57
15.5414634146|2|15.541|0.000|00000001300D|57
39.1821428571|2|39.182|0.000|00000001301A|57
14.2050955414|3|19.541|56.936|000000013020|57
42.1961538462|2|42.196|0.000|000000013027|57
30.975|2|30.975|0.000|000000013029|57
36.8773109244|2|36.877|0.000|00000001302F|57
38.5392857143|3|37.103|4.124|000000013033|57
32.7492537313|2|32.749|0.000|000000013034|57
28.475|2|28.475|0.000|000000013035|57
35.9709677419|3|34.598|3.772|000000013036|57
35.3803278689|2|35.380|0.000|000000013038|57
40.2605504587|3|31.037|170.143|000000014D99|57
12.5742120344|3|17.705|52.645|000000014DA3|57
27.5333333333|4|31.349|17.340|000000014DCB|57
38.4947368421|4|30.019|71.923|000000014DDC|57
40.720754717|6|42.641|8.303|000000014DE1|57
51.2689655172|4|43.384|64.321|000000016279|57
36.2722689076|8|37.539|5.675|000000016284|57
39.825|3|36.222|34.160|000000016291|57
41.0130841121|15|33.786|104.583|00000001B3B9|57
35.3803278689|3|33.671|5.845|00000001CA8F|57
16.4121673004|6|28.219|86.626|00000001CAA3|57
35.6727272727|3|34.289|3.827|00000001CAA9|57
37.5076923077|4|32.271|38.034|00000001CAAC|57
28.5854304636|5|33.098|28.300|00000001CAAE|57
42.8884615385|3|39.641|21.093|00000001CAB3|57
39.5351351351|4|31.477|68.102|00000001E202|57
33.9874015748|3|35.442|4.231|00000001E203|57
16.6227272727|7|31.941|100.040|00000001E21E|57
14.3401993355|2|14.340|0.000|000000029CB6|57
18.5253218884|2|18.525|0.000|000000029CC7|57
20.6526315789|2|20.653|0.000|000000029CCB|57
15.1847750865|2|15.185|0.000|000000029CCE|57
12.3079646018|4|14.510|20.865|00000002A2FB|57
14.2573170732|3|15.136|1.543|00000002C071|57
