11.957493188|8|28.586|112.548|000000012D74|57
34.5543307087|2|34.554|0.000|000000012D89|57
14.528990228|2|14.529|0.000|000000012DAA|57
13.4593548387|5|24.365|87.085|000000012DAC|57
21.845026178|2|21.845|0.000|000000012DAD|57
37.5076923077|3|37.513|0.000|000000012DB0|57
14.528990228|6|27.078|105.857|000000012DB1|57
25.2206896552|7|27.445|63.905|000000012DB3|57
40.2605504587|3|38.425|6.739|000000012DB5|57
44.3272727273|3|39.721|42.443|000000012DC1|57
28.0023952096|2|28.002|0.000|000000012DC3|57
15.4521126761|5|27.893|125.004|000000012DCA|57
31.812244898|3|34.618|15.750|000000012DD0|57
26.2778443114|3|27.009|1.071|000000012DD1|57
32.5576642336|2|32.558|0.000|000000012DD2|57
35.9704918033|4|39.205|63.466|000000012DD5|57
11.479787234|5|21.286|75.342|000000012DDB|57
29.975|2|29.975|0.000|000000012DDE|57
30.975|3|34.267|21.680|000000012DE0|57
42.8884615385|2|42.888|0.000|000000012DE2|57
35.4|2|35.400|0.000|000000012DE6|57
37.2103448276|3|36.421|1.246|000000012DEF|57
46.685106383|2|46.685|0.000|000000012DF0|57
32.0321167883|2|32.032|0.000|000000012DF1|57
36.8923076923|8|35.009|53.241|000000014B08|57
12.6832369942|6|24.941|132.081|000000014B6A|57
13.4201834862|3|16.951|24.931|000000014B7F|57
40.2605504587|3|36.139|33.981|000000014B9D|57
30.9695364238|7|27.927|38.763|00000001B260|57
43.4495049505|4|35.276|67.142|00000001C89A|57
34.5543307087|3|33.129|4.063|00000001C89E|57
42.3176470588|4|40.191|39.745|00000001C8AA|57
23.4994974874|3|27.690|35.118|00000001C8AD|57
39.1821428571|5|34.581|166.203|00000001E041|57
