22.0522613065|4|27.873|74.521|0000000122CE|57
30.475|2|30.475|0.000|0000000122D1|57
30.975|2|30.975|0.000|0000000122DA|57
31.6340425532|4|32.830|16.350|0000000122EA|57
15.1723636364|5|26.831|106.537|0000000122F4|57
32.0321167883|3|34.108|8.616|0000000122F5|57
31.1234042553|2|31.123|0.000|0000000122FA|57
42.8884615385|8|37.192|75.086|000000013FE5|57
41.0130841121|3|36.530|40.192|00000001405E|57
11.7336898396|3|16.497|45.384|00000001406D|57
43.0144329897|3|32.828|207.520|00000001406F|57
36.2722689076|6|29.639|163.019|000000014071|57
39.1821428571|7|31.050|83.611|000000014073|57
23.85|2|23.748|0.010|000000014097|57
38.4947368421|4|36.267|8.813|0000000140AF|57
53.1|4|46.337|49.923|000000015C97|57
32.2119402985|2|32.212|0.000|00000001AA44|57
14.1151898734|6|27.091|94.216|00000001C016|57
41.0130841121|5|31.772|117.170|00000001C03B|57
35.0461538462|5|30.155|32.481|00000001D767|57
39.1821428571|6|30.844|85.228|00000001D77F|57
21.4442307692|2|21.444|0.000|000000029A40|57
23.5868852459|2|23.587|0.000|000000029A42|57
17.6951612903|2|17.695|0.000|000000029A47|57
16.3137546468|2|16.314|0.000|000000029A48|57
15.2823529412|4|13.728|2.415|00000002A028|57
15.9|5|17.734|17.392|00000002B9AB|57
28.5854304636|5|22.789|22.803|00000002BE54|57
16.1059701493|4|15.817|0.159|00000002C2DD|57
