17.2656|4|30.541|216.866|000000012188|57
43.0235294118|2|43.024|0.000|00000001218F|57
11.8909090909|3|19.888|127.905|000000012190|57
41.0130841121|2|41.013|0.000|000000012193|57
48.4826086957|2|48.483|0.000|000000012197|57
48.2241758242|2|48.224|0.000|0000000121A3|57
18.6740425532|3|24.907|77.687|0000000121AE|57
52.924137931|4|44.386|73.406|0000000121B1|57
41.4|4|40.614|1.141|0000000121B6|57
46.685106383|2|46.685|0.000|0000000121B7|57
40.3401869159|2|40.340|0.000|0000000121BB|57
47.9586206897|6|39.609|262.132|000000013F10|57
49.3078651685|6|41.415|156.416|000000013F1A|57
40.9058823529|3|32.644|136.531|000000013F34|57
56.9922077922|4|52.957|18.026|000000013F3C|57
42.7366336634|6|40.033|55.257|0000000170FB|57
16.1557894737|3|24.481|138.614|00000001A9AD|57
28.0528301887|10|33.271|170.635|00000001BF49|57
28.9691275168|7|37.934|40.490|00000001BF57|57
42.3176470588|7|39.089|164.970|00000001BF5C|57
50.047826087|5|40.040|168.499|00000001BF5E|57
35.9704918033|5|37.644|21.319|00000001D682|57
41.0130841121|7|35.685|94.340|00000001D68C|57
39.1821428571|8|40.233|66.179|00000001D68E|57
50.4413793103|5|46.196|27.079|00000001D698|57
47.2363636364|6|42.277|77.142|00000001D69C|57
15.7856115108|8|29.908|176.013|00000001EE14|57
38.5392857143|6|42.451|72.081|00000001EE1B|57
18.8343347639|3|17.297|4.728|0000000299EB|57
20.1828054299|3|19.211|1.889|0000000299FB|57
22.4322580645|3|18.881|25.224|0000000299FD|57
17.4234375|3|15.430|7.945|00000002B995|57
11.479787234|4|14.070|7.540|00000002BE2E|57
