14.7695364238|5|27.644|149.952|000000012CDD|57
12.19|2|12.190|0.000|000000012CFB|57
42.3176470588|2|42.318|0.000|000000012D01|57
37.5076923077|3|36.499|2.036|000000012D07|57
27.7054054054|3|28.258|0.610|000000012D15|57
39.1821428571|3|38.415|1.176|000000012D17|57
33.6098360656|2|33.610|0.000|000000012D1A|57
32.2676470588|2|32.268|0.000|000000012D1C|57
31.5712230216|2|31.571|0.000|000000012D22|57
34.0186046512|2|34.019|0.000|000000012D23|57
33.4604651163|3|32.469|1.964|000000012D29|57
31.5065693431|3|33.049|4.757|000000012D2A|57
20.6050251256|10|28.423|118.445|000000014AAD|57
36.5606557377|3|31.759|46.106|000000014ABB|57
34.5543307087|6|30.427|83.666|000000014ACB|57
34.5543307087|4|35.135|0.426|000000014AD4|57
33.7909090909|3|37.039|21.106|000000014AE3|57
41.6859813084|3|35.359|80.062|000000014AE9|57
24.1120879121|4|28.239|17.522|000000016152|57
34.0186046512|2|34.019|0.000|00000001B21F|57
39.1821428571|3|38.267|1.675|00000001C822|57
45.2412371134|3|41.579|26.824|00000001C82A|57
31.5065693431|5|32.792|11.147|00000001C830|57
29.8530612245|9|35.784|58.252|00000001DFC0|57
10.4704225352|2|10.470|0.000|000000029C3F|57
19.6789237668|2|19.679|0.000|000000029C46|57
16.2071146245|4|16.395|1.845|00000002A250|57
17.6951612903|2|17.695|0.000|00000002A254|57
11.6712765957|4|14.684|11.387|00000002B6CC|57
