48.4988764045|3|45.660|16.116|000000013DCC|57
52.6390243902|5|38.394|259.951|000000013DCE|57
47.7|1|47.700|0.000|000000013DD3|57
46.9173913043|2|46.917|0.000|000000013DD4|57
45.9191489362|2|45.919|0.000|000000013DD5|57
56.9922077922|2|56.992|0.000|000000013DDB|57
27.6692307692|3|30.969|21.773|000000015B8A|57
43.0235294118|5|40.751|5.715|000000015B93|57
31.9733333333|4|32.887|1.299|000000015B95|57
34.502189781|3|39.829|56.751|000000015B9A|57
32.2866141732|9|39.312|67.740|00000001A8A4|57
28.8710526316|3|29.739|1.508|00000001BE4A|57
37.4823529412|3|42.022|41.209|00000001D58F|57
19.6789237668|6|34.825|122.488|00000001D597|57
50.1168539326|3|42.520|115.414|00000001D59C|57
34.7373134328|3|38.114|22.808|00000001D5A3|57
44.3272727273|4|37.801|64.726|00000001ED90|57
36.6107142857|7|38.849|116.144|00000001FABE|57
32.7|2|33.995|1.678|00000001FAC6|57
13.1783783784|2|13.178|0.000|000000029FAC|57
21.4442307692|6|17.401|14.386|00000002A5A0|57
16.4121673004|3|14.906|4.537|00000002B965|57
