46.9515789474|3|38.563|140.723|000000012308|57
24.793220339|2|24.793|0.000|000000012313|57
38.3214953271|2|38.321|0.000|000000012316|57
35.9704918033|3|35.380|0.697|000000012317|57
41.0130841121|2|41.013|0.000|000000012318|57
45.7125|3|37.284|142.089|00000001231D|57
15.7290322581|2|15.729|0.000|000000012328|57
21.5117647059|2|21.512|0.000|00000001232D|57
12.4592178771|3|18.923|83.563|000000012331|57
41.0130841121|2|41.013|0.000|000000012332|57
29.1648648649|2|29.165|0.000|000000012336|57
38.4947368421|5|34.525|19.187|0000000140AF|57
10.3744680851|5|26.599|189.228|000000015C9F|57
41.0130841121|5|31.772|117.170|00000001C03B|57
22.6416243655|4|21.455|40.601|00000001C03F|57
39.1821428571|6|30.844|85.228|00000001D77F|57
50.4413793103|10|34.763|151.929|00000001D78C|57
41.5038461538|2|41.504|0.000|00000001D7A8|57
38.1230769231|7|34.889|15.882|00000001EEB1|57
44.4989690722|5|37.587|60.915|00000001EEBF|57
13.2981818182|2|13.298|0.000|0000000234CF|57
17.6951612903|4|16.519|1.404|000000029A47|57
16.3137546468|2|16.314|0.000|000000029A48|57
18.5949152542|3|17.026|4.924|000000029A4C|57
14.2573170732|2|14.257|0.000|000000029A53|57
17.9852459016|2|17.985|0.000|000000029A54|57
21.3029126214|4|17.545|14.126|00000002A607|57
16.8241935484|3|16.996|0.059|00000002B55F|57
16.1059701493|5|15.697|0.185|00000002C2DD|57
