20.7|3|21.014|0.197|0000000125D9|57
21.1393364929|2|21.139|0.000|0000000125E1|57
23.5935483871|2|23.594|0.000|0000000125E2|57
18.3615062762|3|24.287|70.227|00000001261D|57
13.3563517915|2|13.356|0.000|000000012623|57
20.5065420561|3|23.459|17.428|000000012634|57
22.276142132|3|27.358|51.660|000000012639|57
22.0811881188|2|22.081|0.000|00000001263A|57
20.1302752294|2|20.130|0.000|00000001263D|57
22.0811881188|3|22.266|0.068|000000012643|57
20.1700934579|5|24.134|36.716|000000012647|57
18.5949152542|2|18.595|0.000|000000012649|57
17.9056768559|5|25.551|71.296|000000012652|57
13.2356083086|4|19.503|54.125|000000012655|57
24.525|2|24.525|0.000|000000012656|57
13.0607142857|4|18.060|39.711|00000001265D|57
23.23125|4|23.014|0.054|00000001266E|57
24.2413043478|2|24.241|0.000|000000012672|57
21.2|2|21.200|0.000|000000012674|57
21.3166666667|2|21.317|0.000|000000012678|57
23.8524064171|2|23.852|0.000|00000001267C|57
19.3321585903|3|20.451|2.503|00000001267E|57
22.6416243655|3|23.889|3.110|00000001267F|57
17.913253012|2|17.913|0.000|000000012680|57
21.1588235294|2|21.159|0.000|000000012685|57
23.85|1|23.850|0.000|000000012695|57
14.5311258278|2|14.531|0.000|000000012699|57
20.3603773585|2|20.360|0.000|00000001269D|57
19.6789237668|2|19.679|0.000|0000000126A4|57
25.2206896552|2|25.221|0.000|0000000126AA|57
19.0149779736|4|19.019|0.469|0000000143BC|57
18.4386554622|7|31.330|137.361|0000000143E6|57
10.6514563107|3|11.923|3.235|0000000143EB|57
24.1120879121|7|26.456|94.852|0000000143F8|57
21.73125|3|21.812|0.013|000000014406|57
22.0522613065|3|21.498|0.614|000000014422|57
21.547826087|4|22.586|16.193|000000014449|57
19.3321585903|4|20.964|45.496|000000015E32|57
24.622459893|4|23.803|17.360|000000015E56|57
20.7|5|20.001|8.263|0000000184E3|57
26.2778443114|3|24.513|6.228|000000019815|57
16.8137931034|5|25.627|59.502|00000001984E|57
20.7|3|19.525|2.759|00000001ACAA|57
21.3683168317|4|22.859|6.004|00000001ACAE|57
22.5989528796|2|22.599|0.000|00000001ACDE|57
16.0460966543|2|16.046|0.000|00000001ACF4|57
15.3063829787|3|23.152|123.096|00000001AD0D|57
19.7675675676|2|19.768|0.000|00000001AD2A|57
22.1910447761|10|22.289|31.972|00000001C200|57
20.814213198|6|26.922|54.494|00000001C27F|57
24.793220339|4|23.001|5.514|00000001C28F|57
19.9125|2|18.974|0.881|00000001C2A8|57
21.6904522613|6|20.976|17.960|00000001C2AB|57
21.5117647059|3|21.471|0.003|00000001C2C1|57
21.3029126214|3|20.072|3.028|00000001C2C4|57
19.5910714286|3|19.654|0.008|00000001C2C8|57
22.276142132|5|26.219|78.473|00000001C2DA|57
22.9595744681|4|23.073|8.206|00000001C2F4|57
23.4673796791|5|20.678|6.936|00000001D9C8|57
18.6051724138|5|22.003|19.055|00000001D9D9|57
26.2778443114|7|22.207|16.897|00000001DA01|57
19.5910714286|8|23.928|30.909|00000001DA06|57
19.4432432432|5|25.895|44.671|00000001DA30|57
25.2|5|25.420|43.057|00000001DA3F|57
24.793220339|5|23.050|4.613|00000001DA41|57
19.8912442396|4|21.493|3.891|00000001DA53|57
22.85625|4|25.505|32.811|00000001DA6B|57
10.0882758621|2|10.088|0.000|000000023580|57
21.2630541872|3|20.427|1.399|000000029AC9|57
17.1421875|3|15.028|8.939|000000029AF0|57
12.5476744186|2|12.548|0.000|000000029AF2|57
10.4214953271|3|10.371|0.005|000000029AFA|57
11.2235294118|2|11.224|0.000|000000029B00|57
11.8909090909|2|11.891|0.000|000000029B04|57
19.417699115|2|19.418|0.000|000000029B05|57
11.5554404145|2|11.555|0.000|000000029B06|57
12.9540166205|2|12.954|0.000|000000029B09|57
15.1714285714|2|15.171|0.000|000000029B0C|57
11.0679900744|3|11.420|0.248|00000002B5C1|57
14.8256756757|3|13.774|2.210|00000002B5D4|57
13.8790996785|2|13.879|0.000|00000002BA3A|57
17.7705179283|3|16.259|4.572|00000002BA42|57
17.6901639344|3|16.905|1.232|00000002BA4F|57
