41.4|4|40.614|1.141|0000000121B6|57
46.685106383|2|46.685|0.000|0000000121B7|57
40.3401869159|2|40.340|0.000|0000000121BB|57
12.0230136986|2|12.023|0.000|0000000121C3|57
37.8310344828|3|39.113|3.287|0000000121C4|57
44.3272727273|3|39.655|43.665|0000000121C9|57
51.2689655172|3|48.416|16.283|0000000121CE|57
45.9191489362|2|45.919|0.000|0000000121D3|57
45.8470588235|2|45.847|0.000|0000000121D5|57
32.7492537313|2|32.749|0.000|0000000121D8|57
31.0532374101|5|31.065|125.949|0000000121DA|57
48.4826086957|2|48.483|0.000|0000000121DB|57
43.6|5|37.217|181.743|0000000121DD|57
40.9058823529|3|32.644|136.531|000000013F34|57
29.3447368421|3|28.336|2.035|000000013F60|57
16.1557894737|5|25.085|143.390|00000001A9AD|57
47.2363636364|7|40.800|79.215|00000001D69C|57
36.2551181102|5|39.209|21.674|00000001D69F|57
16.6227272727|3|14.523|8.817|000000029A02|57
