000000005A02,29.7509433962,1477910145
000000005A03,27.856768559,1477910191
00000001346A,15.8686567164,1477910614
000000003BB1,27.6155844156,1477910809
000000003BB0,29.397235023,1477910792
000000003BB3,44.923943662,1477910776
000000005A05,40.6318471338,1477910142
000000003BB8,35.4461538462,1477910842
000000007B2E,30.0905660377,1477910865
000000003B7D,26.6912133891,1477910387
000000003B7C,38.4585365854,1477910349
000000003B9A,36.2454545455,1477910614
000000029801,18.9857142857,1477910272
000000003B76,27.2615384615,1477910347
000000003B70,35.0505494505,1477910247
000000005A91,43.3959183673,1477910890
00000002B3DA,15.3818181818,1477910546
000000003B69,38.1988023952,1477910184
00000000E0C2,20.8847682119,1477910380
000000003B65,22.3224913495,1477910152
000000003B64,27.4965517241,1477910123
000000011916,37.088372093,1477910657
000000003B66,29.1826086957,1477910110
00000002718A,12.058979206,1477910213
000000003BBE,47.6059701493,1477910908
00000001E703,32.3817258883,1477910422
000000028C49,13.4481876333,1477910302
000000003B9D,38.1988023952,1477910633
00000001E68F,26.4393442623,1477910693
00000001190C,23.8921348315,1477910798
000000003B94,37.5069767442,1477910554
000000003B99,33.7759162304,1477910615
00000002A3FB,13.4866807611,1477910662
000000027185,12.2947368421,1477910203
00000001544A,28.8,1477910841
00000001185B,33.6,1477910114
000000005A65,33.3989528796,1477910690
000000003B86,32.5113402062,1477910454
000000003B80,29.8093457944,1477910684
000000003B89,37.088372093,1477910504
00000001543E,14.3675675676,1477910741
000000026BB3,18.2785100287,1477910399
000000027197,16.8316622691,1477910319
00000002717C,13.2226415094,1477910100
000000005A75,38.1988023952,1477910831
000000027DF0,18.7534883721,1477910500
000000003BA4,18.9857142857,1477910780
000000005A7A,31.6944723618,1477910798
000000003BA2,30.8669856459,1477910704
000000026BBC,22.1690721649,1477910816
00000001542A,33.225,1477910673
000000009A1C,40.6318471338,1477910371
000000003AFC,34.6695652174,1477910275
000000009A63,36.6620689655,1477910561
000000005A46,29.8093457944,1477910544
000000003B8F,28.865158371,1477910560
000000003B7A,40.6536585366,1477910328
0000000135B5,38.1988023952,1477910830
00000002B7ED,17.7719008264,1477910257
0000000059FF,38.1727810651,1477910165
000000005883,44.4169014085,1477910255
000000011892,33.6,1477910419
000000026BAC,13.6101265823,1477910216
000000005A55,31.2705882353,1477910652
00000001A392,20.6446601942,1477910726
000000007B1B,36.6697674419,1477910912
000000005A5B,24.8217898833,1477910678
000000005A33,15.5590243902,1477910502
0000000271A1,18.4369942197,1477910728
000000003B58,25.3984251969,1477910273
000000017D08,35.0505494505,1477910280
00000001CF31,42.2490566038,1477910536
0000000059F3,41.8909090909,1477910122
000000007AC3,25.1149606299,1477910271
00000000DF9D,30.8173913043,1477910101
