0000000032AD,45.3551020408,1477873460
0000000032AF,17.4295081967,1477873591
000000003296,40.5735849057,1477873220
000000004764,15.6093023256,1477873563
0000000108FE,31.9366336634,1477873291
000000029AE6,14.2075723831,1477873739
00000001D978,33.3989528796,1477873220
00000000329E,45.4309859155,1477873331
0000000068FB,34.6549450549,1477873462
000000026DFD,16.6857142857,1477873382
00000000329C,45.4309859155,1477873306
00000000476C,36.0406779661,1477873756
00000000690B,12.4310204082,1477873636
0000000032A1,16.3569230769,1477873497
0000000032A2,35.0505494505,1477873394
000000010953,27.1407407407,1477873766
0000000032CC,33.3989528796,1477873694
0000000269F0,15.6737100737,1477873800
0000000032CF,18.9293768546,1477873821
0000000046D3,37.088372093,1477873882
00000001F04E,32.056281407,1477873896
000000004784,34.6695652174,1477873618
000000008986,27.856768559,1477873621
00000000473E,33.225,1477873378
00000000695B,39.6679245283,1477874001
000000027AC9,13.6017057569,1477873523
00000001C272,25.4151394422,1477873246
0000000269E6,10.8185248714,1477873494
0000000269E5,11.6584103512,1477873459
0000000269E8,19.7498452012,1477873384
0000000269E9,13.2074534161,1477873632
0000000107D6,41.4947368421,1477873484
0000000125E5,28.8,1477873321
000000004739,18.7073313783,1477873327
00000000ECAF,26.2488188976,1477873618
00000000ECAD,25.2590163934,1477873893
00000000329B,30.3230769231,1477873325
00000001F048,39.3777777778,1477873459
0000000032C8,39.9233532934,1477873638
0000000108EF,33.7523809524,1477873237
0000000032C5,26.28,1477873668
0000000032EB,39.8222222222,1477874008
00000000ECC3,16.6125,1477873897
0000000068DE,28.2265486726,1477873511
0000000032DD,24.8217898833,1477873920
0000000032B1,34.6695652174,1477873509
0000000032CA,49.662992126,1477873639
0000000032BA,34.1333333333,1477873590
00000000EC8A,29.1287671233,1477873342
000000019879,28.7351351351,1477873434
00000001DA24,38.1988023952,1477873992
0000000032E1,30.8173913043,1477873909
0000000032E2,43.8631578947,1477873886
0000000032E8,41.0904458599,1477873984
000000006873,34.6695652174,1477873674
0000000047BA,30.8173913043,1477873945
000000004747,26.6126582278,1477873330
00000000477E,32.5113402062,1477873611
0000000032D7,38.1988023952,1477873813
0000000032D8,48.6656934307,1477873799
0000000032DA,37.075862069,1477873825
000000018536,44.923943662,1477873535
00000001264E,27.2615384615,1477873652
0000000143E4,31.4490566038,1477873347
000000012636,26.2551724138,1477873478
0000000143E6,47.6059701493,1477873395
0000000047B4,47.7818181818,1477873860
0000000047B8,33.9319148936,1477873973
