0000000035AC,32.7472081218,1477884195
0000000035AF,28.4193832599,1477884237
0000000035AE,47.6059701493,1477884183
000000004D61,34.6549450549,1477883849
000000003592,25.1149606299,1477883830
000000003591,32.85,1477883789
000000003590,44.923943662,1477883738
000000003594,26.4571428571,1477883860
00000002AEB4,11.2227758007,1477883760
000000004DC5,24.1617977528,1477884212
000000008F0B,31.9366336634,1477883803
000000027584,15.2248210024,1477883963
0000000035B9,28.7320754717,1477884410
0000000035B7,29.1444976077,1477884364
000000012BEA,41.4367346939,1477884047
000000026A79,16.2556701031,1477883748
000000010E4D,15.8365795724,1477883727
00000001C732,46.0379562044,1477884434
000000026A7A,14.9106382979,1477883987
000000004D73,32.5113402062,1477884143
00000000F1C9,39.8222222222,1477883806
000000026A7E,18.4686980609,1477884148
00000000A743,36.0406779661,1477884217
0000000035A4,38.1988023952,1477884043
000000004DD8,41.0904458599,1477884381
00000001DECB,41.4233766234,1477883791
000000008F29,41.9684210526,1477884089
0000000035BA,35.0608695652,1477884395
000000004DB2,33.728342246,1477883973
000000006F27,49.4511627907,1477884158
000000004DCE,23.4468401487,1477884361
000000004DCF,44.8653061224,1477884363
0000000035A1,39.3777777778,1477883948
000000027576,16.6125,1477884314
00000000359A,35.4461538462,1477883921
000000010E90,29.8093457944,1477884339
00000000359D,34.1333333333,1477883938
