000000003862,45.3755395683,1477901095
000000003867,41.9684210526,1477901143
000000003829,33.7523809524,1477900990
000000003864,27.4965517241,1477901175
00000000384A,42.4421052632,1477900809
000000003869,28.8,1477901216
00000000384E,33.728342246,1477900849
00000000544C,56.9571428571,1477900855
000000014F0D,38.1727810651,1477901339
000000026B0F,22.15,1477901135
00000000756E,31.5801980198,1477901541
000000026B07,13.1389002037,1477900831
000000005418,34.1497206704,1477900818
00000000386B,29.4575342466,1477901228
000000007571,32.3817258883,1477901492
000000027D19,10.1579617834,1477901098
0000000113DE,33.6,1477901144
00000000387B,44.923943662,1477901557
000000003857,19.9020895522,1477901074
000000003852,29.1287671233,1477900945
000000003853,28.6062780269,1477900944
00000001B540,37.088372093,1477901533
000000003870,28.8,1477901329
000000003871,21.2363636364,1477901426
000000003873,47.0890510949,1477901406
0000000296F5,18.1173913043,1477900806
000000013120,32.2086956522,1477900985
00000000951B,30.5224880383,1477901405
00000000545E,15.2150943396,1477901304
000000005423,33.2536082474,1477900942
00000000547D,37.7676646707,1477901506
000000007540,21.2363636364,1477901209
00000000546A,28.1022026432,1477901289
0000000113B9,34.113368984,1477900859
00000000A941,49.4511627907,1477901200
000000003850,37.7467455621,1477900849
00000000386D,30.8669856459,1477901279
00000000544F,23.6425531915,1477900944
