000000012276,35.0505494505,1477866432
00000001D727,35.0505494505,1477866440
000000006491,31.5801980198,1477866306
000000006490,44.4613138686,1477866277
0000000042E0,19.5082568807,1477866473
0000000042BF,27.5504132231,1477866128
0000000042E2,40.6318471338,1477866476
000000003044,34.113368984,1477866231
0000000042E7,23.0296028881,1477866547
0000000042E6,23.2817518248,1477866513
000000003048,34.6549450549,1477866304
000000010524,28.4108108108,1477866389
0000000042DF,18.2237288136,1477866526
000000010536,20.4779220779,1477866422
0000000042DB,43.3959183673,1477866389
0000000042CD,14.3679287305,1477866386
0000000042C7,15.829280397,1477866287
000000003047,23.8921348315,1477866335
0000000064B8,36.6620689655,1477866374
00000000303F,48.8930232558,1477866097
000000026D07,16.0079404467,1477866257
000000003055,39.450887574,1477866664
00000001AA39,30.6692307692,1477866792
000000003042,34.6695652174,1477866195
000000008522,35.6379888268,1477866130
0000000042CF,33.3989528796,1477866536
000000003052,25.8267206478,1477866631
000000003050,36.6620689655,1477866509
000000026967,13.3565217391,1477866271
00000001054A,28.4785714286,1477866455
000000003059,32.5469387755,1477866749
00000000304A,31.725,1477866361
00000000304E,44.8653061224,1477866426
00000002695C,16.6558746736,1477866072
00000000854B,38.9333333333,1477866003
00000000304F,29.065437788,1477866508
000000003043,19.3309090909,1477866299
000000010551,39.3365853659,1477866381
0000000064A5,12.8509960159,1477866304
00000000A392,25.9084337349,1477866695
00000000649A,35.6338983051,1477866436
00000001AA2D,30.4301886792,1477866666
000000003053,39.8222222222,1477866626
