00000000965C,14.8754716981,1477904498
00000000561D,33.1701492537,1477905014
000000005626,43.3959183673,1477905067
000000013294,22.461971831,1477905140
00000001A096,39.3365853659,1477904587
000000026B36,12.013559322,1477904721
0000000055C0,33.225,1477904578
000000026B35,12.4540540541,1477904677
000000026B34,12.2784530387,1477904612
0000000055D6,32.85,1477904687
0000000055D7,28.865158371,1477904738
000000005612,18.9167701863,1477905063
0000000038FA,28.4108108108,1477904892
000000005616,39.3777777778,1477905045
000000005614,29.065437788,1477905013
000000003965,29.7509433962,1477905193
0000000055E9,33.4681318681,1477904728
0000000055E6,47.0890510949,1477904751
000000005600,43.6931506849,1477904849
0000000055B1,37.7467455621,1477904439
00000000391F,38.8975609756,1477904536
00000000391C,24.3521235521,1477904546
00000000A9ED,33.225,1477904915
0000000296EA,17.868907563,1477904688
00000000560D,29.1826086957,1477905027
0000000270D3,19.3896656535,1477905017
0000000055EB,28.8,1477904793
000000003928,26.3603305785,1477904602
000000003921,14.2392857143,1477904684
0000000055C7,50.2299212598,1477904601
00000000768B,46.5635036496,1477905074
0000000055C5,16.2734693878,1477904714
00000000393E,42.4421052632,1477904759
00000000393F,38.8975609756,1477904791
000000003935,30.4301886792,1477904679
000000003932,50.7968503937,1477904613
0000000076E2,35.2357541899,1477905121
000000011560,22.6212765957,1477904929
0000000055CC,32.85,1477904698
00000000392C,34.6549450549,1477904591
00000000392D,32.7472081218,1477904604
00000000392E,32.056281407,1477904614
000000003946,31.9366336634,1477904862
00000000395B,40.1732484076,1477905058
000000026B37,13.6815618221,1477904753
00000000395F,27.6155844156,1477905115
00000000395D,31.5801980198,1477905091
000000003951,33.3714285714,1477904944
000000003950,36.2454545455,1477904918
000000003955,23.9819548872,1477905008
000000026B3D,18.9857142857,1477905053
000000003959,39.3365853659,1477905044
0000000055F1,33.6,1477904798
00000000F854,27.5692307692,1477904836
000000027707,14.7325635104,1477904645
00000000394A,35.0505494505,1477904885
00000000394D,39.8222222222,1477904886
00000001B621,29.7290322581,1477904925
