000000003750,38.1727810651,1477895083
000000003752,37.2469273743,1477895137
000000003756,38.9333333333,1477895261
0000000111C4,25.3301204819,1477895143
000000005213,34.113368984,1477895304
000000005210,37.7467455621,1477895264
00000000F51A,36.2454545455,1477894979
000000003747,32.7472081218,1477894927
0000000111A5,26.9164556962,1477894543
0000000051EF,27.2202531646,1477894929
000000016228,29.4728971963,1477894566
0000000051F5,20.9541528239,1477895000
00000000374D,32.8824742268,1477895039
000000027011,13.4866807611,1477895123
0000000051DF,34.8952380952,1477895013
000000003744,34.6549450549,1477894833
000000017933,39.3777777778,1477894985
00000001B375,34.113368984,1477894616
0000000051E0,42.4421052632,1477894732
0000000051E3,15.6184615385,1477894901
00000001F3DE,31.5801980198,1477895028
000000011193,27.8068965517,1477894581
00000001C9F8,42.0076433121,1477895175
0000000092B7,34.413559322,1477894510
00000000373F,16.6558746736,1477894816
000000017905,41.4947368421,1477894720
00000000373B,26.4393442623,1477894636
0000000051FF,34.113368984,1477895081
000000027004,10.1914691943,1477894762
000000005209,24.6229007634,1477895174
000000014D0B,26.3482758621,1477894991
0000000205E0,11.8133333333,1477894543
