000000003F46,22.852173913,1477921953
000000003F45,30.8173913043,1477921863
00000000605C,17.0926829268,1477922252
000000003F49,40.8805369128,1477921928
000000006086,37.1414634146,1477922542
000000003F55,33.2536082474,1477922157
0000000168B5,39.3365853659,1477922234
000000006088,37.7467455621,1477922558
00000000A0F3,44.3,1477922365
000000008151,34.113368984,1477922399
00000002793E,12.323844732,1477922229
00000002A54E,10.9420240137,1477921990
00000001BD2C,40.6318471338,1477922071
000000006061,36.2482758621,1477922188
000000011EDE,49.9636363636,1477922253
00000001D419,38.8626506024,1477921979
000000003F58,36.6620689655,1477922191
000000011ED0,32.2086956522,1477922153
00000000604F,43.8857142857,1477921972
000000026C63,20.7116883117,1477922366
000000026C62,18.8838323353,1477922188
0000000180D2,19.2725075529,1477922335
000000006058,46.5635036496,1477922086
000000003F4F,48.1401459854,1477922062
000000003F4E,42.3302013423,1477922048
000000003F68,38.8975609756,1477922585
000000003F4A,35.6379888268,1477921946
000000003F64,38.6299401198,1477922512
000000006038,29.0594594595,1477921834
000000006059,41.9684210526,1477922121
000000006072,42.906122449,1477922368
