31.2237623762|2|31.224|0.000|000000003679|23
32.3817258883|6|38.212|82.300|000000003685|23
41.4947368421|2|41.495|0.000|000000003686|23
28.1711790393|3|33.583|58.586|00000000368B|23
34.6695652174|3|32.963|5.824|00000000368E|23
30.1457943925|2|30.146|0.000|00000000368F|23
27.8377880184|3|29.486|5.432|000000003692|23
32.8824742268|3|33.034|0.046|000000003699|23
30.1544554455|2|30.154|0.000|00000000369F|23
43.8|2|42.442|1.843|000000004FF6|23
31.2705882353|5|28.854|5.183|000000004FF8|23
29.1287671233|3|32.678|25.194|000000005002|23
39.8222222222|3|38.409|3.995|000000005018|23
33.1912087912|3|34.670|4.372|00000000501B|23
47.0890510949|4|39.231|98.401|000000007187|23
33.8436548223|4|34.642|1.254|000000007188|23
29.397235023|5|29.681|8.887|000000012DDD|23
33.225|3|34.673|2.178|000000012DE7|23
32.8824742268|6|34.450|39.107|000000014B82|23
37.088372093|6|35.325|19.183|00000001C8C7|23
13.5439490446|2|13.544|0.000|000000026AA9|23
13.6307692308|3|14.788|2.681|000000026FC5|23
12.724260355|3|14.109|3.837|0000000275D9|23
10.1115987461|8|15.157|11.431|00000002AEFC|23
