24.3480916031|3|32.941|147.681|0000000037AA|23
34.6549450549|5|30.621|95.372|0000000037AB|23
31.3791044776|2|31.379|0.000|0000000037AE|23
43.8|2|34.060|94.859|0000000037B5|23
22.864516129|3|27.699|46.742|0000000037B7|23
34.1333333333|2|34.133|0.000|0000000037B8|23
29.065437788|2|29.065|0.000|0000000037B9|23
35.6338983051|6|33.698|145.873|0000000037BA|23
32.056281407|3|37.072|50.320|0000000037C2|23
23.7176470588|2|23.718|0.000|0000000037C3|23
41.9684210526|3|39.175|15.608|0000000037C4|23
28.865158371|2|28.865|0.000|0000000037C5|23
40.5735849057|2|40.574|0.000|0000000037C8|23
44.923943662|2|44.924|0.000|0000000037C9|23
56.0268907563|2|56.027|0.000|0000000037CD|23
32.7472081218|3|31.599|2.636|0000000052EF|23
35.4461538462|3|38.070|13.768|0000000052F1|23
26.2551724138|3|25.412|1.421|000000005308|23
41.9684210526|3|35.790|76.353|00000000530D|23
35.4461538462|3|35.821|0.282|000000005330|23
42.906122449|3|39.493|23.304|00000000533A|23
22.0733564014|9|30.112|95.456|0000000073FB|23
38.3094339623|4|36.642|3.823|000000007403|23
40.6318471338|2|40.632|0.000|000000007410|23
33.225|4|32.205|21.357|000000009395|23
28.4785714286|6|31.865|43.808|0000000093BA|23
20.7791530945|3|21.949|2.737|0000000093BB|23
44.923943662|7|31.797|139.642|0000000093C2|23
35.0505494505|7|35.723|30.322|00000000F5D8|23
29.7509433962|3|29.747|0.000|00000000F5FF|23
25.8267206478|3|30.241|38.978|00000000F61B|23
27.856768559|5|36.588|85.638|0000000112AF|23
42.4421052632|7|36.826|23.728|00000001303B|23
39.3365853659|5|35.541|32.728|000000013045|23
37.088372093|5|32.136|21.724|00000001304A|23
37.7676646707|10|39.971|68.934|000000016CC7|23
29.4728971963|8|32.757|24.235|00000001B448|23
28.7351351351|5|34.806|31.800|00000001B45A|23
26.1442622951|8|35.477|67.680|00000001E228|23
16.6268041237|5|18.227|20.027|000000026AAD|23
11.3502762431|5|15.042|25.143|000000027006|23
14.0511013216|5|12.721|1.870|000000027669|23
13.8077922078|5|14.841|1.736|0000000296BA|23
24.7255813953|3|20.680|32.736|0000000296BF|23
13.2074534161|5|15.114|25.638|00000002BBC1|23
