33.728342246|6|29.158|119.902|000000003DCB|23
41.9684210526|6|34.790|160.367|000000003DEA|23
30.8173913043|3|35.168|37.849|000000003E04|23
35.2357541899|3|32.246|17.877|000000003E05|23
35.0505494505|4|35.367|2.643|000000003E0A|23
30.4695652174|2|30.470|0.000|000000003E11|23
19.997492163|4|20.235|7.840|000000003E13|23
43.3959183673|2|43.396|0.000|000000003E16|23
36.6620689655|2|36.662|0.000|000000003E18|23
14.6986175115|7|28.562|112.944|000000003E19|23
31.5801980198|3|33.503|7.398|000000003E1A|23
46.4115107914|2|46.412|0.000|000000003E1B|23
42.906122449|2|42.906|0.000|000000003E1C|23
31.6944723618|3|33.184|4.437|000000003E1D|23
32.056281407|3|29.915|9.166|000000003E1E|23
15.3430730479|2|15.343|0.000|000000003E24|23
15.1165876777|5|28.227|163.787|000000003E28|23
32.3817258883|2|32.382|0.000|000000003E2A|23
36.474251497|2|36.474|0.000|000000003E2B|23
45.8935251799|3|42.034|29.786|000000003E2D|23
32.3817258883|2|32.382|0.000|000000003E33|23
34.6695652174|2|34.670|0.000|000000003E35|23
36.0406779661|2|36.041|0.000|000000003E3B|23
44.8|1|44.800|0.000|000000003E3D|23
44.4169014085|7|33.745|165.170|000000005E2D|23
43.3959183673|3|42.378|2.072|000000005E3F|23
34.6695652174|3|33.465|2.900|000000005E43|23
33.728342246|3|33.392|0.226|000000005E47|23
26.6578512397|3|27.023|0.267|000000005E48|23
33.225|6|35.651|25.223|000000007DEC|23
24.4413793103|6|29.313|68.814|000000009DE5|23
29.0594594595|7|28.512|13.464|000000009ED1|23
40.6916129032|11|34.962|40.944|00000000B37A|23
34.4983957219|8|35.116|42.662|00000000E379|23
35.6534759358|3|29.621|72.782|000000010036|23
37.6677966102|8|33.450|27.801|000000011CA8|23
33.728342246|4|27.739|39.974|000000011CF7|23
14.1473684211|7|25.260|108.784|0000000139C2|23
20.5452229299|6|29.475|51.265|0000000139E2|23
40.120754717|5|32.285|86.579|0000000157FF|23
50.7968503937|9|31.340|199.484|00000001D2A3|23
40.6318471338|7|36.349|30.474|00000001D2B1|23
28.1022026432|6|31.453|10.889|00000001D2BE|23
22.0733564014|4|18.234|15.838|000000027265|23
15.0808510638|2|15.081|0.000|000000027268|23
17.5304347826|3|15.388|9.181|000000027269|23
16.0919060052|4|16.465|1.058|0000000278D0|23
15.0889952153|2|15.089|0.000|0000000292BC|23
12.2947368421|6|13.975|3.339|00000002B457|23
