15.9455497382|3|23.159|104.062|00000000342F|23
17.5782016349|8|31.087|100.477|000000003430|23
30.8173913043|3|30.958|0.039|000000003433|23
38.8975609756|2|38.898|0.000|000000003435|23
23.0296028881|2|23.030|0.000|000000003437|23
28.5451327434|3|32.094|25.183|000000003439|23
40.120754717|2|40.121|0.000|00000000343B|23
35.0608695652|2|35.061|0.000|000000003443|23
35.0505494505|2|35.051|0.000|000000003445|23
38.8975609756|6|35.308|121.169|000000003449|23
37.3207100592|4|35.049|8.783|00000000344B|23
38.1988023952|3|39.136|1.758|000000003450|23
15.807518797|5|28.686|120.132|000000003455|23
26.9164556962|2|26.916|0.000|000000003458|23
30.9669902913|2|30.967|0.000|00000000345F|23
45.4309859155|2|45.431|0.000|000000003468|23
38.1988023952|2|38.199|0.000|00000000346A|23
39.3777777778|2|39.378|0.000|00000000346C|23
23.0296028881|4|29.483|110.153|000000004A75|23
10.3384615385|7|29.374|193.304|000000004A7A|23
16.2498740554|4|25.757|97.939|000000004A87|23
33.7759162304|3|33.230|0.596|000000004A8F|23
27.856768559|3|27.153|0.991|000000004A94|23
40.5735849057|4|42.577|28.189|000000004A99|23
26.7254237288|3|30.840|33.867|000000004A9F|23
37.2469273743|3|36.681|0.640|000000004AA5|23
42.906122449|3|38.476|39.259|000000004AA7|23
38.8975609756|4|40.822|44.292|000000004AAC|23
27.8068965517|6|34.116|131.951|000000004AB5|23
34.8464088398|3|31.579|21.351|000000004AB8|23
32.85|2|33.456|0.367|000000004AB9|23
39.9233532934|3|39.982|0.007|000000004AC0|23
35.0608695652|7|31.998|41.446|000000004AD4|23
41.0904458599|3|33.959|101.724|000000004ADA|23
27.856768559|3|30.130|10.337|000000004AE8|23
26.1442622951|3|26.655|0.521|000000004AF3|23
37.088372093|3|34.996|8.752|000000004AFF|23
34.4983957219|3|33.518|1.921|000000004B0F|23
24.5416342412|3|27.010|12.185|000000004B1B|23
37.7676646707|3|38.873|2.445|000000004B1C|23
32.3817258883|3|31.501|1.550|000000004B21|23
41.9684210526|3|40.166|6.497|000000004B32|23
33.3714285714|6|29.032|60.689|000000006B86|23
37.088372093|7|28.562|73.462|000000008B63|23
45.4309859155|5|35.866|121.074|000000008BB8|23
26.9924686192|10|26.295|111.795|000000008C10|23
40.9558441558|4|29.830|152.989|00000000D4E2|23
33.728342246|4|30.788|12.817|00000000EF0B|23
16.1570291777|10|29.812|98.112|000000010B53|23
32.85|5|38.214|78.776|000000010BAE|23
39.3365853659|4|33.040|50.389|000000010C03|23
42.0076433121|4|38.715|31.349|000000010C1E|23
27.0305084746|5|30.965|47.422|00000001289E|23
41.9684210526|5|30.976|97.808|00000001293A|23
40.5735849057|5|33.721|43.269|0000000146A0|23
30.4695652174|6|25.321|98.151|0000000146CF|23
29.7509433962|8|31.989|56.682|00000001C4F6|23
32.3817258883|10|30.022|31.161|00000001DC43|23
35.6379888268|9|27.264|89.560|00000001DC65|23
43.8|7|38.888|132.850|00000001F194|23
11.8133333333|2|11.813|0.000|000000020544|23
11.2194782609|2|11.219|0.000|000000020546|23
12.3150579151|2|12.315|0.000|000000026A2A|23
15.829280397|2|15.829|0.000|000000026A33|23
11.2980735552|2|11.298|0.000|000000026A35|23
17.1946091644|3|16.143|2.213|000000026EAA|23
18.8338983051|3|17.516|3.476|000000027B28|23
13.7779697624|6|18.994|40.775|000000027B53|23
23.04|5|15.697|23.129|000000029B48|23
14.5643835616|7|14.634|2.819|00000002A128|23
23.7112781955|5|17.932|24.434|00000002A177|23
19.1547169811|5|15.399|9.897|00000002B238|23
