22.0531468531|6|28.222|132.006|00000000317B|23
26.9164556962|4|30.797|65.709|000000003188|23
25.5352226721|2|25.535|0.000|000000003192|23
30.2331753555|2|30.233|0.000|000000003194|23
34.113368984|3|37.384|21.392|00000000319C|23
15.4086956522|6|28.157|122.517|0000000031A1|23
45.4309859155|3|43.599|6.715|0000000031A2|23
31.2705882353|2|31.271|0.000|0000000031A4|23
34.113368984|3|34.111|0.000|0000000031A8|23
16.9659574468|6|30.254|133.617|0000000031AD|23
15.7900990099|7|31.463|196.059|0000000031AE|23
25.8267206478|2|25.827|0.000|0000000031AF|23
42.906122449|2|42.906|0.000|0000000031B1|23
25.3142857143|2|25.314|0.000|0000000031B4|23
33.9958762887|2|33.996|0.000|0000000031B6|23
16.1908629442|6|28.028|109.153|0000000031BA|23
29.7290322581|2|29.729|0.000|0000000031BC|23
30.1779904306|3|28.830|3.635|0000000031C0|23
47.0686567164|3|40.893|76.283|0000000031C2|23
39.8222222222|2|39.822|0.000|0000000031C4|23
33.225|2|34.031|0.650|0000000031C5|23
27.2615384615|3|35.730|143.439|0000000031C9|23
27.856768559|2|27.857|0.000|0000000031CC|23
38.8975609756|2|38.898|0.000|0000000031D0|23
38.4289156627|3|38.826|0.316|0000000031D4|23
24.2677290837|2|24.268|0.000|0000000031D5|23
33.225|1|33.225|0.000|0000000031D8|23
31.2237623762|2|31.224|0.000|0000000031D9|23
32.3817258883|2|32.382|0.000|0000000031DB|23
33.4781725888|2|33.478|0.000|0000000031DC|23
39.3365853659|2|39.337|0.000|0000000031E2|23
38.6299401198|2|38.630|0.000|0000000031E4|23
41.8909090909|2|41.891|0.000|0000000031E8|23
32.056281407|4|34.722|9.959|0000000044C1|23
35.6419889503|3|35.952|0.192|000000004519|23
32.8824742268|3|29.779|19.257|000000004539|23
18.9293768546|3|22.760|29.348|00000000453B|23
26.9538461538|3|26.648|0.187|00000000454A|23
37.7467455621|3|34.428|22.035|00000000454D|23
39.6223602484|3|36.286|22.257|000000004555|23
30.5224880383|3|31.497|1.900|000000004556|23
27.5504132231|3|27.282|0.144|000000004577|23
29.397235023|3|30.058|0.873|00000000457C|23
35.6379888268|4|33.870|5.914|000000004589|23
24.8217898833|3|29.966|52.927|000000004592|23
23.2057553957|3|25.741|12.859|0000000045A5|23
21.0136807818|3|23.600|13.381|0000000045A9|23
43.8857142857|3|40.736|19.844|0000000045B8|23
42.3302013423|3|37.445|47.728|0000000045C3|23
41.9684210526|3|43.886|7.356|0000000045D5|23
37.5069767442|6|33.141|62.028|000000006696|23
29.1287671233|5|27.057|5.044|0000000066A4|23
46.5635036496|7|31.348|133.737|0000000066AA|23
14.4|7|26.157|65.585|0000000066D2|23
15.04|8|30.012|107.129|00000000671E|23
31.1652173913|4|32.269|2.445|000000006780|23
35.6379888268|4|37.293|67.129|00000000874E|23
37.5069767442|5|38.020|24.723|00000000877E|23
32.7472081218|3|35.534|15.530|0000000087B0|23
26.3384615385|6|36.224|61.529|00000000D015|23
33.225|2|30.413|7.910|00000000EA22|23
26.1442622951|4|26.833|47.523|00000000EABD|23
32.85|4|33.085|22.300|00000000EB33|23
41.9684210526|2|41.968|0.000|00000000EB54|23
41.4233766234|5|32.450|71.383|000000010758|23
35.6379888268|6|29.246|106.586|00000001241D|23
36.0406779661|5|27.171|52.531|0000000124B3|23
40.9558441558|12|29.520|173.433|000000014166|23
28.6690909091|11|24.728|55.004|0000000196CF|23
31.7373134328|8|31.988|49.584|000000019735|23
33.4259067358|5|27.609|77.857|00000001ABB0|23
32.0162436548|5|30.909|72.535|00000001ABCD|23
31.2705882353|9|33.058|65.492|00000001C111|23
32.5469387755|8|24.725|60.064|00000001D850|23
36.9053892216|7|26.965|58.012|00000001D8A5|23
14.0674364896|2|14.067|0.000|0000000269AD|23
14.4|1|14.400|0.000|0000000269AE|23
13.0064516129|2|13.006|0.000|0000000269B2|23
18.4369942197|2|18.437|0.000|0000000269B5|23
14.3675675676|2|14.368|0.000|0000000269B6|23
14.9746478873|2|14.975|0.000|0000000269B7|23
24.91875|1|24.919|0.000|0000000269B8|23
16.3150895141|6|14.718|3.601|00000002A88B|23
