29.7509433962|5|33.456|21.376|000000003644|23
23.4529411765|2|23.453|0.000|00000000364F|23
53.6067226891|3|50.060|25.160|000000003652|23
44.3|2|40.825|12.076|000000003653|23
20.0866242038|6|36.104|186.626|000000003655|23
44.6189781022|4|36.497|92.886|000000003658|23
44.4169014085|4|40.499|25.843|000000003659|23
28.7320754717|3|27.541|2.837|00000000365B|23
41.1555555556|2|41.156|0.000|00000000365F|23
41.4233766234|3|41.496|0.011|000000003664|23
41.0904458599|2|41.090|0.000|000000003667|23
35.6379888268|2|35.638|0.000|000000003668|23
22.7957597173|2|22.796|0.000|000000004F18|23
30.1779904306|4|36.937|49.003|000000004F6D|23
14.7486682809|4|19.747|25.258|000000004F83|23
28.7351351351|3|28.030|0.994|000000004F8D|23
33.7523809524|7|31.872|106.208|0000000070C2|23
29.397235023|4|31.232|3.590|0000000070EE|23
25.9084337349|3|27.209|3.381|0000000090C7|23
35.6379888268|3|33.114|12.745|00000000BF01|23
27.0305084746|4|28.768|3.416|000000010FC8|23
31.2705882353|4|33.165|4.717|000000010FF8|23
27.0295081967|9|28.009|55.745|000000016163|23
36.6620689655|5|31.894|38.432|000000019D85|23
25.6|7|35.684|67.825|00000001B233|23
14.8009280742|8|15.785|13.813|00000002A24B|23
