27.2202531646|2|27.220|0.000|000000003D12|23
28.7351351351|2|28.735|0.000|000000003D33|23
11.0942608696|4|22.683|143.033|000000003D36|23
26.1442622951|2|26.144|0.000|000000003D43|23
23.9819548872|2|23.982|0.000|000000003D44|23
25.7225806452|2|25.723|0.000|000000003D47|23
25.6|3|28.254|14.085|000000003D4C|23
51.4451612903|2|51.445|0.000|000000003D50|23
36.6620689655|2|36.662|0.000|000000003D52|23
17.0112|5|32.448|102.833|000000003D58|23
32.3817258883|2|32.382|0.000|000000003D62|23
18.4369942197|4|31.896|215.390|000000003D64|23
41.9684210526|2|41.968|0.000|000000003D66|23
34.6838709677|3|37.028|10.994|000000003D6B|23
32.5113402062|3|33.043|0.566|000000003D6F|23
33.3714285714|2|33.371|0.000|000000003D71|23
41.4947368421|2|41.495|0.000|000000003D74|23
25.6|2|25.600|0.000|000000003D78|23
38.4585365854|2|38.459|0.000|000000003D79|23
32.8824742268|3|31.571|3.442|000000003D7E|23
27.856768559|3|36.127|136.796|000000003D80|23
30.5224880383|2|30.522|0.000|000000003D81|23
21.3351170569|2|21.335|0.000|000000003D82|23
24.6301158301|2|24.630|0.000|000000003D86|23
31.5801980198|2|31.580|0.000|000000003D8C|23
36.0406779661|2|36.041|0.000|000000003D93|23
43.3959183673|2|43.396|0.000|000000003D96|23
34.4983957219|3|28.270|77.577|000000005D13|23
30.6174757282|3|29.081|4.722|000000005D20|23
13.861978022|6|25.323|78.233|000000005D2D|23
18.4421052632|7|34.745|190.108|000000005D2E|23
54.5230769231|3|48.424|74.404|000000005D33|23
39.6679245283|3|42.645|17.729|000000005D39|23
32.2086956522|3|37.845|63.533|000000005D5D|23
40.120754717|3|36.444|27.044|000000005D78|23
51.6983606557|3|46.653|50.917|000000005D7F|23
39.6223602484|4|30.225|88.768|000000007D3A|23
40.6318471338|6|40.256|58.331|000000007D7E|23
30.8669856459|6|34.805|40.521|000000007DA9|23
28.7351351351|5|33.832|31.108|000000007DEC|23
14.5954751131|7|25.961|92.512|000000007E07|23
32.4180904523|4|24.549|62.056|000000007E13|23
15.8686567164|6|24.237|122.533|000000009D3A|23
16.4627027027|10|27.659|142.584|000000009D71|23
20.6769230769|11|30.790|209.601|00000000AC5C|23
33.7523809524|8|31.755|116.392|00000000AC8A|23
39.6223602484|7|28.574|127.208|00000000AC93|23
22.2271777003|4|24.375|19.940|00000000ACB1|23
18.0194594595|8|28.061|73.579|000000011B30|23
16.0897959184|5|23.853|94.044|000000011B91|23
31.5801980198|7|32.910|96.903|000000011B9B|23
32.5113402062|5|26.570|55.585|000000011BAE|23
35.0505494505|5|26.164|66.271|00000001388A|23
31.2237623762|6|25.182|29.246|00000001389F|23
36.0406779661|4|36.261|59.073|00000001571E|23
36.2454545455|12|31.860|126.596|000000016698|23
16.8879581152|7|24.920|102.699|0000000190E9|23
21.4787878788|7|23.078|29.821|00000001912D|23
37.5069767442|11|33.606|112.900|00000001A520|23
36.2454545455|6|28.688|64.113|00000001A568|23
24.6301158301|7|23.527|28.593|00000001BACA|23
18.6053097345|7|23.137|81.494|00000001BAEB|23
30.5224880383|5|26.363|27.340|00000001BB02|23
41.9684210526|3|36.306|64.116|00000001BB50|23
30.8173913043|6|29.307|56.100|00000001D19C|23
30.2331753555|10|32.952|107.623|00000001F83B|23
13.9283842795|3|17.539|26.071|000000026C06|23
15.433492823|2|15.433|0.000|000000026C07|23
13.6892703863|2|13.689|0.000|000000026C09|23
11.3438848921|2|11.344|0.000|000000026C0C|23
12.3428571429|2|12.343|0.000|000000026C0D|23
11.5612903226|2|11.561|0.000|000000026C0F|23
14.4|1|14.400|0.000|000000026C10|23
12.6071146245|3|12.696|0.016|000000027225|23
28.8623376623|4|23.358|33.053|000000027228|23
17.8674220963|3|16.445|4.044|00000002722A|23
21.4067114094|4|19.026|8.692|000000027886|23
14.5312072893|3|16.665|9.102|0000000298AE|23
19.5680981595|5|19.170|1.570|00000002C18E|23
16.5439205955|5|16.539|3.307|00000002C4C2|23
