25.1149606299|2|25.115|0.000|000000003E45|23
27.9272727273|3|32.993|51.332|000000003E46|23
34.8203389831|4|33.108|4.197|000000003E4B|23
37.7467455621|2|37.747|0.000|000000003E4C|23
44.923943662|4|39.826|26.346|000000003E4E|23
42.3302013423|2|42.330|0.000|000000003E4F|23
35.6379888268|3|35.990|0.248|000000003E53|23
25.2|1|25.200|0.000|000000003E54|23
33.3714285714|2|33.371|0.000|000000003E55|23
37.7676646707|2|37.768|0.000|000000003E56|23
39.450887574|3|42.828|22.808|000000003E58|23
27.0305084746|2|27.031|0.000|000000003E5A|23
47.6059701493|2|47.606|0.000|000000003E5E|23
24.6301158301|2|24.630|0.000|000000003E60|23
38.4585365854|3|43.046|42.088|000000003E62|23
46.5635036496|2|46.564|0.000|000000003E67|23
36.4474576271|2|36.447|0.000|000000003E6E|23
13.8077922078|4|25.597|140.614|000000005E74|23
26.4393442623|4|31.081|22.922|000000005E81|23
39.3777777778|3|33.621|66.273|000000005E84|23
15.3834146341|8|29.775|104.218|000000005E92|23
13.8077922078|7|26.074|88.553|000000005EA0|23
43.3894736842|3|42.869|0.543|000000005EA7|23
26.8334801762|5|31.161|18.897|000000005EA8|23
41.4947368421|3|36.537|49.166|000000005EC7|23
28.4193832599|4|31.497|54.691|000000007F4D|23
18.1763688761|4|29.175|140.654|000000007F61|23
45.8935251799|8|36.067|115.178|00000000AD77|23
39.3777777778|3|36.497|16.594|00000000C9F6|23
36.0406779661|5|32.820|121.947|00000000E48A|23
35.5428571429|5|34.581|40.986|000000015831|23
41.3637583893|7|38.424|22.716|000000015868|23
16.4571428571|4|15.733|7.205|000000026C21|23
11.4322580645|3|11.881|0.403|000000026C2F|23
18.5982507289|2|18.598|0.000|000000026C30|23
21.2910891089|2|21.291|0.000|000000026C38|23
19.0549848943|2|19.055|0.000|000000026C3B|23
10.1115987461|4|13.263|10.169|000000027277|23
11.3307282416|3|12.804|4.343|00000002727F|23
19.7766233766|4|16.997|8.430|0000000278B7|23
20.3808306709|7|19.054|27.628|000000028335|23
10.561589404|7|12.888|12.107|000000028D0A|23
18.2785100287|6|16.351|6.001|000000028D27|23
15.8472361809|5|13.455|4.275|0000000298EC|23
19.1567567568|6|16.284|5.951|00000002B8E9|23
