39.3365853659|2|39.337|0.000|00000000363A|23
29.065437788|2|29.065|0.000|00000000363C|23
25.5352226721|3|27.679|9.188|00000000363F|23
25.6192771084|3|33.179|114.292|000000003645|23
53.6067226891|2|53.607|0.000|000000003652|23
44.3|1|44.300|0.000|000000003653|23
35.6338983051|9|39.109|88.522|000000004EB3|23
44.8653061224|7|41.860|36.139|000000004EFB|23
22.7957597173|2|22.796|0.000|000000004F18|23
32.3817258883|3|31.501|1.550|000000004F55|23
36.6697674419|9|35.942|107.455|000000007073|23
26.6578512397|5|36.351|84.991|000000007087|23
37.088372093|5|39.903|82.079|00000000BE9A|23
22.6064516129|4|28.614|36.786|000000010FBC|23
27.0305084746|4|28.768|3.416|000000010FC8|23
32.3817258883|6|36.819|44.190|000000012D2C|23
27.0295081967|8|28.619|59.368|000000016163|23
25.6|5|32.758|64.876|00000001B233|23
38.4289156627|10|29.273|97.192|00000001DFCD|23
18.8733727811|2|18.873|0.000|000000026A9B|23
14.9746478873|3|16.191|2.957|000000026F8C|23
23.8051660517|3|21.019|15.526|000000026F8F|23
11.8153846154|3|14.101|10.450|000000026F94|23
