32.8824742268|2|32.882|0.000|00000000400B|23
39.3777777778|3|45.945|86.249|000000004012|23
46.5635036496|2|46.564|0.000|000000004014|23
19.9020895522|6|33.868|148.429|000000004019|23
33.3714285714|5|42.046|65.061|0000000061CA|23
41.9684210526|4|43.056|7.586|0000000061E2|23
48.3272727273|3|43.777|41.407|0000000061EC|23
30.0905660377|3|31.490|3.916|00000000A222|23
39.3777777778|5|39.600|12.065|00000000A228|23
46.5635036496|5|44.361|25.483|00000000A235|23
25.1019455253|4|25.115|58.121|000000011FE5|23
35.0608695652|6|36.074|16.702|000000013D6D|23
53.6067226891|4|47.344|62.713|000000018169|23
14.5643835616|2|14.564|0.000|000000026C87|23
17.9191011236|3|18.538|0.766|000000027302|23
