40.6318471338|5|34.917|23.787|0000000033D2|23
35.0505494505|2|35.051|0.000|000000003445|23
38.8975609756|7|37.306|127.804|000000003449|23
38.1988023952|3|39.136|1.758|000000003450|23
15.807518797|6|27.960|102.745|000000003455|23
26.9164556962|2|26.916|0.000|000000003458|23
30.9669902913|2|30.967|0.000|00000000345F|23
45.4309859155|2|45.431|0.000|000000003468|23
27.2615384615|2|27.262|0.000|000000003469|23
38.1988023952|3|41.493|21.709|00000000346A|23
39.3777777778|2|39.378|0.000|00000000346C|23
24.2526315789|2|24.253|0.000|00000000346D|23
42.4421052632|3|38.707|27.897|000000003473|23
46.5635036496|2|46.564|0.000|00000000347C|23
41.9684210526|2|41.968|0.000|000000003483|23
38.9333333333|3|36.668|10.259|000000004A6B|23
23.0296028881|4|29.483|110.153|000000004A75|23
33.7759162304|3|33.230|0.596|000000004A8F|23
27.8068965517|7|36.212|139.479|000000004AB5|23
35.0608695652|8|32.776|40.503|000000004AD4|23
41.0904458599|3|33.959|101.724|000000004ADA|23
27.856768559|3|30.130|10.337|000000004AE8|23
26.1442622951|3|26.655|0.521|000000004AF3|23
37.088372093|3|34.996|8.752|000000004AFF|23
34.4983957219|3|33.518|1.921|000000004B0F|23
24.3480916031|3|25.624|3.254|000000004B1A|23
24.5416342412|3|27.010|12.185|000000004B1B|23
32.3817258883|3|31.501|1.550|000000004B21|23
41.9684210526|4|43.087|30.474|000000004B32|23
31.2237623762|3|30.192|2.129|000000004B41|23
25.6192771084|3|26.636|2.069|000000004B4B|23
33.3714285714|6|29.032|60.689|000000006B86|23
32.85|7|30.123|51.810|000000006B97|23
37.3207100592|7|32.722|42.954|000000006C16|23
44.923943662|5|44.756|4.369|000000006C5D|23
37.088372093|7|28.562|73.462|000000008B63|23
45.4309859155|6|36.065|101.092|000000008BB8|23
26.9924686192|13|26.650|140.261|000000008C10|23
32.3817258883|5|39.219|67.156|000000008CDE|23
40.9558441558|6|33.118|124.846|00000000D4E2|23
24.0732824427|5|27.188|36.812|000000010BC0|23
39.3365853659|5|32.657|40.898|000000010C03|23
42.0076433121|4|38.715|31.349|000000010C1E|23
15.2248210024|5|24.638|74.171|000000010C20|23
26.6912133891|4|31.429|48.010|000000010C4B|23
27.0305084746|5|30.965|47.422|00000001289E|23
41.9684210526|5|30.976|97.808|00000001293A|23
31.2237623762|5|31.329|78.364|00000001469E|23
30.4695652174|7|24.414|89.067|0000000146CF|23
29.7509433962|11|32.254|45.096|00000001C4F6|23
35.6379888268|10|27.686|82.208|00000001DC65|23
43.8|10|36.875|105.540|00000001F194|23
21.7212121212|11|26.012|99.084|00000001F196|23
11.8133333333|2|11.813|0.000|000000020544|23
11.2194782609|2|11.219|0.000|000000020546|23
11.2980735552|2|11.298|0.000|000000026A35|23
14.9746478873|2|14.975|0.000|000000026A3B|23
17.1946091644|3|16.143|2.213|000000026EAA|23
22.7957597173|2|22.796|0.000|000000026EAD|23
21.7945945946|4|18.219|16.584|0000000274E7|23
14.2392857143|4|13.888|0.151|000000027508|23
18.8338983051|3|17.516|3.476|000000027B28|23
14.9746478873|6|15.528|1.853|000000028080|23
14.9046728972|3|15.868|1.856|0000000289E9|23
14.2392857143|4|13.031|1.470|000000029556|23
23.7112781955|5|17.932|24.434|00000002A177|23
19.1547169811|6|15.399|8.247|00000002B238|23
12.7839679359|6|12.001|2.197|00000002BF1D|23
