34.6549450549|6|31.694|85.233|0000000037AB|23
32.056281407|3|37.072|50.320|0000000037C2|23
23.7176470588|2|23.718|0.000|0000000037C3|23
41.9684210526|4|34.928|65.822|0000000037C4|23
28.865158371|2|28.865|0.000|0000000037C5|23
40.5735849057|2|40.574|0.000|0000000037C8|23
44.923943662|3|36.983|126.126|0000000037C9|23
56.0268907563|2|56.027|0.000|0000000037CD|23
27.5692307692|2|27.569|0.000|0000000037D0|23
36.6697674419|3|35.032|5.367|0000000037D3|23
29.1909502262|2|29.191|0.000|0000000037D4|23
45.3551020408|2|45.355|0.000|0000000037D5|23
36.2482758621|3|36.287|0.003|0000000037D7|23
28.8|1|28.800|0.000|0000000037D9|23
30.0905660377|2|30.091|0.000|0000000037DA|23
34.113368984|2|34.113|0.000|0000000037DB|23
26.2551724138|3|25.412|1.421|000000005308|23
41.9684210526|3|35.790|76.353|00000000530D|23
35.4461538462|3|35.821|0.282|000000005330|23
42.906122449|3|39.493|23.304|00000000533A|23
20.9842105263|4|29.227|69.180|00000000534D|23
17.7693593315|6|30.776|142.485|00000000534E|23
36.6620689655|3|35.090|4.942|000000005360|23
38.6299401198|5|34.865|10.843|000000007446|23
20.7791530945|3|21.949|2.737|0000000093BB|23
44.923943662|7|31.797|139.642|0000000093C2|23
36.6620689655|7|27.920|49.614|0000000093D8|23
25.8267206478|5|35.211|62.921|00000000F61B|23
39.3365853659|7|34.613|28.099|000000013045|23
37.088372093|6|33.419|26.328|00000001304A|23
20.4151898734|3|20.946|0.563|000000013060|23
32.4180904523|5|35.387|16.575|000000013068|23
37.7676646707|10|39.971|68.934|000000016CC7|23
28.7351351351|5|34.806|31.800|00000001B45A|23
10.0114285714|6|12.638|6.010|000000027CDD|23
16.8438642298|5|17.293|12.899|000000028B2F|23
24.7255813953|3|20.680|32.736|0000000296BF|23
13.2074534161|5|15.114|25.638|00000002BBC1|23
22.3831578947|5|17.397|17.085|00000002BBDC|23
