00000001EAF8,34.7887850467,1477917817
00000001EAD7,34.1158878505,1477918120
00000001D33A,45.3951219512,1477918040
00000001BC5B,28.7433070866,1477917638
00000001BC86,32.0210526316,1477918436
00000001BC5E,33.4429906542,1477917686
00000001BC66,19.2117073171,1477917883
00000001BC62,37.6,1477917748
00000001BC7C,22.9777777778,1477918240
00000001D345,31.3894736842,1477918260
00000001D340,33.6615384615,1477918191
00000001D30E,25.002739726,1477917617
00000001BC79,26.4755905512,1477918178
00000001BC75,35.0823529412,1477918066
00000001BC76,41.1310344828,1477918125
00000002B904,15.4677966102,1477918276
00000002B907,19.135828877,1477917806
00000001D338,26.4755905512,1477918018
00000001F93B,19.6263959391,1477917710
