37.6329896907|2|37.633|0.000|00000001AA7A|59
35.7882352941|2|35.788|0.000|00000001AA7D|59
29.9213114754|2|29.921|0.000|00000001AA80|59
33.4429906542|3|34.730|3.313|00000001AA81|59
44.2516853933|4|37.012|53.706|00000001AA82|59
38.6482758621|4|35.881|7.728|00000001AA87|59
23.8666666667|4|31.314|55.588|00000001AA8B|59
35.7882352941|3|35.471|0.202|00000001AA90|59
34.4377358491|2|34.438|0.000|00000001AA94|59
28.7384615385|3|31.818|18.972|00000001C044|59
33.4899082569|3|38.292|46.129|00000001C049|59
34.1158878505|3|33.883|0.109|00000001C04F|59
36.9494505495|5|35.092|4.765|00000001C050|59
47.4077922078|4|42.439|62.491|00000001D797|59
