14.4874493927|2|14.487|0.000|00000001AF85|59
24.0157894737|6|27.455|19.084|00000001AF87|59
22.5333333333|2|22.533|0.000|00000001AF89|59
17.9826086957|2|17.983|0.000|00000001AF8D|59
16.7675675676|6|24.212|58.715|00000001AF8E|59
20.0571428571|3|23.988|30.909|00000001AF91|59
19.6258064516|4|19.400|4.757|00000001AF98|59
20.6759358289|2|20.676|0.000|00000001AFA0|59
19.8391304348|2|19.839|0.000|00000001AFA7|59
15.5748953975|5|28.145|208.181|00000001AFA9|59
20.3932960894|2|20.393|0.000|00000001AFAB|59
19.8391304348|2|19.839|0.000|00000001AFAC|59
19.9058823529|4|22.832|12.247|00000001AFAF|59
18.4277227723|4|20.298|13.082|00000001AFB1|59
23.1906976744|2|23.191|0.000|00000001AFB2|59
21.223255814|3|22.374|2.648|00000001AFB8|59
18.4453608247|2|18.445|0.000|00000001AFBA|59
19.6263959391|2|19.626|0.000|00000001AFBD|59
22.2585365854|4|27.010|25.914|00000001AFBE|59
19.1120418848|4|21.649|16.113|00000001AFBF|59
21.6418604651|3|23.884|10.056|00000001AFC0|59
20.7409090909|3|20.318|0.358|00000001AFC7|59
19.0125|2|18.822|0.036|00000001AFC8|59
19.3142857143|3|25.810|84.376|00000001AFCB|59
20.6237288136|3|25.161|41.172|00000001AFCD|59
18.6375|1|18.637|0.000|00000001AFD0|59
21.8586826347|3|26.187|37.464|00000001AFD1|59
11.928|5|21.725|112.561|00000001AFD2|59
22.5333333333|3|23.722|2.827|00000001AFD3|59
15.424137931|2|15.424|0.000|00000001AFDB|59
22.4790697674|2|22.479|0.000|00000001AFDC|59
17.0579439252|2|17.058|0.000|00000001AFDF|59
18.1644670051|2|18.164|0.000|00000001AFE1|59
22.8781065089|2|22.878|0.000|00000001AFE3|59
20.0571428571|2|20.057|0.000|00000001AFE5|59
18.343718593|2|18.344|0.000|00000001AFE7|59
22.9777777778|2|22.978|0.000|00000001AFE9|59
16.5913043478|3|19.674|19.006|00000001C555|59
14.6551181102|4|20.473|62.199|00000001C562|59
20.9793103448|4|23.469|6.488|00000001C577|59
17.9822660099|4|27.754|98.503|00000001C578|59
20.6237288136|3|23.849|20.807|00000001C57A|59
18.1644670051|4|31.042|190.951|00000001C57D|59
22.026035503|3|23.776|6.123|00000001C5A4|59
13.8162162162|9|24.881|107.847|00000001DC9C|59
15.0842975207|4|23.502|70.897|00000001DCAC|59
16.6655172414|9|28.050|152.186|00000001DCBD|59
14.2|4|19.252|26.263|00000001DD0D|59
18.9139896373|6|29.536|108.683|00000001F1D1|59
22.8976744186|5|27.907|29.894|00000001F1E0|59
16.6923766816|5|16.115|9.376|00000002B65A|59
13.4701107011|2|13.470|0.000|00000002B667|59
16.9|3|17.951|2.211|00000002B669|59
12.3324324324|2|12.332|0.000|00000002B66B|59
14.7193548387|3|14.511|0.086|00000002B671|59
12.8989399293|2|12.899|0.000|00000002B675|59
15.9759656652|3|15.031|1.786|00000002BAC7|59
11.8099009901|6|14.609|9.321|00000002BF47|59
18.7843575419|4|16.113|7.138|00000002BF5C|59
