20.4527472527|3|20.954|0.503|00000001AAAB|59
17.2869565217|4|19.851|7.908|00000001AAB7|59
21.223255814|4|21.045|8.781|00000001AAB8|59
14.3152941176|5|26.128|195.006|00000001AABA|59
14.9493975904|2|14.949|0.000|00000001AABB|59
19.7318918919|4|18.620|2.142|00000001AABF|59
23.7038961039|5|21.873|8.275|00000001AAC5|59
21.8440677966|2|21.844|0.000|00000001AAC7|59
23.5756097561|3|25.143|4.914|00000001AAC9|59
21.4275449102|2|21.428|0.000|00000001AACD|59
21.223255814|3|24.982|28.254|00000001AAD0|59
16.0810572687|2|16.081|0.000|00000001AAD4|59
12.2129692833|7|21.480|59.323|00000001AAD5|59
15.21|2|18.209|8.996|00000001AADB|59
24.4894736842|2|24.489|0.000|00000001AADE|59
13.6208955224|6|23.231|82.595|00000001AADF|59
19.9058823529|4|20.676|0.636|00000001AAE3|59
19.8391304348|2|19.839|0.000|00000001AAE8|59
21.8195121951|4|21.705|3.136|00000001AAE9|59
20.0571428571|4|22.066|30.836|00000001AAEB|59
17.7203883495|2|17.720|0.000|00000001AAED|59
21.4275449102|3|27.182|66.227|00000001AAF1|59
19.3142857143|2|19.314|0.000|00000001AAF2|59
21.8586826347|3|20.708|2.648|00000001AAF4|59
22.3950920245|3|24.251|6.889|00000001AAF8|59
19.9298969072|2|19.930|0.000|00000001AB00|59
19.0125|2|22.994|15.849|00000001AB01|59
19.520855615|2|19.521|0.000|00000001AB04|59
19.6952380952|3|28.500|155.061|00000001AB05|59
21.15|2|21.150|0.000|00000001AB06|59
20.0571428571|2|20.057|0.000|00000001AB09|59
18.6244897959|2|18.624|0.000|00000001AB0A|59
19.5272727273|2|19.527|0.000|00000001AB0B|59
21.6|1|21.600|0.000|00000001AB13|59
20.3932960894|2|20.393|0.000|00000001AB14|59
17.7030927835|2|17.703|0.000|00000001AB16|59
17.8068292683|11|29.979|103.684|00000001C050|59
19.520855615|6|26.122|93.334|00000001C081|59
17.8941176471|5|21.121|27.075|00000001C08A|59
14.2038910506|6|23.576|52.269|00000001C08F|59
19.8391304348|4|23.467|18.489|00000001C091|59
16.6178571429|5|26.082|116.978|00000001C094|59
24.4621118012|3|21.422|18.483|00000001C0BF|59
23.8666666667|4|32.110|69.662|00000001D7E6|59
20.6237288136|4|25.347|76.600|00000001D7FA|59
21.8586826347|4|24.971|26.363|00000001D804|59
23.250955414|4|29.301|36.838|00000001D819|59
18.343718593|8|31.272|145.940|00000001EED2|59
21.4275449102|5|27.079|50.589|00000001EEED|59
14.8390243902|2|14.839|0.000|00000002B56B|59
14.5434262948|2|14.543|0.000|00000002B56D|59
22.836809816|2|22.837|0.000|00000002B56E|59
19.4170212766|2|19.417|0.000|00000002B56F|59
16.997260274|3|15.848|2.641|00000002B571|59
14.1438735178|2|14.144|0.000|00000002B57B|59
13.2260869565|2|13.226|0.000|00000002B57D|59
