41.1310344828|5|30.081|153.983|00000001A9AD|59
38.8340425532|2|38.834|0.000|00000001A9BB|59
16.2434782609|5|28.692|103.973|00000001A9BC|59
13.536|1|13.536|0.000|00000001A9BD|59
47.4077922078|4|41.293|130.762|00000001A9BF|59
24.4894736842|2|24.489|0.000|00000001A9C0|59
47.4077922078|2|47.408|0.000|00000001A9C4|59
34.1158878505|2|34.116|0.000|00000001A9C6|59
28.2|1|28.200|0.000|00000001A9C8|59
35.770212766|2|35.770|0.000|00000001A9C9|59
34.1158878505|5|35.512|201.769|00000001BF65|59
31.95|3|36.070|81.573|00000001D6A1|59
15.6|1|15.600|0.000|00000002B543|59
12.425|1|12.425|0.000|00000002B546|59
19.4170212766|2|19.417|0.000|00000002B547|59
15.0096774194|3|15.778|1.180|00000002B9A0|59
