20.5655172414|15|27.380|67.235|00000001AEFA|59
18.343718593|5|22.992|70.869|00000001AF66|59
21.3473684211|2|21.347|0.000|00000001AF67|59
16.4432432432|3|18.403|7.684|00000001AF6E|59
19.6258064516|3|20.284|0.866|00000001AF70|59
21.4275449102|2|21.428|0.000|00000001AF71|59
21.1741935484|4|29.341|101.134|00000001AF7C|59
21.8586826347|2|21.859|0.000|00000001AF82|59
17.2333333333|4|19.884|17.565|00000001AF83|59
14.4874493927|2|14.487|0.000|00000001AF85|59
24.0157894737|6|27.455|19.084|00000001AF87|59
22.5333333333|2|22.533|0.000|00000001AF89|59
17.9826086957|2|17.983|0.000|00000001AF8D|59
16.7675675676|3|19.528|15.244|00000001AF8E|59
12.8084210526|5|21.986|90.618|00000001AF8F|59
20.0571428571|3|23.988|30.909|00000001AF91|59
19.6258064516|3|20.498|1.521|00000001AF98|59
20.6759358289|2|20.676|0.000|00000001AFA0|59
19.8391304348|2|19.839|0.000|00000001AFA7|59
15.5748953975|5|28.145|208.181|00000001AFA9|59
20.3932960894|2|20.393|0.000|00000001AFAB|59
19.8391304348|2|19.839|0.000|00000001AFAC|59
19.9058823529|3|22.761|16.309|00000001AFAF|59
18.4277227723|3|21.134|14.649|00000001AFB1|59
23.1906976744|2|23.191|0.000|00000001AFB2|59
21.223255814|2|21.223|0.000|00000001AFB8|59
18.4453608247|2|18.445|0.000|00000001AFBA|59
19.6263959391|2|19.626|0.000|00000001AFBD|59
22.2585365854|3|24.565|10.643|00000001AFBE|59
19.1120418848|2|19.112|0.000|00000001AFBF|59
21.6418604651|2|21.642|0.000|00000001AFC0|59
19.0340425532|2|19.034|0.000|00000001AFC3|59
21.8586826347|8|21.963|17.217|00000001C4CF|59
21.4275449102|5|21.966|14.057|00000001C4E0|59
17.6347826087|3|23.446|67.536|00000001C50B|59
19.0125|3|26.184|25.722|00000001C528|59
17.1215311005|5|20.372|11.557|00000001C52A|59
16.2964285714|3|24.792|144.348|00000001C533|59
16.5913043478|3|19.674|19.006|00000001C555|59
14.6551181102|4|20.473|62.199|00000001C562|59
20.9793103448|3|22.892|7.319|00000001C577|59
17.9822660099|4|27.754|98.503|00000001C578|59
20.6237288136|3|23.849|20.807|00000001C57A|59
18.1644670051|4|31.042|190.951|00000001C57D|59
13.8162162162|7|27.235|113.382|00000001DC9C|59
16.6684931507|5|24.699|50.948|00000001DCA3|59
15.0842975207|4|23.502|70.897|00000001DCAC|59
16.6655172414|7|25.835|104.537|00000001DCBD|59
22.9777777778|6|28.713|34.344|00000001F1AB|59
16.6923766816|5|16.115|9.376|00000002B65A|59
13.4701107011|3|14.192|1.042|00000002B660|59
15.8336283186|2|15.834|0.000|00000002B663|59
13.4701107011|2|13.470|0.000|00000002B667|59
16.9|3|17.951|2.211|00000002B669|59
12.3324324324|2|12.332|0.000|00000002B66B|59
20.0571428571|4|18.765|2.867|00000002B66E|59
14.7193548387|2|14.719|0.000|00000002B671|59
12.5532467532|3|14.006|4.219|00000002BAC2|59
20.1033707865|3|18.418|5.679|00000002BAC3|59
15.9759656652|2|15.976|0.000|00000002BAC7|59
11.8099009901|5|14.230|10.326|00000002BF47|59
18.4363636364|6|14.326|10.739|00000002C36A|59
