17.8029850746|6|27.279|223.410|00000001BAFA|59
14.4874493927|4|18.642|23.607|00000001BB34|59
19.447826087|2|19.448|0.000|00000001BB36|59
18.0712871287|4|17.059|16.628|00000001BB39|59
20.4527472527|4|21.224|5.416|00000001BB3D|59
21.8586826347|2|21.859|0.000|00000001BB3F|59
20.0571428571|2|20.057|0.000|00000001BB46|59
22.6975609756|3|20.430|10.287|00000001BB48|59
11.5150684932|3|13.133|5.236|00000001BB4A|59
18.0712871287|3|20.229|9.308|00000001BB4B|59
18.5299492386|2|18.530|0.000|00000001BB4C|59
22.6732919255|2|22.673|0.000|00000001BB4E|59
24.9825503356|3|30.645|64.116|00000001BB50|59
13.6580152672|3|15.426|6.252|00000001BB53|59
18.0712871287|5|19.298|1.718|00000001BB55|59
17.2188679245|4|19.971|36.348|00000001BB57|59
21.223255814|4|21.162|0.008|00000001BB58|59
18.343718593|5|19.900|7.657|00000001BB59|59
17.6347826087|2|17.635|0.000|00000001BB60|59
20.0571428571|2|20.057|0.000|00000001BB64|59
19.8391304348|4|23.319|29.320|00000001BB67|59
16.9|2|16.900|0.000|00000001BB69|59
12.2086956522|5|20.548|64.482|00000001BB6D|59
20.0571428571|3|19.394|0.879|00000001BB6E|59
23.7038961039|2|23.704|0.000|00000001BB70|59
22.2585365854|3|22.175|0.014|00000001BB72|59
17.6347826087|4|24.126|42.177|00000001BB73|59
16.8221198157|2|16.822|0.000|00000001BB74|59
14.3716535433|6|23.504|86.734|00000001BB78|59
19.4033898305|3|19.472|0.009|00000001BB7D|59
19.520855615|3|19.953|0.374|00000001BB81|59
16.2964285714|2|16.296|0.000|00000001BB86|59
17.4660287081|3|19.919|12.031|00000001BB89|59
20.5125|2|29.432|79.553|00000001BB8B|59
21.3473684211|2|21.347|0.000|00000001BB8D|59
16.6684931507|3|24.951|137.187|00000001BB8E|59
18.0727272727|3|28.110|201.495|00000001BB8F|59
17.8941176471|2|17.894|0.000|00000001BB93|59
14.4874493927|2|14.487|0.000|00000001BB95|59
18.735078534|2|18.735|0.000|00000001BB96|59
19.0125|1|19.012|0.000|00000001BB97|59
19.520855615|2|19.521|0.000|00000001BB99|59
19.3142857143|2|19.314|0.000|00000001BB9A|59
21.4275449102|2|21.428|0.000|00000001BB9D|59
22.6344827586|2|22.634|0.000|00000001BB9F|59
18.8954314721|9|24.149|68.321|00000001D15F|59
16.7675675676|8|22.899|98.789|00000001D161|59
19.447826087|6|27.412|68.331|00000001D19C|59
16.544|2|22.102|30.887|00000001D1C7|59
17.4556097561|4|22.633|58.013|00000001D1EC|59
18.6244897959|5|22.678|17.933|00000001D1ED|59
17.2869565217|5|24.028|105.211|00000001D204|59
19.3875|2|28.047|74.987|00000001D206|59
18.343718593|3|24.465|74.932|00000001D209|59
16.5176470588|3|17.939|4.039|00000001D20A|59
18.8164948454|7|22.407|22.790|00000001E994|59
13.6580152672|5|21.736|100.802|00000001E995|59
20.3010309278|5|23.414|15.232|00000001E99F|59
19.0125|3|29.438|57.161|00000001E9A0|59
17.8941176471|5|25.983|59.765|00000001E9A9|59
19.0125|3|27.894|100.553|00000001E9D9|59
16.3263157895|3|15.175|2.653|00000002B8CC|59
13.4701107011|4|17.924|24.008|00000002B8CD|59
17.9822660099|2|17.982|0.000|00000002B8CE|59
17.476056338|2|17.476|0.000|00000002B8D0|59
12.8989399293|5|16.902|11.992|00000002BC8E|59
16.2074074074|2|16.207|0.000|00000002BD3C|59
13.3226277372|3|13.210|0.025|00000002BD3E|59
