40.6020618557|2|40.602|0.000|00000001AA1D|59
17.8068292683|4|25.478|63.317|00000001AA1E|59
36.1321100917|3|36.606|0.449|00000001AA1F|59
31.2|5|41.200|36.477|00000001AA20|59
35.0823529412|2|35.082|0.000|00000001AA22|59
40.9054945055|4|35.298|47.359|00000001AA23|59
38.8956521739|2|38.896|0.000|00000001AA28|59
33.4899082569|2|33.490|0.000|00000001AA2D|59
18.5299492386|2|18.530|0.000|00000001AA31|59
21.1005780347|2|21.101|0.000|00000001AA33|59
32.5928571429|3|34.971|11.315|00000001AA36|59
27.35|2|32.437|25.873|00000001AA37|59
43.4571428571|3|38.291|53.375|00000001AA39|59
38.8340425532|2|38.834|0.000|00000001AA3A|59
35.7882352941|2|35.788|0.000|00000001AA3B|59
42.6|1|42.600|0.000|00000001AA3D|59
54.7|1|54.700|0.000|00000001AA3E|59
41.0157303371|2|41.016|0.000|00000001AA40|59
34.4377358491|9|33.006|51.690|00000001BFAE|59
22.5333333333|7|31.436|65.871|00000001BFCF|59
34.5214285714|3|34.145|0.284|00000001BFDA|59
37.6|3|34.430|20.942|00000001BFE1|59
27.1090909091|3|24.248|16.369|00000001BFF3|59
43.6390243902|3|41.328|10.680|00000001BFFB|59
30.1685950413|9|35.245|98.015|00000001D700|59
38.6117647059|2|38.612|0.000|00000001D722|59
16.5666666667|2|16.567|0.000|00000002B556|59
15.0222222222|2|15.022|0.000|00000002B558|59
17.4660287081|2|17.466|0.000|00000002B559|59
13.1533568905|4|13.769|8.906|00000002BE48|59
