29.9213114754|5|32.510|20.701|00000001B248|59
35.7882352941|8|38.931|59.976|00000001B24B|59
41.8247191011|3|39.592|9.974|00000001B24E|59
48.0292682927|6|37.958|114.643|00000001B24F|59
29.9213114754|4|35.605|36.769|00000001B252|59
25.2|3|30.988|31.589|00000001B253|59
35.0823529412|2|35.082|0.000|00000001B255|59
34.4076923077|4|31.407|14.440|00000001B256|59
41.9586206897|3|37.645|37.212|00000001B257|59
12.6406015038|4|21.721|101.442|00000001B259|59
26.8411764706|4|30.921|37.860|00000001B25B|59
23.4|4|26.584|16.567|00000001B260|59
25.0686131387|2|25.069|0.000|00000001B263|59
47.4077922078|3|43.539|29.933|00000001B26D|59
38.6117647059|2|38.612|0.000|00000001B273|59
35.1|1|35.100|0.000|00000001B274|59
26.214084507|3|27.032|1.339|00000001C85C|59
38.8956521739|3|40.161|3.202|00000001C861|59
36.8907216495|4|33.376|12.479|00000001C863|59
46.2075949367|7|37.807|51.347|00000001C865|59
42.7862068966|4|34.994|68.681|00000001C86B|59
41.9586206897|3|39.662|10.552|00000001C87B|59
16.4325358852|6|28.913|119.150|00000001C880|59
31.8153846154|8|26.010|62.657|00000001E00D|59
35.1|3|27.345|32.470|00000001E016|59
21.8586826347|4|23.748|25.159|00000001E01A|59
12.3742372881|2|12.374|0.000|00000002511E|59
10.6051282051|4|14.976|19.884|00000002BB70|59
