20.5655172414|14|27.434|71.993|00000001AEFA|59
18.5299492386|5|20.857|10.843|00000001AF3A|59
18.5299492386|3|26.606|130.457|00000001AF40|59
18.1611940299|5|23.781|79.507|00000001AF43|59
17.9835616438|2|17.984|0.000|00000001AF46|59
19.3875|1|19.387|0.000|00000001AF47|59
21.6|3|20.151|24.791|00000001AF4D|59
20.6237288136|2|20.624|0.000|00000001AF51|59
14.5434262948|2|14.543|0.000|00000001AF59|59
20.0571428571|4|19.567|2.468|00000001AF5C|59
18.6375|3|23.369|15.506|00000001AF5F|59
15.0222222222|4|25.977|120.312|00000001AF60|59
18.343718593|3|19.540|2.863|00000001AF66|59
21.3473684211|2|21.347|0.000|00000001AF67|59
16.4432432432|3|18.403|7.684|00000001AF6E|59
19.6258064516|3|20.284|0.866|00000001AF70|59
21.4275449102|2|21.428|0.000|00000001AF71|59
21.1741935484|4|29.341|101.134|00000001AF7C|59
21.8586826347|2|21.859|0.000|00000001AF82|59
17.2333333333|3|20.531|21.746|00000001AF83|59
14.4874493927|2|14.487|0.000|00000001AF85|59
24.0157894737|4|27.147|9.804|00000001AF87|59
22.5333333333|2|22.533|0.000|00000001AF89|59
17.9826086957|2|17.983|0.000|00000001AF8D|59
16.7675675676|2|16.768|0.000|00000001AF8E|59
20.0571428571|3|23.988|30.909|00000001AF91|59
19.6258064516|2|19.626|0.000|00000001AF98|59
21.8586826347|5|22.329|17.888|00000001C4CF|59
17.6347826087|3|23.446|67.536|00000001C50B|59
20.5655172414|4|22.116|9.167|00000001C50F|59
18.1644670051|3|19.171|2.027|00000001C510|59
13.8272727273|3|19.949|74.959|00000001C513|59
17.558490566|3|24.541|97.510|00000001C514|59
20.6237288136|7|28.521|65.923|00000001C515|59
23.7038961039|4|26.500|47.985|00000001C51E|59
19.0125|3|26.184|25.722|00000001C528|59
17.1215311005|5|20.372|11.557|00000001C52A|59
16.2964285714|3|24.792|144.348|00000001C533|59
16.5913043478|3|19.674|19.006|00000001C555|59
18.0712871287|9|22.891|46.882|00000001DC58|59
16.6684931507|5|24.699|50.948|00000001DCA3|59
15.0842975207|4|23.502|70.897|00000001DCAC|59
16.6655172414|5|28.559|120.048|00000001DCBD|59
20.2169491525|5|27.150|41.271|00000001F198|59
22.9777777778|6|28.713|34.344|00000001F1AB|59
16.6923766816|3|14.734|7.668|00000002B65A|59
13.4701107011|3|14.192|1.042|00000002B660|59
15.8336283186|2|15.834|0.000|00000002B663|59
13.4701107011|2|13.470|0.000|00000002B667|59
16.9|2|16.900|0.000|00000002B669|59
20.0571428571|2|20.057|0.000|00000002B66E|59
10.8320474777|3|11.500|0.892|00000002BAB5|59
12.5532467532|3|14.006|4.219|00000002BAC2|59
20.1033707865|3|18.418|5.679|00000002BAC3|59
12.675|4|13.579|3.804|00000002BF22|59
11.8099009901|4|13.592|10.871|00000002BF47|59
18.4363636364|5|15.067|9.595|00000002C36A|59
