36.8727272727|5|36.448|21.090|00000001BCCB|59
31.2|3|38.429|64.034|00000001BCCD|59
46.2075949367|3|44.302|7.259|00000001BCD2|59
44.5170731707|2|44.517|0.000|00000001BCD6|59
11.6689655172|3|22.500|234.627|00000001BCD8|59
44.5170731707|3|45.623|2.446|00000001BCD9|59
51.8608695652|2|51.861|0.000|00000001BCDB|59
41.9586206897|2|41.959|0.000|00000001BCDF|59
15.0704453441|3|29.044|390.541|00000001BCE0|59
41.0157303371|2|41.016|0.000|00000001BCE2|59
37.6329896907|3|36.124|4.553|00000001BCE4|59
35.1|1|35.100|0.000|00000001BCE5|59
47.4077922078|2|47.408|0.000|00000001BCEE|59
21.9903614458|3|25.412|23.413|00000001D39C|59
36.504|4|37.342|43.790|00000001D3A0|59
43.4571428571|5|38.112|21.536|00000001D3A4|59
16.0114285714|8|33.561|121.322|00000001D3AC|59
44.5170731707|3|40.324|35.172|00000001D3B3|59
39.6782608696|3|40.683|2.017|00000001D3B7|59
32.5928571429|7|33.204|103.454|00000001D3BA|59
34.4076923077|11|39.096|111.322|00000001EB69|59
12.5875862069|10|34.189|202.232|00000001EB80|59
11.4325878594|3|14.370|17.262|00000002B910|59
20.5078651685|3|18.022|12.360|00000002B913|59
22.3950920245|3|19.425|17.643|00000002B915|59
14.7399141631|2|14.740|0.000|00000002B918|59
21.9903614458|2|21.990|0.000|00000002B91A|59
22.6344827586|2|22.634|0.000|00000002BDAF|59
