00000000CE13,33.5351351351,1477863723
00000000CE16,32.4792951542,1477863762
00000000CE14,36.0339622642,1477863720
00000000CE19,29.6810126582,1477863836
000000018247,29.331147541,1477863671
000000017148,34.9421800948,1477864047
000000028E13,11.1036144578,1477863807
000000017134,28.9680933852,1477863723
00000001956A,45.9555555556,1477863697
00000001825B,37.4253807107,1477864270
00000000CE22,35.6173913043,1477863992
00000000CE2C,34.7773584906,1477864198
00000001713A,37.0598984772,1477863772
00000000E886,36.1425742574,1477864050
00000000E86A,35.6173913043,1477863646
00000000CE1D,49.9651006711,1477863885
00000000CE30,32.4792951542,1477864253
