00000001CD30,35.247761194,1477906277
000000011641,28.1404580153,1477906345
00000000DE7A,33.2108108108,1477906311
00000000DE7B,33.6657534247,1477906581
00000000F955,40.9054945055,1477906138
00000000DE68,33.5351351351,1477906231
000000018D72,25.3224489796,1477905934
000000018D78,38.4,1477905985
000000018D79,30.1408906883,1477905991
00000000F95D,25.0666666667,1477906381
00000001CD48,37.4253807107,1477906638
00000000DE2D,27.3438202247,1477905903
00000002917D,10.0839779006,1477906022
00000000DE70,16.1142857143,1477906409
00000000DE71,24.2526315789,1477906329
00000000DEAB,30.5114754098,1477906669
00000000DE5E,26.1446808511,1477906191
00000000DE5B,42.3724137931,1477906119
00000001A168,33.6442396313,1477906192
000000017B9D,37.4253807107,1477905994
000000018DA4,20.1070866142,1477906519
000000029186,11.7776357827,1477906278
000000018DA9,28.1404580153,1477906502
00000000DEB3,42.4465116279,1477906679
00000000DE63,28.6834008097,1477906210
00000000DE60,38.2240837696,1477906158
00000000DE64,32.9142857143,1477906213
00000000DE6C,23.1122257053,1477906310
000000028BDE,19.7662198391,1477906091
00000000DE6D,30.8485355649,1477906270
00000000F9A4,26.1446808511,1477906571
000000018DAE,33.6442396313,1477906454
0000000115D2,22.0913946588,1477906432
000000017BA8,26.4258064516,1477906155
00000000F97D,42.0610169492,1477906298
00000000DE56,28.7433070866,1477906140
00000000DE57,34.7773584906,1477906121
000000017B96,33.6442396313,1477905929
00000000DE36,11.7776357827,1477906165
00000000DE37,33.6657534247,1477905961
00000001168A,36.6545454545,1477906676
00000000DE39,27.1405204461,1477905989
00000000F991,25.2493150685,1477906472
00000000F999,31.2,1477906476
00000001A18D,41.1888268156,1477906527
00000002B379,13.3807622505,1477906325
00000000DE43,35.9652173913,1477906027
00000000DE2C,33.2108108108,1477906675
000000028BF0,18.026405868,1477906564
00000000DE49,26.9739130435,1477906077
00000000DE4B,35.7882352941,1477906043
00000000F99D,39.4267379679,1477906526
00000001A189,35.7902912621,1477906537
00000001A183,32.3368421053,1477906467
000000013306,31.7793103448,1477906111
00000000DE3A,32.9142857143,1477905986
00000002B38C,18.7526448363,1477905978
000000029157,11.3602465331,1477906380
00000000DE99,25.3668874172,1477906541
00000000DE97,40.7865921788,1477906473
00000000DE94,22.190881459,1477906523
00000000DE8D,38.6010471204,1477906433
00000001163C,31.4689655172,1477906386
000000011632,31.4126582278,1477906522
000000018D95,33.9760368664,1477906650
000000018D92,28.1404580153,1477906244
000000018D90,25.5114186851,1477906209
00000001A13A,31.4126582278,1477905989
00000000DE87,32.1621145374,1477906398
00000000DE86,39.4267379679,1477906376
00000000DE83,37.886631016,1477906372
00000000F93E,43.2837209302,1477906208
00000001A18F,27.4081784387,1477906552
00000000DE1A,29.9707317073,1477906284
00000001162B,31.7793103448,1477906209
00000002915E,11.120361991,1477906155
