00000001CD30,35.247761194,1477906277
000000011641,28.1404580153,1477906345
00000000DE7A,33.2108108108,1477906311
00000002AFAF,12.2909090909,1477905612
00000000F955,40.9054945055,1477906138
00000000DE68,33.5351351351,1477906231
000000018D72,25.3224489796,1477905934
00000000DE0F,25.9605633803,1477905651
000000018D78,38.4,1477905985
000000018D79,30.1408906883,1477905991
00000002917D,10.0839779006,1477906022
00000000DE71,24.2526315789,1477906329
00000000DE5E,26.1446808511,1477906191
00000000DE5B,42.3724137931,1477906119
00000001A168,33.6442396313,1477906192
000000018D68,30.5114754098,1477905878
000000017B9D,37.4253807107,1477905994
00000001B6A4,35.2765550239,1477905769
000000028BD9,10.638961039,1477905670
00000000DE63,28.6834008097,1477906210
00000000DE60,38.2240837696,1477906158
00000000DE64,32.9142857143,1477906213
000000016D83,37.4253807107,1477905621
000000018D57,23.8615384615,1477905799
00000001A117,20.9123595506,1477905732
00000000DE6C,23.1122257053,1477906310
00000000DE19,28.6879377432,1477905740
000000028BDE,19.7662198391,1477906091
000000028BDF,16.7183673469,1477906186
00000000DE6D,30.8485355649,1477906270
000000017B96,33.6442396313,1477905929
000000017BA8,26.4258064516,1477906155
00000000F97D,42.0610169492,1477906298
00000000DE56,28.7433070866,1477906140
00000000DE57,34.7773584906,1477906121
000000018D6C,35.6173913043,1477905834
00000000DE36,11.7776357827,1477906165
00000000DE37,33.6657534247,1477905961
00000002AFB9,17.429787234,1477905857
00000000DE39,27.1405204461,1477905989
000000018D4B,28.4530120482,1477905899
00000002B372,13.0261484099,1477905770
00000000F919,32.4792951542,1477905629
00000000DE15,25.5114186851,1477905723
00000000DE43,35.9652173913,1477906027
00000000DE2D,27.3438202247,1477905903
00000000DE49,26.9739130435,1477906077
00000000DE4B,35.7882352941,1477906043
00000000DE22,28.7433070866,1477905790
0000000115C9,24.8242424242,1477905838
00000000DE28,29.2571428571,1477905849
00000000F91D,24.8326530612,1477905674
000000013306,31.7793103448,1477906111
00000000DE3A,32.9142857143,1477905986
00000000F8EE,13.5724137931,1477905775
00000002B38C,18.7526448363,1477905978
00000000DE11,39.0095238095,1477905652
00000000DE17,35.440776699,1477905701
00000000DE14,36.4941176471,1477905674
00000001A12B,34.3078341014,1477905827
000000029152,11.3079754601,1477905809
00000000F92D,33.8985645933,1477905732
00000001CCF3,34.4523364486,1477905842
00000000F92C,39.4267379679,1477905744
00000001B698,10.5350649351,1477905945
000000018D92,28.1404580153,1477906244
000000018D90,25.5114186851,1477906209
00000001A13A,31.4126582278,1477905989
00000000DE86,39.4267379679,1477906376
00000000DE83,37.886631016,1477906372
00000000F93E,43.2837209302,1477906208
00000000F921,33.9760368664,1477905885
00000000F928,32.1956331878,1477905772
00000000DE1A,29.9707317073,1477906284
00000000DE1D,22.4097264438,1477905791
00000002B384,22.8865203762,1477905788
00000001162B,31.7793103448,1477906209
00000001A120,29.8493927126,1477905736
00000002915E,11.120361991,1477906155
