00000001AB16,40.5098901099,1477870175
0000000196BE,29.6962655602,1477869868
00000000D02F,24.2501628664,1477870091
00000000D02E,26.214084507,1477870076
00000001EF0C,33.9945205479,1477869844
0000000183C7,37.4253807107,1477870050
00000000D019,11.0371257485,1477870138
00000000D018,19.7395348837,1477869994
00000001C0DE,29.5428571429,1477870080
00000000D01B,36.1411764706,1477869920
000000018398,15.6075471698,1477869688
0000000196AB,37.6329896907,1477869646
00000000D028,34.4523364486,1477869995
00000000D025,32.8864864865,1477869995
00000001AB1C,29.3204819277,1477870055
00000001AB1B,29.9213114754,1477869940
00000000CFE5,31.1088607595,1477869623
00000000CFE6,31.7793103448,1477869624
0000000196B9,25.1631399317,1477869857
000000010665,22.4097264438,1477869812
00000000D04E,24.0156351792,1477870249
00000000CFE9,24.4132450331,1477869666
00000000D04C,25.779020979,1477870233
00000000EAB0,22.7555555556,1477870179
00000000EA7F,29.3204819277,1477869799
0000000183A0,32.5100436681,1477869669
0000000196DB,38.4,1477870134
0000000183A4,35.6173913043,1477870008
00000000EAD8,32.2285714286,1477870233
00000000CFD6,10.0310204082,1477869779
00000000EADA,29.3204819277,1477870291
0000000196D7,33.2108108108,1477870058
00000000EA70,29.8936708861,1477869771
00000000D044,36.8554455446,1477870154
00000000D043,34.4523364486,1477870159
00000000EAC5,28.1404580153,1477870181
00000000EAC0,26.605204461,1477870145
000000028905,11.7401273885,1477869741
000000028904,13.4540145985,1477869663
000000028909,10.225210084,1477870072
00000002ADB9,10.0561983471,1477869946
0000000106FE,37.9247524752,1477870235
0000000169F9,26.1446808511,1477869787
0000000106FC,50.4,1477870210
0000000288E4,12.7557093426,1477869609
00000000D053,27.8831460674,1477870275
0000000288EC,15.2385542169,1477869835
00000000D05D,26.1446808511,1477870337
00000000CFFE,42.8651162791,1477869723
00000002ADA6,10.1975103734,1477869685
0000000183D4,31.9135135135,1477870308
00000000D065,30.1685950413,1477870370
000000029427,13.5114337568,1477870010
0000000183BC,47.4191082803,1477870268
00000000D00D,28.524137931,1477869862
0000000196C4,25.2493150685,1477869916
0000000183E0,31.7793103448,1477870298
00000000CFF4,39.3904761905,1477869670
00000000CFF7,36.1398058252,1477869693
00000000EA82,24.6,1477869840
00000000EA83,37.0492462312,1477869796
00000000CFFB,27.6134831461,1477869757
0000000106AE,29.6605577689,1477869970
00000000D006,14.5420118343,1477869935
00000000D008,44.148502994,1477869998
00000000CFA2,39.2516129032,1477869610
