00000001AA20,24.2526315789,1477867249
00000000CEC3,17.55,1477866935
00000000CEC5,23.07752443,1477867058
0000000182EE,33.2108108108,1477867281
00000001057D,28.4664092664,1477867011
00000000CEE9,32.4792951542,1477867481
00000000CEE8,36.499009901,1477867424
00000000CEE6,35.9652173913,1477867341
00000000CEE5,26.6838709677,1477867375
00000000CEFE,46.9605095541,1477867702
00000000CEE3,12.8347826087,1477867486
000000028E39,11.2390243902,1477867070
00000000CEF3,39.0417112299,1477867586
00000002AD8F,19.3142857143,1477867511
0000000182DF,29.6096385542,1477867291
0000000105CD,35.2765550239,1477867658
00000000CECC,23.258044164,1477866982
0000000195F4,35.1169811321,1477867070
00000000E974,28.4152671756,1477867429
00000000E979,38.775,1477867503
00000000E95F,28.6879377432,1477867107
00000000CEF8,42.8651162791,1477867646
00000000CEF9,43.7173652695,1477867652
00000000CED8,32.1956331878,1477867128
00000002A00D,14.3722007722,1477867064
0000000171C9,52.4281690141,1477867455
00000000CED5,31.1088607595,1477867085
00000001AA56,30.7636363636,1477867280
00000000CED7,30.2163934426,1477867132
00000000CED0,26.0571428571,1477867049
00000000CED1,39.4267379679,1477867009
0000000169A7,25.002739726,1477867108
00000002B16C,16.0466367713,1477867183
00000000CEEC,22.9682242991,1477867582
00000000CEEB,21.6217522659,1477867582
0000000288D4,15.4890756303,1477867300
00000000E985,38.025,1477867605
0000000182F5,22.5467889908,1477867374
