00000001A4C1,36.499009901,1477912519
00000001BA88,32.0896551724,1477912885
0000000136BF,18.5465968586,1477912539
00000000FE11,38.4,1477912639
00000000FDF3,20.6521008403,1477912534
00000000E267,32.2285714286,1477912567
00000001A520,33.9945205479,1477913223
00000000FDFE,17.8951456311,1477912625
00000001BA97,46.9605095541,1477912937
00000000FE83,31.4126582278,1477913249
00000000FE81,22.0567975831,1477913233
000000017E6A,30.5472803347,1477912741
0000000155B9,34.4377358491,1477912880
00000000E2D7,42.6947368421,1477913188
00000000E2D3,24.6581939799,1477913227
00000002B436,11.2048632219,1477913057
00000000E2D9,28.1404580153,1477913242
00000000E2BC,33.6657534247,1477913027
000000019094,40.3359116022,1477912696
000000019090,27.6758364312,1477912700
00000000E2BE,19.8,1477913125
000000017E38,32.5100436681,1477912732
000000019098,34.9320574163,1477912794
000000018FE2,31.1088607595,1477912791
00000000FE2A,44.148502994,1477912716
00000001BA66,46.501910828,1477912582
00000000FDD2,36.499009901,1477912707
00000000E244,38.4,1477912771
00000002B05F,13.038178634,1477912640
00000000FE20,33.5772511848,1477912728
00000000E2B5,26.9739130435,1477913032
000000017E3C,23.627184466,1477912629
000000019077,20.7376044568,1477912832
00000000E2B9,36.8554455446,1477913009
00000002B069,18.7603053435,1477912851
0000000190C1,34.3078341014,1477913189
00000002B065,10.9551263001,1477912939
00000001907B,21.8322580645,1477912584
000000017EAB,33.9760368664,1477913262
000000017EAC,41.4202247191,1477913189
00000000E2A6,19.1120418848,1477912928
00000000FE4C,14.5690802348,1477913072
0000000190AB,29.5428571429,1477913240
000000017E98,30.5114754098,1477912899
00000000E29E,24.6648648649,1477912845
00000000E29B,36.4941176471,1477912741
00000001BA46,31.2406779661,1477912796
00000002B070,14.954969574,1477913114
00000001A502,41.6542372881,1477913007
00000001906B,32.0896551724,1477912798
00000000E296,40.419047619,1477912687
00000000E294,20.089373297,1477912774
000000017EBB,32.4792951542,1477913148
00000000E290,42.0610169492,1477912652
00000000FE5D,22.5467889908,1477913104
000000016EB2,31.7793103448,1477912561
000000017EA6,20.4504201681,1477913069
00000000E2AA,28.4664092664,1477912897
000000028CE1,25.4088737201,1477912964
00000001D0D4,38.0041237113,1477912596
00000000E287,29.0267716535,1477912650
00000000E27D,32.5100436681,1477912514
000000017E76,29.9213114754,1477912635
00000000E280,39.0417112299,1477912804
00000000FE6C,41.9586206897,1477913070
00000001A4ED,30.4661157025,1477912832
000000028CD1,12.4330522766,1477912764
000000028CD8,17.2595744681,1477912839
00000002982A,20.8861189802,1477912627
00000001A4B2,33.8201834862,1477913273
000000028CDD,19.5047619048,1477912921
00000000FE7B,28.1884169884,1477913163
00000001D11A,21.1255014327,1477913173
00000000E28A,34.7773584906,1477912648
00000000E28C,32.8864864865,1477912657
000000016ECF,36.499009901,1477913237
00000001A4EF,32.3044247788,1477912831
000000011A9D,15.7538461538,1477912768
