00000000E31C,37.0492462312,1477913757
00000000E31B,31.1088607595,1477913762
00000000FEAE,37.2489795918,1477913381
00000000E31E,34.7773584906,1477913781
000000016F00,30.5925311203,1477913737
0000000190EC,28.033460076,1477913569
00000002B43D,17.8518159806,1477913491
000000017EF7,38.775,1477913599
00000000E31F,33.758490566,1477913798
0000000190AB,29.5428571429,1477913240
0000000190D7,28.1404580153,1477913437
00000000E2E3,35.6020100503,1477913317
00000000E2E1,28.9714285714,1477913333
0000000190D9,29.5578947368,1477913409
00000000FEF5,27.6545454545,1477913803
00000000E302,27.6545454545,1477913586
00000001BA9D,22.8968944099,1477913686
00000000E307,35.6173913043,1477913594
00000000E308,36.8554455446,1477913605
00000001A524,31.4126582278,1477913434
00000001A521,32.1956331878,1477913285
00000001A520,33.9945205479,1477913223
00000000FE83,31.4126582278,1477913249
00000000FE81,22.0567975831,1477913233
000000017EE4,30.8485355649,1477913476
0000000190DC,32.4792951542,1477913435
00000000E2D5,22.9777777778,1477913254
00000000E2D7,42.6947368421,1477913188
00000000E2D3,24.6581939799,1477913227
000000011AC8,35.2765550239,1477913324
0000000190E9,36.499009901,1477913564
00000000E2D9,28.1404580153,1477913242
00000000E312,35.2765550239,1477913674
00000000E317,46.8226415094,1477913696
00000000FE9A,22.9070769231,1477913660
00000001F7E7,37.0492462312,1477913421
00000000FE38,23.6307692308,1477913538
00000000FECF,33.8,1477913621
00000001A540,16.7606557377,1477913581
00000000E29D,26.5348314607,1477913308
000000011B30,32.3240506329,1477913479
00000000E2CC,11.9691318328,1477913599
00000000FEC5,32.4792951542,1477913562
00000000FEC2,27.6134831461,1477913530
0000000190C1,34.3078341014,1477913189
00000000FEEF,28.1404580153,1477913802
00000000FEEB,38.025,1477913738
000000017EAB,33.9760368664,1477913262
000000017EAC,41.4202247191,1477913189
00000000E2A9,28.4664092664,1477913467
0000000190AC,21.0216066482,1477913423
00000002B070,14.954969574,1477913114
000000028CF0,16.997260274,1477913477
000000029841,18.2947890819,1477913567
00000001A560,28.1404580153,1477913803
000000017EBB,32.4792951542,1477913148
00000000FE5D,22.5467889908,1477913104
000000028CF1,17.8105263158,1477913497
00000001BA57,28.51875,1477913619
000000019107,25.9605633803,1477913853
00000000E2BE,19.8,1477913125
000000017E71,10.1553719008,1477913332
000000016ECF,36.499009901,1477913237
00000001F80F,31.9168831169,1477913668
00000001BAED,29.8493927126,1477913699
00000001A4B2,33.8201834862,1477913273
000000011A87,12.9474782609,1477913369
00000000FE7B,28.1884169884,1477913163
00000001D11A,21.1255014327,1477913173
000000016660,30.8485355649,1477913282
00000000E2F6,41.6542372881,1477913428
00000000E2F5,33.2108108108,1477913438
000000011B19,27.3066666667,1477913706
00000001A53F,20.089373297,1477913595
