25.0886597938|3|25.936|1.437|00000000DBD0|21
31.8153846154|3|35.175|22.568|00000000DBDF|21
32.4307692308|3|35.154|14.830|00000000DBE0|21
42.3955307263|4|35.955|41.611|00000000DBE3|21
31.2|1|31.200|0.000|00000000DBE4|21
33.5351351351|4|37.113|12.811|00000000DBE5|21
29.8987951807|3|28.084|6.585|00000000DBE7|21
19.8193548387|3|25.699|69.140|00000000DBE8|21
35.2765550239|2|35.277|0.000|00000000DBEC|21
25.9890410959|2|25.989|0.000|00000000DBEF|21
29.8936708861|4|29.696|0.744|00000000DBF9|21
22.074251497|2|22.074|0.000|00000000DBFD|21
22.8968944099|3|26.689|28.765|00000000DBFE|21
28.7433070866|2|28.743|0.000|00000000DC00|21
25.5272727273|4|34.562|109.435|00000000DC02|21
39.4267379679|3|38.305|2.516|00000000DC09|21
28.7444015444|2|28.744|0.000|00000000DC0E|21
26.6838709677|3|32.111|58.915|00000000DC0F|21
21.9507163324|3|26.757|46.199|00000000DC12|21
30.4661157025|3|29.830|0.809|00000000DC16|21
25.9605633803|2|25.961|0.000|00000000DC1C|21
35.9652173913|2|35.965|0.000|00000000DC21|21
41.1888268156|2|41.189|0.000|00000000DC27|21
22.4351097179|8|34.325|80.369|00000000F6B9|21
46.712195122|5|40.066|37.397|00000000F6C7|21
43.2|2|35.306|62.309|00000000F6CC|21
38.4|2|33.847|20.729|00000000F6EB|21
38.0041237113|5|35.501|15.778|000000011385|21
34.4377358491|4|32.960|2.573|00000001139A|21
10.4430594901|8|26.032|187.491|000000013060|21
28.4788104089|3|33.950|59.860|000000017A21|21
28.4077821012|3|31.794|22.929|000000018BDE|21
22.8968944099|5|31.744|138.351|000000019F8F|21
31.8812227074|5|36.961|27.230|000000019F9B|21
34.7773584906|5|35.647|7.106|00000001B4D6|21
17.638277512|3|15.305|10.890|000000028B7B|21
14.3710843373|2|14.371|0.000|000000028B7E|21
18.0705882353|2|18.071|0.000|000000028B7F|21
14.0850894632|3|13.206|1.545|0000000290F6|21
16.8054176072|2|16.805|0.000|00000002ABC4|21
15.1081967213|3|17.061|7.631|00000002AF60|21
14.1536121673|3|15.494|3.596|00000002B2F7|21
