32.6230088496|3|34.572|7.597|00000000CE87|21
34.7773584906|3|34.672|0.022|00000000CE89|21
29.8493927126|4|32.903|39.375|00000000CE8A|21
31.8812227074|3|35.588|27.486|00000000CE92|21
28.1884169884|4|35.484|73.781|00000000CE93|21
29.0267716535|3|31.338|10.686|00000000CE95|21
33.2108108108|4|34.855|15.239|00000000CE99|21
36.1425742574|3|38.832|14.465|00000000CE9D|21
22.0913946588|3|25.516|23.451|00000000CE9E|21
38.0041237113|2|38.004|0.000|00000000CEB4|21
25.0775510204|4|23.842|5.943|00000000E8F4|21
33.2108108108|8|35.520|58.753|00000000E8F7|21
24.9365853659|7|28.640|79.981|00000000E905|21
35.6173913043|7|33.801|102.444|00000000E909|21
34.7773584906|3|38.747|31.523|00000000E90D|21
31.1088607595|4|34.046|14.391|00000000E918|21
29.0267716535|3|31.975|17.379|00000000E925|21
42.4465116279|6|34.476|74.447|000000014000|21
41.6542372881|2|41.654|0.000|00000001718A|21
43.6390243902|8|37.208|119.781|000000018282|21
20.5657458564|8|28.231|42.500|00000001828E|21
22.5467889908|3|28.492|70.693|0000000182AD|21
37.4253807107|4|37.899|0.977|0000000182B4|21
38.0041237113|9|32.691|77.234|00000001AA14|21
10.6859728507|7|13.797|12.172|00000002889F|21
13.3083032491|2|13.308|0.000|0000000288C0|21
