34.9808219178|5|34.660|6.067|00000000D889|21
29.0267716535|2|29.027|0.000|00000000D88A|21
34.2260869565|3|34.227|0.000|00000000D88E|21
27.6134831461|3|28.058|0.395|00000000D88F|21
28.1884169884|2|28.188|0.000|00000000D8A4|21
39.0417112299|3|39.221|0.064|00000000D8AA|21
28.4664092664|2|28.466|0.000|00000000D8B0|21
42.0610169492|2|42.061|0.000|00000000D8B6|21
29.8493927126|2|29.849|0.000|00000000D8B8|21
44.956097561|2|44.956|0.000|00000000D8BC|21
38.375257732|5|38.410|5.730|00000000F31F|21
32.9142857143|3|35.190|10.354|00000000F328|21
24.8242424242|4|25.652|38.426|00000000F330|21
30.4661157025|4|32.218|39.838|00000000F331|21
26.6166064982|3|31.911|56.063|00000000F335|21
29.9707317073|6|35.727|100.078|000000017819|21
29.6780487805|3|29.348|0.218|0000000189D6|21
24.8242424242|2|24.824|0.000|000000019D65|21
40.1142857143|6|38.882|15.705|00000001C820|21
30.4661157025|13|35.590|51.363|00000001DFAC|21
10.2007989348|2|10.201|0.000|000000028AC7|21
14.7161676647|3|16.725|8.070|000000028AC9|21
15.8063694268|2|15.806|0.000|000000028ACB|21
14.6576540755|3|13.569|2.370|00000002902F|21
15.7684665227|4|18.469|22.225|000000029622|21
18.0705882353|3|17.669|0.322|00000002AEFB|21
