32.7964757709|2|32.796|0.000|00000000D939|21
13.6351648352|6|27.488|118.443|00000000D93A|21
34.7773584906|3|35.931|2.664|00000000D943|21
27.1058823529|3|31.327|35.630|00000000D946|21
19.713368984|4|26.536|105.351|00000000D948|21
34.3078341014|4|34.962|70.562|00000000D94B|21
33.9760368664|3|33.901|0.011|00000000D94C|21
20.2549450549|3|31.067|233.798|00000000D952|21
19.4637362637|2|19.464|0.000|00000000D955|21
38.0041237113|3|39.477|4.340|00000000D958|21
41.2474576271|2|41.247|0.000|00000000D959|21
39.5403314917|3|36.009|24.938|00000000D95F|21
24.5818181818|2|24.582|0.000|00000000D961|21
28.9714285714|2|28.971|0.000|00000000D966|21
31.1088607595|2|31.109|0.000|00000000D967|21
32.9142857143|2|32.914|0.000|00000000D968|21
18.3860349127|3|24.508|74.955|00000000F3C0|21
27.205904059|7|24.657|93.295|00000000F3C1|21
32.5928571429|4|32.459|10.871|00000000F3C3|21
28.7444015444|4|26.180|68.505|00000000F3CE|21
38.2010362694|3|37.614|0.690|00000000F3F8|21
25.7605536332|11|29.538|57.602|000000012DB3|21
26.2377224199|14|28.852|97.917|000000014B3E|21
35.6173913043|5|30.273|56.096|000000017892|21
13.4050909091|7|25.403|135.437|000000017893|21
41.6542372881|10|35.464|126.124|000000018A17|21
30.8485355649|4|35.949|43.921|000000019DC4|21
36.9043478261|6|36.206|27.015|00000001B2A6|21
10.9877794337|2|10.988|0.000|000000028AEE|21
21.6|5|16.426|10.279|00000002B6DB|21
