43.2|1|43.200|0.000|00000000E707|21
35.2695652174|2|35.270|0.000|00000000E709|21
28.4077821012|5|33.653|25.168|00000000E70B|21
38.4|1|38.400|0.000|00000000E715|21
42.7862068966|2|42.786|0.000|00000000E716|21
37.7908629442|4|36.866|8.211|00000001200E|21
27.9272727273|4|45.100|326.472|000000012021|21
36.8554455446|4|39.180|6.128|00000001202E|21
39.8117647059|5|38.752|3.413|000000019450|21
37.0492462312|3|38.160|2.469|000000019458|21
38.9780104712|2|38.978|0.000|00000001A89E|21
40.1142857143|4|36.038|18.539|00000001BE36|21
34.4377358491|6|37.549|41.535|00000001D583|21
16.1165562914|3|16.831|1.021|00000002A9D9|21
