28.7433070866|5|32.044|49.416|00000000DCC1|21
45.5111111111|2|45.511|0.000|00000000DCFD|21
29.8493927126|5|34.979|34.611|00000000DD06|21
37.0492462312|3|37.956|1.643|00000000DD08|21
25.4690391459|3|28.904|23.595|00000000DD12|21
28.6879377432|3|33.266|41.926|00000000DD14|21
39.3904761905|2|39.390|0.000|00000000DD15|21
38.4|1|38.400|0.000|00000000DD1A|21
27.9724137931|2|27.972|0.000|00000000DD1D|21
24.772027972|5|29.246|15.461|00000000F7FA|21
35.9634517766|4|37.437|22.380|00000000F80D|21
44.148502994|3|38.962|53.805|00000000F818|21
33.5351351351|3|34.633|2.409|00000000F81E|21
23.258044164|5|32.895|79.625|00000001149A|21
43.7173652695|4|39.456|20.415|0000000114A6|21
25.2493150685|5|35.394|128.551|0000000114B1|21
31.2406779661|6|35.117|48.918|0000000114B7|21
22.3567567568|4|29.881|59.933|0000000114D9|21
42.0610169492|6|37.249|21.655|000000016384|21
28.8808988764|5|30.557|6.096|000000016D40|21
19.520855615|6|30.833|77.159|000000017AC2|21
27.6134831461|6|28.960|58.403|000000017AD0|21
31.5076923077|4|29.954|17.393|000000017AD3|21
38.025|1|38.025|0.000|000000017AE4|21
30.2163934426|5|32.410|3.802|000000018C99|21
37.4857142857|3|35.558|7.430|000000018C9A|21
24.4132450331|7|34.625|43.685|00000001A050|21
25.002739726|6|29.820|129.470|00000001B5AE|21
28.576744186|6|32.954|34.243|00000001B5CE|21
15.9930585683|2|15.993|0.000|000000028BAB|21
10.5025641026|3|13.388|16.648|000000029131|21
11.5561128527|2|11.556|0.000|00000002AF83|21
15.5873150106|4|16.380|1.609|00000002AF85|21
