36.4941176471|5|33.639|52.987|00000000D012|21
22.0913946588|3|23.221|2.552|00000000D030|21
33.6657534247|2|33.666|0.000|00000000D069|21
29.8493927126|3|27.326|12.739|00000000D06A|21
28.4152671756|7|31.000|131.578|00000000D079|21
27.205904059|3|29.144|7.515|00000000D07D|21
27.6134831461|7|31.223|104.418|00000000D07E|21
33.2108108108|7|34.563|64.327|00000000D081|21
17.8086956522|4|29.585|140.227|00000000D082|21
33.2108108108|3|34.791|4.993|00000000D08A|21
39.9|1|39.900|0.000|00000000D08B|21
36.1425742574|2|36.143|0.000|00000000D091|21
25.9605633803|4|30.663|42.289|00000000D097|21
30.5472803347|2|30.547|0.000|00000000D098|21
29.2571428571|3|28.036|2.985|00000000D09A|21
21.223255814|2|21.223|0.000|00000000D09C|21
32.9142857143|3|36.011|19.175|00000000D0A2|21
29.9707317073|5|34.170|31.746|00000000D0A4|21
29.5578947368|2|29.558|0.000|00000000D0AB|21
27.1058823529|3|27.702|0.711|00000000D0AD|21
33.9760368664|4|32.319|3.123|00000000D0B7|21
17.4243436754|3|24.589|102.665|00000000D0B8|21
35.6173913043|3|39.423|28.968|00000000D0BA|21
40.1142857143|3|39.407|1.000|00000000D0BC|21
35.1169811321|2|35.117|0.000|00000000D0BE|21
32.4792951542|4|35.516|23.320|00000000D0C3|21
28.1142857143|3|32.264|34.445|00000000D0C7|21
29.0267716535|2|29.027|0.000|00000000D0CC|21
29.6810126582|3|31.833|9.262|00000000D0D0|21
22.7323442136|2|22.732|0.000|00000000D0D6|21
37.4110552764|2|37.411|0.000|00000000D0D7|21
51.9211267606|2|51.921|0.000|00000000D0D9|21
28.7444015444|3|33.304|41.582|00000000D0DA|21
41.6542372881|3|34.969|89.372|00000000D0DD|21
25.495890411|2|25.496|0.000|00000000D0E4|21
25.6891986063|3|23.090|13.510|00000000EAAD|21
22.4097264438|4|25.761|49.820|00000000EAC2|21
25.4383275261|3|28.240|15.701|00000000EAE3|21
35.9652173913|3|29.407|86.021|00000000EB02|21
26.4358208955|5|31.547|81.973|00000000EB0C|21
30.7636363636|5|24.850|40.195|00000000EB10|21
37.4253807107|4|30.232|62.300|00000000EB1F|21
28.1404580153|3|23.596|41.302|00000000EB42|21
25.8893617021|5|27.699|56.343|00000000EB45|21
31.2524017467|3|28.699|13.042|00000000EB4A|21
30.7662650602|4|28.920|37.696|00000000EB56|21
32.9142857143|4|32.727|60.438|00000000EB65|21
41.1888268156|3|35.366|67.806|00000000EB66|21
38.775|4|36.127|247.158|00000001073D|21
25.6891986063|7|29.083|25.678|000000010741|21
31.1088607595|5|36.923|130.127|00000001074B|21
28.6879377432|7|30.918|57.228|00000001074D|21
35.2765550239|5|34.121|163.114|00000001078C|21
30.1685950413|5|27.737|113.400|0000000124B0|21
33.4188679245|5|26.800|150.553|000000016A19|21
32.9415929204|5|29.261|141.316|00000001727A|21
35.2765550239|4|35.199|100.473|0000000172B6|21
35.7902912621|2|35.790|0.000|0000000172E2|21
28.8|6|25.718|60.786|000000018403|21
27.4081784387|3|24.824|13.351|000000018418|21
38.775|2|29.396|87.960|000000018423|21
38.4|3|32.134|78.274|000000018424|21
32.4792951542|3|28.514|31.449|000000018437|21
32.4792951542|3|28.122|37.975|00000001843D|21
37.7908629442|3|31.903|69.327|000000018442|21
30.8912863071|4|32.185|93.116|000000018447|21
41.4818181818|3|34.195|106.189|00000001844C|21
41.2474576271|3|33.510|119.731|00000001844D|21
33.2108108108|3|26.866|80.518|00000001845A|21
16.1142857143|4|18.933|18.311|000000019737|21
24.2526315789|4|24.413|2.197|000000019758|21
21.9610619469|4|25.431|47.616|00000001975E|21
29.2571428571|11|31.213|46.763|00000001AAC6|21
36.499009901|6|28.077|86.892|00000001AB4F|21
25.6891986063|9|28.225|48.012|00000001AB64|21
24.0156351792|6|30.398|111.749|00000001AB6D|21
24.1748344371|6|26.625|70.840|00000001AB85|21
33.3610859729|6|28.808|69.438|00000001AB8F|21
27.041221374|7|31.619|44.440|00000001ABB5|21
34.7773584906|12|30.154|90.233|00000001EF47|21
16.0794816415|2|16.079|0.000|000000028927|21
15.7684665227|2|15.768|0.000|00000002892C|21
16.1684210526|2|16.168|0.000|00000002892D|21
14.9606557377|2|14.961|0.000|00000002892E|21
13.7040892193|3|16.917|20.650|000000028E91|21
16.2550218341|2|16.255|0.000|000000028E93|21
20.4232686981|3|18.016|11.595|00000002ADC7|21
19.8391304348|3|19.651|0.070|00000002ADCF|21
13.0955595027|4|14.005|6.271|00000002B19F|21
