19.9804878049|2|19.980|0.000|00000000DABF|21
35.2695652174|4|31.228|129.647|00000000DACE|21
26.0307692308|2|26.031|0.000|00000000DAD0|21
46.9605095541|3|46.252|1.003|00000000DAD1|21
39.0095238095|5|34.848|17.063|00000000DAD2|21
20.6521008403|2|20.652|0.000|00000000DAD3|21
34.1333333333|3|36.804|14.265|00000000DAE0|21
37.4253807107|2|37.425|0.000|00000000DAEB|21
36.1411764706|2|36.141|0.000|00000000DAED|21
38.7776649746|2|38.778|0.000|00000000DAF8|21
36.1469387755|4|36.388|2.969|00000000F580|21
38.4|2|37.859|0.293|00000000F59D|21
36.1411764706|2|36.141|0.000|000000011231|21
37.6329896907|7|40.518|62.747|000000014D7F|21
33.3610859729|5|36.317|27.105|000000017972|21
23.4802547771|4|33.592|157.712|000000018B23|21
34.1333333333|6|30.726|76.682|000000018B24|21
18.7681233933|4|29.096|108.404|000000018B25|21
24.4943521595|4|24.876|0.359|000000018B3D|21
36.3223880597|4|35.201|11.932|000000018B41|21
34.4377358491|3|39.546|52.185|000000018B4E|21
35.6173913043|5|30.153|44.902|000000019EEC|21
41.2474576271|3|37.911|22.265|000000019F04|21
34.6520547945|9|35.587|28.755|00000001CA57|21
10.8264317181|2|10.826|0.000|000000028B40|21
10.4|2|16.167|33.258|000000028B41|21
15.4890756303|4|13.172|5.704|0000000296A9|21
14.954969574|2|14.955|0.000|000000029CA0|21
