20.3668508287|6|22.131|16.746|00000000D45C|21
11.0618181818|6|28.136|170.862|00000000D4E2|21
36.6874371859|3|34.285|11.540|00000000D4F0|21
40.7337016575|3|30.547|207.528|00000000D4F6|21
30.2163934426|2|30.216|0.000|00000000D4F7|21
38.5218274112|2|38.522|0.000|00000000D4F9|21
36.8554455446|4|38.445|46.193|00000000D500|21
41.6542372881|2|41.654|0.000|00000000D50A|21
35.6173913043|2|35.617|0.000|00000000D510|21
29.5428571429|3|32.137|13.463|00000000D511|21
22.3266055046|2|22.327|0.000|00000000D516|21
45.1261146497|6|43.009|78.762|00000000D51C|21
42.0610169492|4|37.399|27.512|00000000D522|21
30.1408906883|3|34.058|30.692|00000000D526|21
38.4|4|41.248|45.393|00000000D529|21
35.461682243|3|42.492|98.862|00000000D52A|21
26.7211267606|4|29.704|10.788|00000000D52B|21
29.8987951807|2|29.899|0.000|00000000D52C|21
23.258044164|3|29.554|79.272|00000000D530|21
25.7070422535|6|33.232|113.071|00000000D531|21
37.4253807107|2|37.425|0.000|00000000D538|21
47.8753246753|4|41.666|39.052|00000000D539|21
14.016730038|6|29.837|128.819|00000000D53B|21
28.8|1|28.800|0.000|00000000D542|21
18.6244897959|2|18.624|0.000|00000000D543|21
29.8493927126|3|27.913|7.498|00000000D544|21
49.9651006711|2|49.965|0.000|00000000D548|21
32.1956331878|3|33.064|1.507|00000000D54E|21
35.2765550239|3|42.531|105.268|00000000D555|21
36.499009901|2|36.499|0.000|00000000D556|21
21.7285714286|2|21.729|0.000|00000000D559|21
37.4253807107|2|37.425|0.000|00000000D55B|21
41.1310344828|2|41.131|0.000|00000000D561|21
23.4|2|23.400|0.000|00000000D565|21
40.9054945055|3|43.574|14.239|00000000D569|21
21.0305084746|3|23.839|15.770|00000000EECF|21
21.8777448071|5|24.814|64.174|00000000EF35|21
26.6166064982|3|28.831|9.810|00000000EF46|21
37.7908629442|4|38.807|41.702|00000000EF5A|21
24.4894736842|4|30.777|80.264|00000000EF62|21
29.6780487805|5|31.531|11.402|00000000EF7A|21
41.4818181818|5|38.227|64.033|00000000EF91|21
31.2406779661|4|33.203|6.733|00000000EFB1|21
21.223255814|3|22.509|3.309|00000000EFBE|21
35.2695652174|3|33.278|7.935|00000000EFC6|21
45.5111111111|5|36.322|78.353|000000010BE8|21
19.3875|3|20.132|0.320|000000010C00|21
32.3368421053|3|27.603|44.828|000000012950|21
39.525|2|34.412|26.143|000000016BA7|21
10.0741542625|7|29.441|220.157|0000000175C9|21
21.9610619469|2|21.961|0.000|00000001761D|21
37.0388059701|3|35.162|7.049|000000018740|21
36.499009901|5|33.171|52.674|00000001874D|21
41.1888268156|6|34.616|64.570|00000001875F|21
23.4802547771|3|25.067|5.038|000000018768|21
33.9760368664|5|33.741|32.599|000000018782|21
27.1058823529|4|32.953|118.209|000000018786|21
35.3032258065|3|32.917|11.385|00000001879A|21
31.9168831169|5|30.972|20.121|000000019ACF|21
33.6657534247|7|34.183|35.681|000000019AD8|21
53.5597122302|5|38.006|183.589|000000019AD9|21
29.0267716535|6|31.751|16.322|000000019AED|21
43.7173652695|2|43.717|0.000|000000019B12|21
34.7773584906|4|31.215|14.037|000000019B18|21
40.0695652174|10|30.608|74.446|00000001AF39|21
37.4253807107|7|38.221|122.685|00000001AF73|21
31.7793103448|8|28.479|49.924|00000001C50C|21
16.0105263158|9|32.117|124.675|00000001DC68|21
35.7882352941|9|30.615|61.812|00000001DC97|21
10.8804769001|2|10.880|0.000|000000028A12|21
14.6602409639|2|14.660|0.000|000000028A1A|21
15.2645962733|4|15.049|9.983|000000028F71|21
15.1625254582|4|15.220|7.908|000000028F77|21
15.4242677824|3|14.491|1.743|000000028F82|21
17.0272517321|3|18.461|4.113|00000002953F|21
14.6263261297|5|17.296|12.366|000000029B6F|21
15.1081967213|3|14.592|0.533|00000002AAF3|21
16.6428893905|3|15.380|3.187|00000002AAF8|21
17.476056338|3|16.327|2.642|00000002AE7C|21
10.1152173913|3|11.638|4.640|00000002AE80|21
18.2947890819|4|16.686|2.607|00000002B232|21
