11.5885714286|5|31.412|304.488|00000000DB31|21
29.3102362205|2|29.310|0.000|00000000DB3F|21
24.2551495017|3|26.384|9.063|00000000DB40|21
29.5578947368|3|28.453|2.443|00000000DB45|21
29.3204819277|2|29.320|0.000|00000000DB49|21
31.5076923077|3|34.358|16.248|00000000DB4B|21
26.4|4|37.665|136.721|00000000DB50|21
28.1404580153|2|28.140|0.000|00000000DB54|21
21.7285714286|3|30.164|142.312|00000000DB56|21
36.499009901|3|39.203|14.621|00000000DB57|21
26.9080291971|5|33.037|53.405|00000000DB58|21
36.499009901|4|35.438|17.970|00000000DB5E|21
46.3698113208|2|46.370|0.000|00000000DB5F|21
35.7902912621|2|35.790|0.000|00000000DB63|21
36.5195876289|2|36.520|0.000|00000000DB6B|21
28.9680933852|3|32.135|20.063|00000000DB72|21
37.7908629442|3|37.240|0.607|00000000DB75|21
36.8554455446|2|36.855|0.000|00000000DB7E|21
29.9213114754|2|29.921|0.000|00000000DB88|21
39.4267379679|2|39.427|0.000|00000000DB8C|21
27.8831460674|3|27.102|1.222|00000000F61E|21
40.5098901099|3|38.588|7.387|00000000F635|21
15.2736401674|3|21.907|87.991|00000000F645|21
26.8411764706|3|26.812|0.002|00000000F64E|21
34.7773584906|4|33.178|11.233|00000000F651|21
40.5098901099|3|39.153|3.683|00000000F66C|21
33.5351351351|5|30.925|23.484|0000000112BE|21
31.1088607595|2|31.109|0.000|0000000112E1|21
14.6576540755|7|30.481|164.290|000000016CC3|21
22.5467889908|5|30.803|81.523|000000016CCD|21
38.4|2|30.083|69.174|000000016CD2|21
32.1956331878|4|34.840|15.950|0000000179C3|21
32.6488479263|6|33.595|47.351|0000000179CE|21
33.6657534247|3|35.691|8.200|0000000179D0|21
42.0610169492|4|29.973|165.386|000000018B85|21
25.0775510204|5|31.568|122.117|000000019F42|21
26.1446808511|5|29.465|42.493|000000019F49|21
35.7902912621|4|34.729|7.853|000000019F58|21
33.1636363636|9|36.240|60.071|00000001B453|21
40.4338983051|5|38.337|27.889|00000001B47A|21
11.2048632219|3|14.827|26.239|000000028B5D|21
13.5121387283|3|13.482|0.002|0000000290D6|21
17.8086956522|3|15.824|7.881|0000000290D9|21
14.0850894632|3|15.820|6.022|0000000296BD|21
19.3005235602|4|16.222|9.726|00000002B319|21
