31.8812227074|5|31.957|37.828|00000000CE49|21
21.5578947368|6|31.233|257.282|00000000CE50|21
35.3032258065|2|35.303|0.000|00000000CE55|21
22.5857142857|3|27.518|48.658|00000000CE5B|21
27.5501886792|4|31.148|68.825|00000000CE5D|21
35.1169811321|3|35.234|0.028|00000000CE5E|21
34.4377358491|5|36.787|24.960|00000000CE60|21
34.9320574163|3|32.840|8.750|00000000CE66|21
30.4661157025|4|37.379|55.206|00000000CE67|21
42.8651162791|2|42.865|0.000|00000000CE79|21
30.1408906883|3|31.303|2.700|00000000E8A7|21
35.6173913043|5|37.949|13.907|00000000E8A9|21
40.0695652174|3|40.546|0.455|00000000E8B1|21
29.0360655738|4|28.342|88.690|00000000E8B3|21
31.5076923077|2|31.508|0.000|00000000E8C9|21
27.1058823529|4|29.345|13.708|00000000E8D3|21
44.956097561|5|43.690|31.649|0000000104D7|21
13.8272727273|8|32.921|144.944|0000000104DA|21
34.4377358491|4|33.777|1.237|0000000104F9|21
25.002739726|6|36.529|86.283|00000001220F|21
31.7793103448|2|31.779|0.000|00000001697B|21
12.1215189873|2|12.122|0.000|000000017163|21
21.1255014327|3|28.952|122.500|000000017169|21
26.876534296|4|31.836|101.930|00000001826C|21
39.4267379679|3|38.804|0.775|000000018271|21
34.4523364486|8|35.285|88.849|000000018273|21
41.1888268156|4|33.684|71.572|000000018277|21
32.4792951542|4|34.848|44.981|000000018286|21
38.5218274112|4|41.193|14.124|000000018288|21
21.6418604651|3|22.581|1.765|000000018289|21
24.8989966555|5|38.080|168.233|000000019588|21
30.2163934426|4|30.208|0.256|000000019599|21
23.1122257053|4|34.567|153.611|00000001A9F2|21
15.8737739872|2|15.874|0.000|0000000288BA|21
19.2501305483|2|19.250|0.000|0000000288BB|21
14.2332046332|2|14.233|0.000|000000028E26|21
13.7552238806|5|16.349|5.838|0000000299FB|21
