0000000030E7,32.9385826772,1477869081
00000000CF5D,30.6893617021,1477868919
000000010627,34.2885245902,1477869185
00000000CF5C,44.5752808989,1477868960
00000000211B,28.5583892617,1477868400
0000000030C5,35.7619834711,1477868805
00000000440F,41.7176470588,1477869215
00000000212A,22.4903225806,1477868597
0000000169CE,24.5965317919,1477869045
000000002131,48.9103448276,1477868630
00000000E9C8,37.35,1477868931
00000002AD92,16.1462686567,1477868739
000000026660,20.6563106796,1477868984
0000000030BA,33.2,1477869011
000000018327,36.3692307692,1477868583
00000000CF28,37.7495327103,1477868438
000000002132,34.3161290323,1477868659
00000002AD8B,12.4058309038,1477868653
00000000212E,40.5642857143,1477868621
00000000B6CF,32.2363636364,1477869159
0000000030DD,34.3161290323,1477869095
000000002154,31.5854014599,1477868975
00000000B6AD,38.6357142857,1477869196
000000002153,29.55,1477868971
00000000B678,35.2918032787,1477868832
00000000211F,32.2363636364,1477868512
00000000215D,27.1031847134,1477869048
0000000171FF,11.0084210526,1477869054
0000000171D2,41.0117647059,1477868416
000000017201,31.6909090909,1477869026
00000000213E,31.5854014599,1477868788
00000002665E,11.6636118598,1477868846
00000000E9DD,34.0724409449,1477869088
0000000030CD,42.4235294118,1477868921
00000000CF35,47.0347826087,1477868666
00000001962F,37.0194690265,1477868543
0000000043CF,42.4598130841,1477868977
00000002697D,16.4293436293,1477869074
000000028E48,11.8169491525,1477868811
00000000CF52,27.2150943396,1477869054
000000026662,24.9,1477869028
000000026666,18.2582278481,1477869163
0000000283C3,21.3162561576,1477868717
0000000171E1,39.0385321101,1477868555
000000002169,32.2363636364,1477869132
000000002142,43.7090909091,1477868791
