000000002473,41.0117647059,1477878222
00000000344B,35.468852459,1477877964
00000002AAF8,12.8555891239,1477878250
0000000175C9,52.7707317073,1477878404
00000001289E,44.325,1477878113
00000000D569,48.9103448276,1477878535
00000000BB85,24.7395348837,1477877961
000000003450,41.0117647059,1477877984
00000002B238,15.3992882562,1477878341
00000000244D,27.2769230769,1477877817
00000001C50C,28.5583892617,1477878178
000000016B8B,17.5190283401,1477877777
000000003449,46.252173913,1477877889
00000000247D,42.1306930693,1477878306
00000000D4C2,41.7176470588,1477877758
000000002456,46.252173913,1477877862
000000002453,36.3692307692,1477877848
00000001DC97,39.6990825688,1477878355
000000002458,33.505511811,1477877888
00000000EEBC,39.0385321101,1477877900
00000000D544,24.0406779661,1477878438
00000002953F,21.3295774648,1477878081
000000017612,38.3351351351,1477878446
0000000266FF,17.6506329114,1477878180
00000002B232,14.8783216783,1477878305
00000000BBAE,26.7111111111,1477878103
00000000D531,48.6202247191,1477878311
00000000D4F6,10.1743073048,1477878017
000000004AB5,43.8680412371,1477878221
0000000175F7,25.1786982249,1477878023
00000000D511,37.3263157895,1477878122
00000000B113,36.3630252101,1477877917
0000000175E2,27.9947368421,1477877996
0000000146A0,32.9142857143,1477877757
00000001AF73,46.252173913,1477878343
00000000346A,48.0827586207,1477878286
000000002481,26.7111111111,1477878455
000000008C10,30.906122449,1477877930
000000003473,31.2377952756,1477878422
00000000B10B,33.5441860465,1477877739
00000002806C,18.181512605,1477878259
00000000246C,11.2150134048,1477878269
0000000175D7,31.5870967742,1477877813
0000000128CA,11.2103626943,1477877807
000000002461,40.9153846154,1477878003
0000000033D2,31.9328244275,1477878440
00000000248B,46.252173913,1477878516
000000019ACF,28.4571428571,1477877919
000000026700,18.3193548387,1477878217
0000000175EA,30.5343065693,1477877877
000000008BEE,27.1031847134,1477877752
00000002A8DF,19.2542986425,1477878080
