000000004C73,41.7176470588,1477880868
000000006D7A,37.9928571429,1477880416
00000002671E,21.3295774648,1477880452
000000004C3B,42.970212766,1477880430
0000000176CC,40.5642857143,1477881091
00000002A1AB,12.1550561798,1477880475
000000006DE1,40.4411214953,1477880836
00000001DDEA,27.2047904192,1477881101
000000004C77,28.4450704225,1477880641
000000002507,35.7538461538,1477880968
0000000024F7,38.3779816514,1477880573
00000000250A,36.3630252101,1477881050
000000026725,16.818972332,1477881123
00000000BCBB,31.5854014599,1477880693
000000010D6B,27.2150943396,1477880860
0000000034D4,48.6,1477880966
00000002A1C2,17.2148148148,1477880900
000000029B88,14.3756756757,1477880662
000000004C60,41.6412371134,1477880499
000000002502,10.1043478261,1477880958
00000000250F,36.3692307692,1477881165
000000026700,20.3154929577,1477880545
00000000250B,22.5142857143,1477881111
000000004C41,38.1461538462,1477880541
0000000034FD,36.3692307692,1477880717
00000001886E,43.8680412371,1477881188
00000000D664,26.3094339623,1477880627
00000000B14C,55.2623376623,1477880444
0000000024F8,48.0827586207,1477880579
0000000034F5,36.3630252101,1477880559
000000014855,22.5142857143,1477880764
0000000024EE,30.0949640288,1477880450
00000000F0BB,37.35,1477880835
000000006DDB,49.7379310345,1477880828
00000001482F,36.3891891892,1477880645
000000012988,39.0385321101,1477880651
000000010CEE,50.6571428571,1477880647
00000000D656,38.8941176471,1477880433
00000000D651,41.6076923077,1477880532
00000000F0DD,33.505511811,1477880806
000000002512,45.2680851064,1477881168
00000000D678,31.6909090909,1477880905
