000000011D5E,34.8786885246,1477919146
000000002DD1,46.4275862069,1477919470
00000001A6E4,42.2545454545,1477919487
0000000100F7,31.9935483871,1477918970
000000005F12,26.4298136646,1477918801
00000000E4F9,29.05,1477918813
000000013B16,11.3170212766,1477919456
00000000CA80,41.7176470588,1477919155
00000000E4FC,41.0117647059,1477918835
0000000100CA,29.9661971831,1477918871
000000002DB7,44.6103092784,1477919162
000000002DB9,10.1073634204,1477919348
000000002DAC,36.9846153846,1477918901
000000002DD4,36.6947368421,1477919537
000000028345,14.9830985915,1477919098
0000000268CF,16.8090225564,1477919440
000000003EC5,39.0385321101,1477919408
000000019286,39.4,1477918843
000000002D97,31.2377952756,1477918882
000000003EA6,31.0598540146,1477918844
0000000192BF,47.0347826087,1477919586
000000003EA8,37.6864864865,1477918942
00000000ADE1,38.1461538462,1477919124
00000000CA5E,32.9385826772,1477918805
000000002DA9,36.3692307692,1477918851
000000002DBA,38.6357142857,1477919194
00000000E51C,11.6580821918,1477919409
000000002DBE,52.7707317073,1477919227
000000002DA3,10.2782608696,1477918849
000000005F2A,12.3035294118,1477919033
00000000E4F2,10.2511627907,1477919315
000000011DB0,33.505511811,1477919082
000000002DC2,46.0340425532,1477919331
000000002DC0,46.0340425532,1477919306
000000002DC7,52.2206896552,1477919365
000000002DB6,48.0827586207,1477919154
00000000801A,25.5073170732,1477919525
000000011DCB,42.9818181818,1477919489
00000002787C,20.4576923077,1477918825
00000001D373,39.0385321101,1477919236
000000013ADA,47.002247191,1477919466
00000001D371,46.252173913,1477919351
00000000E51E,40.0727272727,1477919498
000000018082,37.076635514,1477919477
00000000E522,32.2363636364,1477919380
