0000000033E4,35.7732283465,1477876750
000000019A67,42.9818181818,1477877273
000000017543,21.3829145729,1477876803
000000018713,30.8335877863,1477877264
000000004A65,46.252173913,1477877311
0000000266E4,10.4774818402,1477876545
000000026A10,14.7956043956,1477876763
00000000EE9E,16.340625,1477877038
0000000033BF,39.0385321101,1477876864
00000000EE99,26.7111111111,1477877051
00000000BAD6,36.3692307692,1477877042
000000026A1A,13.6384615385,1477876882
00000001AE86,43.1257731959,1477876555
00000000D415,39.7682242991,1477876924
00000000D414,37.35,1477876701
00000000BB0A,39.9214285714,1477877009
000000029505,13.4597938144,1477876671
00000001C41D,34.8786885246,1477876994
000000008B3F,45.4695652174,1477876869
00000000BA80,29.4832116788,1477876899
000000004985,34.0724409449,1477876691
000000002420,31.7552238806,1477877121
000000002425,29.55,1477877205
00000000BB39,42.9818181818,1477877312
000000015F2D,45.4695652174,1477876553
000000026E7C,19.3418181818,1477877127
00000001C49B,41.0117647059,1477877144
00000000D3FA,39.0953271028,1477876511
00000000D45B,43.8680412371,1477877049
000000003411,49.7379310345,1477877182
00000000D449,47.8112359551,1477877006
0000000145A3,35.4857142857,1477876533
0000000023FF,10.35215311,1477876683
0000000049B3,34.8786885246,1477876585
00000001DBDF,19.935678392,1477877092
0000000033F6,36.3692307692,1477876961
000000026A11,16.621875,1477876619
00000001DB92,27.1636363636,1477876665
00000000241B,35.1529411765,1477877016
00000001AE78,43.7090909091,1477876609
000000004A57,26.8828402367,1477877263
000000019A49,30.5343065693,1477877195
00000000D465,32.2363636364,1477877109
00000000D463,33.735483871,1477877112
0000000289E5,14.0435643564,1477876851
0000000186FE,41.6076923077,1477877058
0000000186D9,32.5180327869,1477876929
000000002403,29.1452054795,1477876580
000000002401,40.9153846154,1477876540
00000000BA7F,30.4732394366,1477876726
000000026E3F,17.5764705882,1477877112
000000002419,27.9947368421,1477877000
000000002418,29.4832116788,1477876983
000000002417,22.4903225806,1477877000
