000000003F44,48.3319148936,1477921940
000000003F42,46.4275862069,1477921891
00000000CB32,41.7176470588,1477922276
00000000E5D8,46.252173913,1477921524
00000000E5F8,46.0340425532,1477921900
000000003F49,33.1081967213,1477922066
000000011EA6,31.9943661972,1477921840
00000000B425,49.7379310345,1477922059
00000001A779,34.8786885246,1477922070
000000002E54,50.6571428571,1477922335
000000002E55,43.1257731959,1477922346
000000002E37,12.6380664653,1477921899
000000002E34,34.0724409449,1477921764
000000002E4C,52.7707317073,1477922143
000000002E2D,45.2680851064,1477921559
000000002E4A,38.6357142857,1477922060
00000001BD39,41.0117647059,1477921839
00000000CB2C,25.1786982249,1477922171
00000000CB33,37.35,1477921811
000000010196,46.252173913,1477921516
000000003F4E,48.3804878049,1477922166
00000000AE58,46.252173913,1477921794
00000000CB26,46.0340425532,1477921752
00000000CB44,51.8926829268,1477922123
000000003F1B,10.9795275591,1477921506
00000000CB4D,54.3272727273,1477922328
000000002E3A,12.8945454545,1477921926
00000000E5FF,43.8680412371,1477922043
000000006018,33.5441860465,1477921765
000000002E49,35.7538461538,1477922058
0000000268FF,14.4747404844,1477922156
000000003F4F,48.9103448276,1477922174
0000000268FD,16.4930232558,1477921844
00000000E601,37.9928571429,1477922109
