00000000206A,37.2393442623,1477863668
00000000206B,39.7682242991,1477863766
00000000206C,43.6846153846,1477863783
000000019556,41.0117647059,1477863622
000000002068,51.8926829268,1477863570
00000000CE0B,38.9837837838,1477863594
0000000293D2,15.6089552239,1477863662
00000002889F,11.3059459459,1477863312
00000000CE06,32.9860465116,1477863562
00000000CDB2,48.0827586207,1477863045
000000002FDD,33.505511811,1477863182
000000018237,26.7111111111,1477863310
00000000CDF5,12.5063583815,1477863579
000000002066,42.2042553191,1477863470
00000000B569,50.6571428571,1477863648
0000000041F2,52.7707317073,1477863690
