00000000E909,25.480239521,1477866186
000000018288,10.8997481108,1477865686
00000000B5E5,40.2230769231,1477865982
0000000084F6,31.0598540146,1477865827
0000000020AE,18.9285067873,1477866069
00000000E8F7,38.6357142857,1477865936
0000000020AB,29.55,1477865998
00000000E8D3,35.7538461538,1477865633
0000000042A2,51.8926829268,1477865903
000000003020,10.0358490566,1477865710
000000004281,25.9113772455,1477866187
00000000644B,39.7682242991,1477865580
0000000020B1,39.7682242991,1477866083
0000000020B3,21.6,1477866181
00000001220F,41.7176470588,1477865473
000000018282,24.7395348837,1477866151
00000000CE61,47.002247191,1477865905
00000000CE67,40.4411214953,1477865491
000000029FEA,16.8677419355,1477865691
000000006487,32.2363636364,1477866035
00000000CE8A,43.7090909091,1477865998
00000000CE93,36.3692307692,1477866163
000000026647,19.83930131,1477865640
00000001EE62,37.3263157895,1477865839
000000027385,16.4692913386,1477865827
00000000CE7B,37.9928571429,1477865840
