000000003167,38.3779816514,1477870346
0000000169EF,34.3428571429,1477870035
00000000317C,25.9113772455,1477870540
0000000106BF,37.35,1477869992
00000000667D,40.4411214953,1477870406
00000000B73C,34.3161290323,1477869911
00000000D012,41.7176470588,1477870694
0000000183C7,34.3161290323,1477870211
000000026639,10.1102803738,1477870161
00000000EAF1,39.9214285714,1477870636
00000000D019,42.4235294118,1477870525
000000018398,31.9935483871,1477869997
00000000217A,24.4551724138,1477869928
000000003174,42.2545454545,1477870373
00000000451E,36.0642857143,1477870608
0000000021C5,36.0620689655,1477870054
0000000021C2,34.3161290323,1477870033
000000026681,12.8023668639,1477870594
00000000D028,25.9113772455,1477870189
00000000445F,34.8786885246,1477870250
00000000EAD8,23.3698324022,1477870440
00000000D04E,36.3692307692,1477870467
00000000AFEB,43.8680412371,1477870203
0000000196C4,27.7384615385,1477870142
000000002200,40.9153846154,1477870640
000000002201,32.5353383459,1477870657
000000002202,23.5093922652,1477870687
000000026991,19.2542986425,1477870686
000000026997,15.2516129032,1477870082
00000000CFD6,44.6103092784,1477870199
00000000EADA,39.0953271028,1477870475
00000000318A,25.9463414634,1477870676
00000000220E,47.8112359551,1477870744
0000000021BC,31.0598540146,1477870379
0000000021E3,28.9469387755,1477870302
00000000D043,38.6357142857,1477870322
000000019692,18.1054393305,1477870179
00000002AA2C,11.5392,1477870481
0000000021D4,30.1787234043,1477870161
000000004497,32.2363636364,1477869901
0000000044CB,37.35,1477870287
00000002667F,12.8555891239,1477870506
00000000449E,32.9860465116,1477870355
000000028E5E,16.1181818182,1477870091
0000000021DA,34.8786885246,1477870204
00000001970C,27.1031847134,1477870627
00000000D065,32.0571428571,1477870556
0000000044D8,44.6103092784,1477870165
00000000EAAB,27.9947368421,1477870646
000000002191,27.1031847134,1477870259
000000028E73,12.6157434402,1477870462
0000000021F0,24.174301676,1477870521
0000000021F8,20.5565217391,1477870624
0000000021EA,32.7818181818,1477870423
00000002A892,12.8555891239,1477870308
00000000D006,36.3692307692,1477870253
00000000B758,31.6909090909,1477870463
00000000EA83,41.7176470588,1477869947
000000010713,24.0406779661,1477870672
0000000021FC,30.6893617021,1477870622
00000000D081,42.4235294118,1477870709
0000000283E7,16.4532319392,1477870246
0000000106AE,31.0598540146,1477870164
000000004529,36.3692307692,1477870621
00000000EAA3,44.6103092784,1477870349
