00000000C3F2,34.8786885246,1477905745
00000000C3F8,33.505511811,1477905669
00000000C40A,27.5210526316,1477905861
0000000056A7,11.168503937,1477906088
00000002AFAF,11.8057441253,1477906109
000000002985,44.325,1477906304
000000002989,32.7818181818,1477906370
000000017B58,36.3692307692,1477906164
00000001B674,39.0385321101,1477905689
000000018D72,27.1636363636,1477906160
0000000039C2,48.9103448276,1477906131
00000000294C,32.7818181818,1477905666
00000000776C,49.7379310345,1477905976
0000000039BA,35.468852459,1477906094
00000000DE5E,40.9153846154,1477906384
00000000DE5B,29.55,1477906280
00000000C41C,34.0724409449,1477906020
00000000295D,30.2210526316,1477905841
00000000295A,40.9153846154,1477905761
00000001A117,31.2179104478,1477905983
000000028694,13.2560747664,1477905690
000000005684,10.9670103093,1477905958
00000000568B,41.7176470588,1477905774
0000000056F0,32.2363636364,1477906386
000000002954,29.9661971831,1477905721
00000001B6AD,33.505511811,1477906328
00000000DDFA,10.08,1477905819
00000002680B,20.1668246445,1477906309
00000000297B,31.6909090909,1477906207
00000000297F,39.0385321101,1477906227
00000000F912,45.2680851064,1477905718
00000000DE43,39.7682242991,1477906186
000000026B56,17.378313253,1477906263
0000000056D6,34.8786885246,1477906238
0000000115C9,41.4178217822,1477906041
0000000096F1,20.3598086124,1477905678
000000002972,36.0620689655,1477906136
000000002970,11.2451612903,1477906254
000000026806,10.6914572864,1477906215
00000002AF97,11.5630434783,1477905896
000000026800,21.4909090909,1477905651
00000000294A,27.6311688312,1477905671
000000026809,17.7254237288,1477906298
00000000DE17,10.08,1477906013
00000000C45C,25.480239521,1477906268
00000000DE19,34.2885245902,1477905936
00000001A0D1,27.6311688312,1477905649
00000001CCF3,11.357480315,1477906141
00000000F92C,27.1031847134,1477905918
00000001CC98,45.2680851064,1477905890
00000000C469,33.7714285714,1477906377
000000029161,12.6157434402,1477905742
00000000295F,36.3692307692,1477905915
00000002AF9B,21.528358209,1477906317
000000002990,46.0340425532,1477906402
000000002992,38.6357142857,1477906418
00000002AFA6,15.0474820144,1477905601
00000002975C,13.5948881789,1477905735
00000000DE1D,26.3094339623,1477906039
00000000296A,34.3428571429,1477906074
