00000000E5D3,11.1552,1477922584
0000000180FB,28.1801324503,1477922708
0000000101D5,41.7176470588,1477922544
000000008118,51.8926829268,1477922835
000000019377,26.7111111111,1477923079
00000000A0F3,43.1257731959,1477922487
000000019364,18.2582278481,1477923034
00000000609D,39.7682242991,1477923027
000000002E6F,52.8,1477922799
000000019363,48.6,1477922847
00000000E630,32.2363636364,1477922814
000000026902,10.6914572864,1477922455
000000011F0D,39.6990825688,1477922911
0000000101E2,12.02,1477922801
00000001BD64,12.2275862069,1477922885
000000002E64,34.3161290323,1477922552
000000026905,17.1580645161,1477922786
000000026906,15.9057034221,1477922801
0000000180EA,34.4181818182,1477922548
000000002E5B,12.8555891239,1477922536
00000000E603,40.4411214953,1477922440
00000000CB5F,47.0347826087,1477923045
0000000101DE,40.9153846154,1477922560
000000029338,14.2705035971,1477922555
