41.7176470588|3|35.717|72.012|000000002BB8|7
29.4367346939|2|29.437|0.000|000000002BF6|7
14.8264808362|4|32.319|392.733|000000002BF7|7
11.0084210526|8|32.064|220.918|000000002BF9|7
19.7320754717|2|19.732|0.000|000000002C00|7
39.0953271028|2|39.095|0.000|000000002C09|7
40.4411214953|2|40.441|0.000|000000002C0D|7
45.2680851064|4|37.474|90.730|000000002C13|7
29.1230769231|2|29.123|0.000|000000002C14|7
36.9846153846|5|41.108|71.466|000000002C18|7
36.6947368421|4|40.458|14.868|000000002C1C|7
28.9469387755|2|28.947|0.000|000000002C1F|7
32.5353383459|4|39.650|57.632|000000002C20|7
10.5326732673|5|27.814|232.068|000000002C27|7
40.9153846154|2|40.915|0.000|000000002C36|7
43.8680412371|2|43.868|0.000|000000002C37|7
30.05|3|37.257|103.878|000000002C3C|7
33.735483871|2|33.735|0.000|000000002C42|7
39.2615384615|2|39.262|0.000|000000002C45|7
45.2680851064|2|45.268|0.000|000000002C47|7
39.0385321101|4|39.560|1.141|000000003C5C|7
39.7682242991|5|38.063|12.091|000000003C8F|7
35.468852459|3|33.953|4.599|000000003C94|7
39.0953271028|5|42.859|65.953|000000003C9E|7
38.3351351351|5|45.136|31.597|000000003CA6|7
35.2062992126|6|37.294|65.508|000000003CAF|7
43.8680412371|6|34.818|83.718|000000005BC4|7
28.5583892617|4|29.915|2.164|000000005C09|7
34.8786885246|5|37.164|217.086|000000005C2F|7
33.9076923077|6|35.808|26.451|000000005C30|7
42.4235294118|4|37.506|24.185|000000005C6B|7
29.4591549296|4|32.712|10.824|000000005C75|7
31.0598540146|3|27.538|24.809|000000009C5F|7
39.0385321101|7|33.909|103.467|000000009CCD|7
37.3263157895|5|30.792|71.796|00000000B333|7
36.3692307692|3|38.703|10.896|00000000C86F|7
10.3281553398|8|30.032|155.204|00000000E296|7
29.9661971831|3|28.199|6.245|00000000E29E|7
25.1786982249|6|28.066|69.841|00000000E2BC|7
30.6129496403|4|32.669|54.907|00000000E2D3|7
37.9928571429|3|34.986|18.086|00000000E2E1|7
29.4367346939|5|33.911|30.978|00000000FDED|7
41.7176470588|4|30.091|135.350|00000000FDFE|7
11.4940874036|8|32.776|283.706|00000000FE20|7
49.7379310345|5|37.635|145.458|00000000FE6C|7
34.2885245902|4|32.252|28.883|00000000FEAE|7
30.5343065693|8|30.105|111.568|000000013786|7
29.4591549296|8|24.401|39.335|0000000155B9|7
27.5210526316|5|28.596|84.159|000000016660|7
24.0406779661|5|32.273|56.210|000000016ED3|7
46.252173913|3|38.711|113.753|000000017E3C|7
27.9947368421|4|32.917|26.135|000000017E82|7
46.252173913|6|31.900|187.559|000000017E91|7
24.3209302326|4|25.982|29.327|000000019098|7
42.4235294118|7|38.420|78.696|00000001A4ED|7
25.6337349398|16|28.436|113.333|00000001BA21|7
28.5583892617|8|28.118|33.536|00000001BA46|7
10.3034482759|3|15.576|55.598|00000002688F|7
16.9529880478|2|16.953|0.000|000000026892|7
16.621875|1|16.622|0.000|000000026898|7
14.1368770764|3|15.834|5.763|000000026BE1|7
17.5902439024|5|16.065|7.571|0000000271DC|7
14.8783216783|4|12.940|3.794|000000027E3E|7
13.8976744186|7|14.860|5.863|000000028C93|7
27.3873417722|6|20.236|38.645|00000002B41F|7
