46.252173913|5|42.201|60.335|0000000027B2|7
37.0568807339|4|38.990|60.738|0000000027B4|7
39.0953271028|4|39.464|57.138|0000000027BD|7
33.505511811|2|33.506|0.000|0000000027C6|7
45.4695652174|3|44.157|3.446|0000000027C8|7
33.7714285714|3|41.714|126.178|0000000027C9|7
27.55|5|31.102|100.176|0000000037AB|7
24.3209302326|3|30.814|84.319|0000000037B5|7
10.6172588832|7|32.264|230.599|0000000037BA|7
31.7552238806|3|33.393|5.367|0000000037D3|7
36.3630252101|3|36.325|0.003|0000000037D7|7
39.0385321101|4|33.741|55.884|00000000534D|7
32.9860465116|5|31.511|39.609|00000000C16C|7
29.4591549296|3|33.984|40.942|00000000C17D|7
26.2421052632|3|27.347|2.443|00000000DB45|7
44.6103092784|3|41.907|14.621|00000000DB57|7
28.5735849057|4|33.457|25.545|00000000DB5E|7
32.2363636364|4|35.821|17.251|00000000F621|7
34.8967741935|2|34.897|0.000|00000000F628|7
34.3161290323|7|35.665|18.773|00000001303B|7
27.6311688312|6|32.758|52.430|0000000179CE|7
28.4789808917|5|31.965|120.750|000000018B71|7
26.1|4|30.295|49.671|000000019F49|7
17.1035573123|2|17.104|0.000|0000000267AB|7
17.1442622951|2|17.144|0.000|0000000267AD|7
22.8301507538|4|20.026|23.007|000000029691|7
