33.505511811|2|33.506|0.000|000000002A91|7
15.1280898876|2|15.128|0.000|000000002A94|7
37.9578947368|6|33.326|62.972|000000002A99|7
24.4474576271|2|24.447|0.000|000000002A9C|7
24.7395348837|4|35.689|121.106|000000002AA1|7
24.4474576271|5|30.243|70.842|000000002AB0|7
32.9860465116|3|35.039|8.429|000000002AC5|7
28.6569536424|5|35.848|163.376|000000002AC7|7
23.1260869565|3|27.967|46.871|000000002AC8|7
37.3263157895|2|37.326|0.000|000000002ACB|7
29.1452054795|3|35.827|89.299|000000002ACF|7
42.4235294118|3|45.301|16.554|000000002AD4|7
33.505511811|3|36.254|15.103|000000002ADD|7
32.7867768595|2|32.787|0.000|000000002AE7|7
35.468852459|3|36.086|0.762|000000003ADC|7
32.2925373134|2|32.293|0.000|000000003ADE|7
33.505511811|5|36.057|5.522|000000003AF6|7
49.4790697674|4|37.306|174.465|000000003B03|7
10.5326732673|5|29.196|267.926|000000003B11|7
26.7111111111|4|27.953|4.675|000000003B18|7
37.3263157895|4|39.121|13.202|000000003B26|7
25.2687898089|3|31.613|80.486|000000003B2E|7
30.6893617021|5|31.671|106.176|000000003B2F|7
31.6909090909|3|37.871|76.377|000000003B4B|7
24.3209302326|7|31.920|72.921|0000000057F3|7
36.6947368421|6|32.387|105.127|00000000593B|7
35.7538461538|7|36.680|44.525|00000000595D|7
29.4367346939|4|33.926|57.773|00000000596C|7
32.4824427481|4|36.077|13.040|00000000597E|7
31.4857142857|7|30.178|36.751|00000000C5EA|7
10.5066666667|6|30.382|254.006|00000000C608|7
37.9928571429|4|42.013|16.928|00000000C637|7
38.8384615385|6|38.540|103.724|00000000C647|7
20.0716981132|3|23.046|17.689|00000000C650|7
48.9103448276|2|48.910|0.000|00000000C66C|7
34.8786885246|2|34.879|0.000|00000000C693|7
29.05|3|27.586|4.286|00000000DFE8|7
27.55|4|34.690|66.571|00000000E035|7
39.6990825688|3|35.311|38.511|00000000E03F|7
33.505511811|7|33.211|75.052|00000000E04F|7
29.55|3|28.769|1.221|00000000E053|7
36.3692307692|8|33.596|70.787|00000000E05E|7
23.7758241758|3|24.325|0.603|00000000E075|7
39.8526315789|3|35.949|30.483|00000000E07F|7
39.7682242991|3|38.987|1.220|00000000E0B2|7
11.5392|7|32.311|201.157|00000000FB2C|7
43.8680412371|7|40.523|87.926|00000000FB85|7
18.3413793103|6|29.504|130.187|00000000FB99|7
36.3692307692|7|31.070|78.323|000000013523|7
34.8|10|24.236|63.787|0000000164CC|7
45.9692307692|6|35.765|101.499|000000016E30|7
41.6076923077|5|34.480|69.881|000000017D43|7
23.7556886228|6|30.656|86.081|000000018E96|7
36.3692307692|8|35.647|38.911|00000001A2B2|7
42.4235294118|6|33.277|102.123|00000001B871|7
12.9731707317|3|15.057|8.686|000000026841|7
17.8789915966|2|17.879|0.000|000000026842|7
10.9272727273|2|10.927|0.000|000000026844|7
15.1430604982|2|15.143|0.000|00000002684A|7
17.2975609756|6|18.294|0.903|0000000277A7|7
19.8255924171|3|20.980|2.666|0000000282F5|7
13.0527607362|5|16.736|37.569|0000000282F9|7
16.8677419355|6|16.875|7.124|000000028C3B|7
22.3957894737|3|18.640|28.208|000000028C43|7
17.5764705882|7|17.199|5.250|00000002B3CE|7
24.8842105263|5|19.687|20.617|00000002B828|7
