21.6|3|32.675|245.329|00000000258D|7
51.0146341463|2|51.015|0.000|000000002596|7
35.7538461538|5|38.947|98.709|000000002598|7
43.8680412371|2|43.868|0.000|000000002599|7
29.4367346939|2|29.437|0.000|0000000025A7|7
51.5142857143|3|41.059|218.646|0000000025AA|7
12.5426086957|5|32.361|276.453|0000000025AE|7
25.5073170732|2|25.507|0.000|0000000025B1|7
46.0340425532|4|39.291|121.338|000000004DCF|7
39.7682242991|5|39.819|32.958|000000004DE6|7
34.3161290323|4|34.329|32.999|000000004DEB|7
23.5173913043|10|32.245|65.863|00000000A743|7
39.0953271028|4|39.765|1.270|00000000B184|7
31.5854014599|4|38.266|149.085|00000000BDCE|7
40.4411214953|2|40.441|0.000|00000000BDE4|7
35.7538461538|2|35.754|0.000|00000000BDFB|7
37.4|3|37.041|0.258|00000000D798|7
34.6604651163|4|33.033|36.221|00000000F216|7
39.6990825688|4|38.536|1.874|00000000F21A|7
24.4474576271|4|28.017|31.023|00000000F239|7
27.9947368421|9|29.404|60.887|000000018908|7
20.9615763547|4|20.147|6.556|0000000282C6|7
13.6936708861|4|15.669|15.085|000000028555|7
13.3127516779|3|14.899|5.032|000000028A9B|7
