29.05|4|27.399|25.905|0000000023ED|7
41.7176470588|2|41.718|0.000|0000000023F1|7
10.35215311|6|29.843|231.009|0000000023FF|7
40.9153846154|2|40.915|0.000|000000002401|7
29.1452054795|2|29.145|0.000|000000002403|7
33.505511811|3|38.734|54.676|000000002406|7
22.4903225806|2|22.490|0.000|000000002417|7
29.4832116788|2|29.483|0.000|000000002418|7
27.9947368421|2|27.995|0.000|000000002419|7
35.1529411765|2|35.153|0.000|00000000241B|7
39.0385321101|3|39.399|0.260|0000000033BF|7
35.7732283465|3|34.257|4.599|0000000033E4|7
36.3692307692|3|34.488|7.081|0000000033F6|7
55.4048780488|6|40.172|154.544|00000000497A|7
34.0724409449|4|39.425|35.956|000000004985|7
31.2179104478|4|34.305|22.283|00000000498E|7
30.05|8|30.066|102.897|000000004994|7
37.35|3|35.338|25.402|0000000049AC|7
34.8786885246|6|34.951|79.173|0000000049B3|7
30.05|6|27.808|17.424|000000008B0B|7
45.4695652174|9|27.914|130.993|000000008B3F|7
30.4732394366|3|32.526|8.432|00000000BA7F|7
29.4832116788|5|32.283|162.511|00000000BA80|7
31.6909090909|2|31.691|0.000|00000000BA98|7
39.9214285714|2|39.921|0.000|00000000BB0A|7
10.7108910891|8|29.067|151.258|00000000D36D|7
29.05|7|33.880|115.419|00000000D3D4|7
36.6827586207|6|30.865|43.323|00000000D3EA|7
39.0953271028|3|36.657|11.894|00000000D3FA|7
37.35|3|42.458|177.406|00000000D414|7
39.7682242991|3|37.484|10.439|00000000D415|7
47.8112359551|3|41.550|78.412|00000000D449|7
43.8680412371|3|39.942|30.829|00000000D45B|7
28.4684210526|8|33.059|99.730|00000000EE3E|7
37.9928571429|6|40.784|37.449|00000000EE52|7
29.9661971831|5|27.104|21.039|000000010AB6|7
35.4857142857|7|36.024|70.819|0000000145A3|7
45.4695652174|4|35.955|94.486|000000015F2D|7
21.3829145729|9|26.394|70.986|000000017543|7
29.9661971831|7|32.797|61.036|00000001754F|7
32.5180327869|5|27.785|71.166|0000000186D9|7
36.3692307692|8|30.568|57.169|000000019989|7
40.4411214953|10|31.735|69.902|000000019A18|7
43.7090909091|6|34.725|68.969|00000001AE78|7
28.9576642336|8|34.887|113.708|00000001AE7B|7
43.1257731959|8|32.452|90.543|00000001AE86|7
34.8786885246|11|26.788|73.821|00000001C41D|7
27.1636363636|8|26.797|14.811|00000001DB92|7
15.9969924812|2|15.997|0.000|0000000266E3|7
10.4774818402|2|10.477|0.000|0000000266E4|7
14.7956043956|2|14.796|0.000|000000026A10|7
16.621875|2|13.547|9.453|000000026A11|7
13.6384615385|3|14.748|2.460|000000026A1A|7
10.89375|4|13.358|8.341|0000000274C1|7
14.0435643564|3|14.543|0.499|0000000289E5|7
13.4597938144|4|12.253|1.574|000000029505|7
12.3282051282|5|15.117|6.529|00000002AE3F|7
