41.7176470588|7|33.926|189.981|000000002138|7
27.1031847134|4|29.294|40.410|00000000215D|7
32.2363636364|2|32.236|0.000|000000002169|7
28.5583892617|3|24.411|34.394|000000002175|7
40.8989690722|4|36.407|55.791|000000002176|7
11.0953846154|6|34.843|355.769|000000002183|7
16.6661354582|2|16.666|0.000|00000000218C|7
34.4181818182|2|34.418|0.000|00000000218F|7
34.9714285714|3|38.759|28.694|000000002192|7
26.2666666667|3|29.575|21.886|000000002195|7
44.6103092784|3|43.048|4.882|00000000219C|7
40.9153846154|2|40.915|0.000|00000000219D|7
28.5583892617|2|28.558|0.000|00000000219E|7
31.0598540146|2|31.060|0.000|0000000021A0|7
41.6076923077|2|41.608|0.000|0000000021A4|7
41.7176470588|2|41.718|0.000|0000000021AC|7
33.2|5|35.217|25.383|0000000030BA|7
34.3161290323|3|31.888|11.796|0000000030DD|7
32.9385826772|3|36.422|24.271|0000000030E7|7
43.1217391304|7|41.022|89.384|000000003105|7
10.9107692308|5|27.956|229.799|000000003115|7
27.6311688312|3|30.104|12.233|000000003121|7
30.6129496403|3|30.797|0.068|000000003128|7
35.7579831933|3|36.951|2.846|00000000312E|7
33.505511811|7|35.056|130.149|000000004408|7
33.505511811|3|38.157|43.268|00000000440E|7
41.7176470588|6|39.474|77.937|00000000440F|7
36.3692307692|4|30.142|39.758|000000004440|7
35.2062992126|4|34.516|4.519|000000004465|7
37.9578947368|4|38.418|2.648|00000000659E|7
31.2377952756|10|31.644|102.593|00000000A40E|7
39.2615384615|6|40.153|7.828|00000000AFC4|7
32.2363636364|2|32.236|0.000|00000000B6CF|7
31.8047244094|6|36.105|113.912|00000000B6D7|7
35.7579831933|2|35.758|0.000|00000000B6EE|7
27.9947368421|2|27.995|0.000|00000000B72A|7
27.2150943396|5|31.233|71.429|00000000CF52|7
39.7682242991|3|34.466|56.237|00000000CF61|7
37.35|3|35.589|146.153|00000000CF65|7
37.9928571429|3|35.641|11.060|00000000CF8A|7
47.0347826087|3|43.115|30.724|00000000CF9F|7
30.7534883721|4|33.502|12.058|00000000CFA2|7
36.9846153846|6|30.597|138.812|00000000CFA9|7
34.8786885246|3|36.052|2.755|00000000CFC9|7
30.6893617021|3|31.944|3.147|00000000CFDB|7
27.5210526316|3|27.483|0.003|00000000CFDC|7
32.9385826772|3|35.089|9.250|00000000CFF4|7
34.0724409449|4|28.972|43.890|00000000E9DD|7
41.7176470588|5|35.229|121.480|00000000E9E4|7
34.2885245902|4|31.224|34.718|000000010627|7
26.2666666667|6|29.647|26.220|000000012392|7
24.5965317919|9|30.562|135.223|0000000169CE|7
37.9578947368|9|34.711|120.302|0000000171E6|7
11.0084210526|6|26.890|187.612|0000000171FF|7
31.6909090909|5|29.710|46.705|000000017201|7
29.55|3|34.329|45.669|000000017214|7
30.4732394366|5|27.458|81.566|000000017234|7
28.9469387755|4|29.508|47.774|000000018371|7
25.8222222222|5|36.489|156.267|00000001837C|7
24.9|1|24.900|0.000|000000026662|7
11.9179487179|2|11.918|0.000|000000026665|7
18.2582278481|3|17.979|0.156|000000026666|7
14.6265734266|2|14.627|0.000|000000026668|7
15.1018050542|2|15.102|0.000|00000002666C|7
18.5097345133|2|18.510|0.000|00000002666F|7
16.4293436293|3|15.406|2.096|00000002697D|7
25.7571428571|3|20.738|50.377|0000000288F4|7
