54.5268292683|4|55.146|1.482|000000002EC4|7
39.0953271028|2|39.095|0.000|000000002ECC|7
11.7223140496|3|23.683|286.092|000000002ED3|7
39.7682242991|3|41.794|8.206|000000002ED4|7
37.3263157895|5|39.497|69.855|000000003FCD|7
35.4214285714|3|39.135|27.588|000000003FD5|7
10.7726582278|4|24.669|194.322|000000003FD6|7
32.9385826772|2|32.939|0.000|000000006117|7
11.5630434783|5|30.035|253.939|00000000616C|7
48.3545454545|6|46.535|41.561|00000000820A|7
42.1306930693|4|38.144|152.222|00000000CBFF|7
34.0724409449|5|35.099|78.726|00000001027B|7
42.9818181818|7|43.309|14.010|000000018129|7
10.5370277078|7|33.076|205.476|0000000193D1|7
48.9103448276|5|41.921|58.825|00000001A81E|7
10.1073634204|2|10.107|0.000|000000026C75|7
18.7079497908|2|18.708|0.000|000000028DA6|7
19.0816143498|5|17.089|16.740|000000028DA8|7
13.0731117825|7|15.800|14.259|00000002B4E1|7
