32.4279069767|3|36.786|37.985|000000002A66|7
10.9953488372|5|29.310|292.019|000000002A89|7
35.1529411765|2|35.153|0.000|000000002A8A|7
32.9860465116|4|40.801|61.904|000000002A8B|7
33.505511811|2|33.506|0.000|000000002A91|7
15.1280898876|2|15.128|0.000|000000002A94|7
37.9578947368|6|33.326|62.972|000000002A99|7
24.4474576271|2|24.447|0.000|000000002A9C|7
24.7395348837|2|24.740|0.000|000000002AA1|7
30.1787234043|3|33.415|20.953|000000002AA5|7
24.4474576271|3|31.898|111.030|000000002AB0|7
32.9860465116|2|32.986|0.000|000000002AC5|7
37.3263157895|2|37.326|0.000|000000002ACB|7
35.468852459|3|36.086|0.762|000000003ADC|7
32.2925373134|2|32.293|0.000|000000003ADE|7
35.4214285714|7|35.202|70.327|000000003AE1|7
29.9661971831|5|38.436|66.911|000000003AEB|7
33.505511811|5|36.057|5.522|000000003AF6|7
49.4790697674|4|37.306|174.465|000000003B03|7
26.7111111111|3|26.704|0.000|000000003B18|7
37.3263157895|3|37.033|0.172|000000003B26|7
24.3209302326|7|31.920|72.921|0000000057F3|7
39.0385321101|4|32.660|44.748|000000005879|7
31.7552238806|6|33.322|80.391|0000000058F3|7
35.7579831933|4|35.004|1.063|000000005913|7
36.6947368421|5|30.019|92.499|00000000593B|7
35.7538461538|5|38.483|47.883|00000000595D|7
29.4367346939|4|33.926|57.773|00000000596C|7
32.4824427481|2|32.482|0.000|00000000597E|7
17.2975609756|3|23.880|86.659|00000000C5E4|7
31.4857142857|6|29.452|39.186|00000000C5EA|7
32.7818181818|8|40.958|119.630|00000000C5F2|7
10.5066666667|5|30.296|304.762|00000000C608|7
37.9928571429|3|40.260|10.277|00000000C637|7
38.8384615385|3|42.077|20.975|00000000C647|7
20.0716981132|2|20.072|0.000|00000000C650|7
27.1031847134|6|32.946|159.219|00000000DF95|7
34.3161290323|3|30.056|36.294|00000000DFDE|7
29.05|3|27.586|4.286|00000000DFE8|7
27.55|4|34.690|66.571|00000000E035|7
39.6990825688|3|35.311|38.511|00000000E03F|7
33.505511811|6|34.383|77.947|00000000E04F|7
29.55|3|28.769|1.221|00000000E053|7
36.3692307692|6|34.573|71.208|00000000E05E|7
23.7758241758|3|24.325|0.603|00000000E075|7
39.8526315789|3|35.949|30.483|00000000E07F|7
51.8926829268|4|35.998|258.489|00000000FB07|7
24.7395348837|7|32.053|158.610|00000000FB12|7
31.5854014599|6|35.700|204.102|00000000FB15|7
18.3413793103|5|26.923|116.271|00000000FB99|7
41.0117647059|5|35.000|84.807|0000000117C5|7
36.3692307692|5|30.966|93.430|000000013523|7
43.1257731959|9|37.517|101.451|00000001530D|7
12.02|10|34.862|221.390|000000018E3D|7
23.7556886228|6|30.656|86.081|000000018E96|7
39.4641509434|4|30.639|94.704|000000018EA3|7
36.3692307692|8|35.647|38.911|00000001A2B2|7
42.4235294118|6|33.277|102.123|00000001B871|7
18.8514522822|4|17.024|11.637|00000002683B|7
12.9731707317|2|12.973|0.000|000000026841|7
17.8789915966|2|17.879|0.000|000000026842|7
10.9272727273|2|10.927|0.000|000000026844|7
17.2975609756|5|18.107|0.875|0000000277A7|7
13.0527607362|4|17.773|41.589|0000000282F9|7
18.6631578947|5|17.568|3.823|000000028BE4|7
16.8677419355|4|18.084|4.809|000000028C3B|7
22.3957894737|3|18.640|28.208|000000028C43|7
18.6631578947|4|17.332|4.404|0000000291D4|7
17.5764705882|6|17.165|6.117|00000002B3CE|7
24.8842105263|5|19.687|20.617|00000002B828|7
