18.2582278481|3|21.495|20.956|000000002639|7
39.7682242991|4|47.766|65.071|00000000263D|7
25.3527272727|2|25.353|0.000|00000000263E|7
40.9153846154|5|42.045|52.457|000000002646|7
31.7552238806|2|31.755|0.000|000000002652|7
28.9576642336|2|28.958|0.000|000000002655|7
39.4641509434|2|39.464|0.000|00000000265A|7
41.6412371134|7|34.585|64.203|000000003664|7
15.7263157895|4|28.894|194.001|000000003668|7
40.1433962264|2|40.143|0.000|000000004F89|7
25.9463414634|3|28.161|9.807|000000004FA1|7
40.1433962264|8|33.601|67.436|0000000070C2|7
42.1306930693|9|36.630|101.134|0000000090FB|7
10.6319410319|8|34.553|257.373|00000000B1A7|7
45.6|5|38.716|53.174|00000000B1AC|7
10.7726582278|6|32.233|254.560|00000000D912|7
24.3209302326|4|26.960|11.328|00000000F38F|7
45.9692307692|6|32.525|173.764|00000001100B|7
34.0724409449|3|37.637|25.408|00000001101D|7
29.4591549296|9|27.926|50.474|000000012D7F|7
43.8680412371|10|37.107|75.103|000000017842|7
41.6076923077|8|35.343|114.339|000000017859|7
48.9103448276|5|37.930|197.604|000000018A02|7
11.7586956522|2|11.759|0.000|000000026769|7
16.4930232558|6|16.428|12.898|000000026F80|7
11.2385269122|4|12.313|4.329|000000026FA7|7
13.9468531469|2|13.947|0.000|000000028AD5|7
