41.7176470588|3|44.836|19.449|000000002F01|7
42.2042553191|4|31.173|159.160|000000004004|7
12.3339130435|8|31.954|174.991|0000000061D3|7
40.5642857143|4|42.705|8.719|0000000061E2|7
34.2885245902|3|32.889|3.916|00000000A222|7
22.8952380952|4|27.088|100.848|00000000CC64|7
34.3161290323|3|38.009|27.276|00000000E6E6|7
34.5951219512|3|35.896|3.382|00000000E6F6|7
40.4411214953|5|46.007|22.416|000000011FE0|7
36.9846153846|7|46.453|150.950|000000019439|7
17.6093023256|2|17.609|0.000|000000026928|7
14.5228668942|2|14.523|0.000|000000026C84|7
13.8155844156|4|12.744|2.129|000000026C86|7
