34.3161290323|4|43.401|83.534|000000002E96|7
39.7682242991|2|39.768|0.000|000000002EA0|7
13.8155844156|2|13.816|0.000|000000002EAD|7
11.8229508197|5|30.035|233.744|000000002EAE|7
43.8680412371|2|43.868|0.000|000000002EB0|7
39.7682242991|2|39.768|0.000|000000002EB2|7
40.1433962264|6|45.229|69.406|0000000060D4|7
11.2150134048|5|22.835|212.909|0000000060E7|7
12.7783783784|8|35.035|198.930|0000000060EA|7
10.3582245431|6|27.417|333.072|00000000E673|7
52.7707317073|4|44.858|71.772|00000001024B|7
43.8680412371|6|42.357|14.932|000000018125|7
46.252173913|5|38.485|46.669|0000000193B4|7
19.9774647887|3|18.790|2.820|0000000272F0|7
13.9058823529|2|13.906|0.000|00000002834F|7
18.896069869|3|17.731|2.715|000000028812|7
19.8255924171|5|19.454|5.523|00000002883B|7
17.1152542373|4|15.480|2.677|00000002933D|7
10.2056603774|4|10.907|1.189|000000029350|7
15.0360424028|6|15.964|9.566|00000002B937|7
