51.5142857143|5|43.080|115.146|000000002715|7
37.9928571429|2|37.993|0.000|000000002723|7
11.8931937173|5|29.637|224.467|000000002732|7
32.5180327869|3|33.971|4.222|000000002738|7
24.4474576271|2|24.447|0.000|00000000273D|7
44.5021276596|3|43.757|1.112|00000000273F|7
31.7552238806|2|31.755|0.000|000000002741|7
38.8307692308|2|38.831|0.000|000000002744|7
37.3263157895|5|40.384|59.895|000000003736|7
34.8|4|29.287|121.163|000000003752|7
24.4631578947|7|32.478|72.302|0000000051E0|7
25.1786982249|5|30.690|34.312|0000000051FF|7
38.9837837838|7|31.461|74.742|000000005209|7
34.8786885246|4|30.820|27.462|00000000521C|7
42.9818181818|10|40.748|126.856|0000000092B7|7
31.9935483871|3|36.600|42.439|00000000B1F2|7
33.1620437956|3|36.046|16.631|00000000C08F|7
26.7111111111|3|29.400|14.459|00000000DA6E|7
35.468852459|3|34.029|4.145|00000000DA87|7
36.9846153846|3|32.483|40.526|00000000DA89|7
28.0751677852|5|39.143|101.761|00000000F4FC|7
33.505511811|4|32.894|28.185|00000000F544|7
18.0305084746|4|25.589|71.402|000000011193|7
44.325|3|37.303|98.626|000000017936|7
34.8786885246|4|27.400|60.902|000000018AD9|7
43.8680412371|7|38.667|46.699|000000018AED|7
41.0117647059|6|33.958|96.747|000000019EAA|7
18.4207792208|2|18.421|0.000|000000026799|7
12.3763313609|3|13.938|4.879|000000028B26|7
