21.2576368876|5|29.629|49.591|00000000E308|22
19.021875|5|28.834|54.255|00000000FEEB|22
19.309947644|6|23.196|24.966|00000001389F|22
17.8618705036|10|27.388|123.363|000000015694|22
18.8173469388|14|30.153|131.608|000000016698|22
20.3465181058|5|34.085|126.128|000000016F18|22
22.3005988024|5|28.793|84.604|000000016F1C|22
13.3630434783|5|29.898|190.028|000000016F1E|22
15.8577181208|7|24.773|105.194|0000000190E9|22
16.4061674009|7|25.585|57.455|000000019127|22
19.3057934509|8|22.745|72.257|00000001BAEB|22
22.5577981651|9|22.408|23.419|00000001D177|22
