21.2576368876|4|27.873|46.566|00000000E308|22
19.021875|4|27.405|57.613|00000000FEEB|22
17.8100502513|9|29.894|109.510|000000011A9B|22
19.309947644|6|23.196|24.966|00000001389F|22
17.8618705036|10|30.460|102.296|000000015694|22
20.3465181058|5|34.085|126.128|000000016F18|22
22.3005988024|5|28.793|84.604|000000016F1C|22
13.3630434783|5|29.898|190.028|000000016F1E|22
15.8577181208|7|24.773|105.194|0000000190E9|22
16.4061674009|7|25.585|57.455|000000019127|22
17.9038834951|11|25.732|91.907|00000001D165|22
15.6611464968|4|16.667|8.721|000000029257|22
