17.1712230216|5|28.762|106.160|00000000E040|22
17.0443935927|4|22.884|64.818|00000000E0C2|22
19.8290322581|9|22.965|190.912|000000016E2D|22
13.3630434783|5|22.463|166.189|000000016E56|22
21.9610315186|5|33.712|141.259|000000017D56|22
14.0007518797|11|26.197|100.056|000000018EFA|22
22.5444444444|8|29.234|56.743|00000001A356|22
14.2676982592|9|23.660|94.406|00000001CF31|22
14.8120481928|8|14.660|3.840|000000029D8A|22
11.6900158479|6|14.602|7.765|00000002A952|22
19.07154047|4|15.759|11.230|00000002B38C|22
