000000011878,15.2545454545,1477910294
00000002816A,16.5340720222,1477910594
000000009AB6,22.7816793893,1477910480
00000000AB6E,20.3020408163,1477910369
000000028179,11.8664015905,1477910392
000000009ACC,21.8869565217,1477910548
000000009AA9,21.7594095941,1477910330
000000029807,13.1036876356,1477910393
000000017D55,24.3669421488,1477910826
000000009AFA,19.0089171975,1477910789
000000009A8B,18.7602484472,1477910369
000000009A36,19.6342105263,1477910136
00000000FB02,20.0026490066,1477910601
00000000FB0D,12.9885462555,1477910157
00000001E78B,18.3610942249,1477910759
0000000153E3,12.808583691,1477910150
000000009A88,21.0169014085,1477910174
00000000AB5D,18.873089701,1477910320
000000016563,17.8706586826,1477910112
00000001E6F7,20.4410958904,1477910463
00000002C488,20.6181818182,1477910178
000000009AF8,18.5366459627,1477910790
000000011838,22.8689655172,1477910604
00000001E761,20.9024221453,1477910470
000000007A6C,20.0026490066,1477910322
00000001F6DF,20.1945205479,1477910141
0000000135CC,18.829022082,1477910425
000000009A9C,18.5366459627,1477910269
000000009AFD,19.0089171975,1477910790
000000007A79,17.607079646,1477910540
000000007AA5,13.5443946188,1477910226
00000001361B,16.4715083799,1477910794
000000016575,20.3804560261,1477910539
000000015405,21.135483871,1477910295
0000000277E4,15.7668449198,1477910595
00000001540C,18.829022082,1477910333
000000027E42,14.8909090909,1477910740
000000027E40,12.3106471816,1477910254
00000001E731,23.2249027237,1477910282
000000009A89,22.506870229,1477910140
