000000016A45,17.4770949721,1477873787
000000028047,10.6440433213,1477873607
00000002BA38,19.3165048544,1477874222
000000015E81,18.829022082,1477874072
00000002C32C,21.7294964029,1477873665
00000001DA0A,20.5463414634,1477874124
000000016AA2,16.7522727273,1477873691
00000000A562,20.6876712329,1477873804
00000000A565,21.7047272727,1477873877
000000010741,20.7633802817,1477873604
000000010958,19.7879194631,1477874241
00000002745C,17.9780487805,1477874083
00000001D9F9,16.9936599424,1477873883
0000000089E1,10.5829787234,1477873982
0000000089C1,20.4410958904,1477873614
0000000089F4,20.1255972696,1477873964
0000000108EE,22.4565055762,1477873960
000000008A1A,22.1888475836,1477874244
0000000089E3,16.4883977901,1477873951
000000019864,14.7377777778,1477873575
00000001DA42,14.847761194,1477874117
000000008966,15.293164557,1477873620
00000001F066,17.3511627907,1477873617
0000000089EF,16.5049180328,1477874010
0000000068BE,21.6794117647,1477873618
00000001988D,21.4212765957,1477873968
000000006874,14.697810219,1477873537
000000008A09,16.5176470588,1477874132
0000000089BE,19.1926380368,1477873634
0000000089BD,21.5460674157,1477873554
0000000089E9,18.2532110092,1477873966
00000000B046,15.6251308901,1477873567
00000000A55E,22.3550561798,1477873776
00000001F089,13.4130337079,1477874134
000000012632,13.3411764706,1477874038
000000008A0A,17.4526315789,1477874105
