000000008CCA,20.5113402062,1477878166
000000008CCE,14.9969849246,1477878193
000000027B89,13.089539749,1477878348
000000027B85,15.5843342037,1477878157
000000008CF6,20.6876712329,1477878675
000000008D37,20.3020408163,1477878743
00000001289E,19.6342105263,1477878639
000000008CFF,23.2249027237,1477878445
000000008CC2,18.5366459627,1477878070
000000014781,21.3935483871,1477878713
000000027B5D,11.6806262231,1477878604
000000012977,21.8079422383,1477878564
00000000A697,19.3165048544,1477878557
000000008CB1,19.8710526316,1477878472
00000000A681,19.8299003322,1477878206
000000014719,22.2088235294,1477878085
000000008CE5,19.3165048544,1477878268
00000001875F,20.5469387755,1477878715
0000000128A1,20.1648648649,1477878182
00000000D529,20.7587628866,1477878708
000000008CDB,17.607079646,1477878249
00000000A693,17.7614457831,1477878535
000000008D09,20.4410958904,1477878431
000000006C0C,12.6907563025,1477878032
0000000216DD,11.8194059406,1477878141
000000008D16,21.9441176471,1477878570
000000008CF0,16.0675749319,1477878457
