00000001463D,17.3511627907,1477877811
00000001F178,19.5495145631,1477877357
00000001AE99,17.2011527378,1477877206
000000008C35,18.4733944954,1477877291
0000000146CE,20.6532871972,1477877790
00000000D414,21.0169014085,1477877358
000000008C53,14.7336585366,1477877531
000000027B6A,13.4735891648,1477877282
0000000274EC,10.2386440678,1477877555
000000008C42,17.3511627907,1477877405
00000001DC65,13.6669683258,1477877601
000000008C78,21.7839416058,1477877660
000000008C70,14.175,1477877718
000000008C6F,21.0480836237,1477877626
00000000A665,18.5020771513,1477877753
000000006B91,18.3700934579,1477877232
0000000146AE,20.0571428571,1477877570
00000001DC46,21.0169014085,1477877318
00000001288B,15.423255814,1477877107
000000008C4C,14.1106382979,1477877485
000000008C7C,21.9441176471,1477877680
000000008C7A,22.4565055762,1477877685
000000018694,21.7839416058,1477877681
000000006B8A,20.4410958904,1477877192
00000001DC57,21.5480144404,1477877403
000000008C15,18.4222222222,1477877394
000000008C1C,18.5366459627,1477877102
000000006B86,11.8647887324,1477877152
000000014690,19.7642384106,1477877446
