000000009AB6,12.6907563025,1477911910
000000009C2E,13.1182417582,1477912396
000000009C12,18.4792569659,1477912179
00000000AC09,19.2078175896,1477912348
000000009C28,19.1307692308,1477912315
00000001198D,16.2,1477911944
000000027E8C,13.8487238979,1477912255
000000009C56,19.6342105263,1477912551
00000000ABF5,19.6342105263,1477912074
000000027E81,13.0894736842,1477912385
00000001556A,17.4526315789,1477912433
00000001F74B,19.8545454545,1477912084
000000029E29,16.0021447721,1477911952
000000011A43,21.2880866426,1477912493
00000000AC27,21.4705035971,1477912561
000000009C3C,20.3393939394,1477912402
000000029852,10.9605947955,1477912106
000000009C58,21.3652173913,1477912570
000000009BED,13.9833333333,1477912002
00000001D078,21.9211895911,1477912287
00000002A465,11.7960474308,1477911969
00000001F7B9,17.9785714286,1477912586
0000000119C6,17.8194690265,1477912055
000000009C63,21.5480144404,1477912590
000000009C60,19.3615384615,1477912619
000000015555,19.7375394322,1477911901
000000007ACB,19.1307692308,1477912041
000000027E71,21.6270676692,1477911938
000000009BDE,16.4599455041,1477911941
00000001D059,18.6444444444,1477912356
000000013752,18.7602484472,1477912606
000000009C06,18.1951807229,1477912098
00000001CFFF,20.1648648649,1477912073
00000001D0B0,17.6116618076,1477912506
00000001D0B5,16.9568181818,1477912595
