34.8923076923|2|34.892|0.000|0000000071CA|14
32.3037433155|4|28.448|93.267|0000000091D2|14
36.8444444444|4|32.465|113.336|0000000091E3|14
48.7161290323|5|38.435|156.883|0000000091E8|14
33.7220338983|4|30.411|109.051|0000000091ED|14
23.0564885496|3|28.204|52.990|0000000091FE|14
29.7818181818|4|28.628|119.944|00000000921B|14
25.977092511|3|30.828|47.058|00000000A813|14
36.6260869565|7|34.157|45.669|00000000F3F8|14
13.5631578947|9|30.347|172.882|00000001109C|14
41.2363636364|6|36.567|31.886|0000000110BD|14
29.6530805687|6|38.181|44.551|000000014C27|14
19.3792207792|5|33.088|154.369|000000014C32|14
40.0590604027|4|40.948|1.329|000000014C35|14
24.8592592593|4|30.010|38.752|0000000178BB|14
24.2769230769|9|26.089|95.106|00000001B2D2|14
37.5592356688|6|36.091|110.414|00000001E0BB|14
30.7670103093|9|29.774|77.162|00000001F39B|14
15.6029925187|3|17.577|7.796|000000027C86|14
11.6393063584|5|12.699|2.618|000000029647|14
16.6726256983|4|14.141|7.372|00000002A281|14
18.856097561|4|16.536|5.401|00000002A298|14
11.2406779661|10|14.561|13.103|00000002BB54|14
