20.0026490066|6|24.980|39.026|000000007A6C|14
17.607079646|3|18.762|2.669|000000007A79|14
13.5443946188|3|17.285|27.987|000000007AA5|14
19.6342105263|5|26.273|191.886|000000009A36|14
21.0169014085|3|25.482|39.880|000000009A88|14
22.506870229|4|25.499|171.409|000000009A89|14
18.7602484472|4|24.623|91.630|000000009A8B|14
18.5366459627|3|28.877|213.862|000000009A9C|14
21.7594095941|3|28.995|104.702|000000009AA9|14
22.7816793893|3|27.915|52.698|000000009AB6|14
21.8869565217|4|24.486|152.058|000000009ACC|14
18.5366459627|3|27.711|168.350|000000009AF8|14
19.0089171975|3|27.575|146.762|000000009AFA|14
19.0089171975|3|27.370|139.817|000000009AFD|14
18.873089701|3|28.877|200.172|00000000AB5D|14
20.3020408163|4|25.612|80.890|00000000AB6E|14
20.0026490066|5|22.956|57.113|00000000FB02|14
12.9885462555|10|25.688|109.912|00000000FB0D|14
22.8689655172|6|25.633|197.768|000000011838|14
15.2545454545|7|20.484|81.081|000000011878|14
18.829022082|4|21.323|31.672|0000000135CC|14
16.4715083799|3|23.698|104.431|00000001361B|14
12.808583691|9|20.466|60.404|0000000153E3|14
21.135483871|4|25.272|63.448|000000015405|14
18.829022082|4|23.708|57.834|00000001540C|14
17.8706586826|5|25.976|115.695|000000016563|14
20.3804560261|5|24.242|117.722|000000016575|14
24.3669421488|8|31.001|82.249|000000017D55|14
20.4410958904|6|22.556|14.889|00000001E6F7|14
23.2249027237|8|23.320|91.933|00000001E731|14
20.9024221453|5|26.399|109.561|00000001E761|14
18.3610942249|5|23.973|90.011|00000001E78B|14
20.1945205479|8|25.279|34.479|00000001F6DF|14
15.7668449198|4|14.648|2.297|0000000277E4|14
12.3106471816|3|14.158|6.825|000000027E40|14
14.8909090909|2|14.891|0.000|000000027E42|14
16.5340720222|3|14.380|9.277|00000002816A|14
11.8664015905|4|13.365|3.503|000000028179|14
13.1036876356|4|13.685|0.371|000000029807|14
20.6181818182|6|17.441|19.732|00000002C488|14
