34.7172413793|7|30.667|140.629|000000007EBE|14
38.0178343949|10|33.698|146.016|000000009E74|14
29.2588235294|4|26.844|89.230|000000009EBE|14
36.8444444444|4|28.761|109.362|000000009EF5|14
33.4465116279|3|30.685|15.249|00000000AD61|14
20.725|5|30.544|53.387|00000000E419|14
36.8444444444|9|29.418|129.144|000000011BE2|14
35.3101796407|5|33.514|110.355|0000000139FF|14
34.1288135593|5|31.243|89.139|000000015820|14
25.4172413793|7|29.160|128.766|0000000167BE|14
39.225974026|9|29.059|144.846|00000001EA5A|14
27.5551401869|10|32.906|143.939|00000001EA71|14
19.0696485623|2|19.070|0.000|0000000278C6|14
16.704815864|3|17.869|2.709|000000027F0E|14
13.1761589404|5|13.586|3.616|00000002979B|14
13.8550458716|2|13.855|0.000|000000029EC1|14
17.4589595376|5|15.764|13.430|00000002A818|14
