16.4429752066|3|17.057|0.755|000000007144|14
10.7375|6|26.065|130.722|00000000715F|14
31.0875|8|33.961|79.377|000000009100|14
23.6857142857|5|25.899|115.400|00000000917B|14
33.3452513966|4|29.722|104.630|00000000917F|14
31.0875|4|32.809|225.929|000000009195|14
26.325|3|26.598|151.536|00000000919D|14
16.0675749319|3|28.041|286.732|0000000091AA|14
27.0081447964|4|25.408|87.426|0000000091B3|14
32.8304347826|5|28.223|72.780|00000000A7E5|14
16.6872928177|5|24.543|161.687|000000014BD2|14
14.5289002558|3|13.297|3.036|000000027610|14
22.0029850746|5|17.249|18.316|00000002AEFE|14
16.3081967213|4|14.461|3.722|00000002C3CB|14
