22.1872340426|4|30.626|80.668|00000000674C|14
14.4523002421|3|24.930|219.548|000000008797|14
11.4803669725|8|24.060|179.786|00000000879F|14
12.2814814815|7|16.255|19.758|0000000087AF|14
18.1422492401|3|27.877|189.530|000000008805|14
16.9210084034|3|23.147|77.534|000000008824|14
20.9106382979|3|28.593|118.023|000000008849|14
24.462295082|4|24.740|106.787|00000000884E|14
20.7972125436|3|30.724|197.068|000000008884|14
10.9118829982|8|19.333|62.079|00000000A488|14
24.9619834711|5|24.720|112.905|00000000A4AB|14
20.9024221453|8|31.084|91.544|00000000B001|14
10.5240418118|4|18.326|109.257|00000000EB02|14
16.8267409471|5|25.000|44.974|00000000EB03|14
15.8516129032|7|29.108|104.265|00000000EB05|14
19.0561514196|7|27.589|38.993|000000010742|14
17.1025787966|7|30.904|173.993|00000001074B|14
22.9447470817|4|24.415|120.399|0000000124C9|14
17.8194690265|6|28.419|132.223|000000014236|14
18.5366459627|8|22.577|55.480|000000014256|14
18.5433962264|4|26.096|110.168|0000000142B2|14
19.8710526316|5|24.590|131.907|0000000142BD|14
23.4932270916|5|25.677|124.026|0000000142DA|14
17.0051282051|7|23.944|83.413|000000015D77|14
20.3020408163|13|27.757|85.807|0000000169EF|14
17.4526315789|6|25.895|88.394|0000000172A7|14
14.2523917995|9|27.780|104.563|0000000172D0|14
13.7529953917|13|28.095|104.984|000000019735|14
13.4432432432|19|28.606|123.882|00000001C081|14
22.506870229|6|26.986|189.511|00000001D90B|14
18.9|6|29.369|171.967|00000001EFC1|14
12.0825910931|6|12.025|0.793|000000027A0B|14
17.9780487805|3|16.223|6.161|000000027A6B|14
15.7904761905|3|16.478|0.945|000000027A78|14
23.1348837209|2|23.135|0.000|000000027A96|14
21.2704225352|4|20.005|1.922|000000028037|14
14.6294117647|5|16.679|3.821|000000029A52|14
11.5946257198|4|12.399|0.672|00000002A055|14
