13.0039215686|7|26.397|155.864|00000000963C|14
20.6193548387|3|26.648|72.699|0000000096A4|14
23.7826771654|4|27.183|205.867|0000000096A7|14
23.9710843373|4|24.912|117.220|0000000096AD|14
19.0176291793|3|23.041|32.370|0000000096AF|14
22.3550561798|4|30.851|75.334|0000000096B8|14
20.3020408163|3|29.830|181.565|0000000096C0|14
21.6794117647|4|25.825|209.038|0000000096F4|14
17.4526315789|3|29.858|307.775|000000009725|14
17.2011527378|4|23.665|59.450|00000000A9E4|14
17.1418604651|4|24.151|50.237|00000000DD4A|14
15.8136125654|5|25.783|157.561|0000000163D3|14
16.78|4|24.105|157.360|0000000163DD|14
17.4526315789|5|27.431|153.672|0000000163EB|14
18.9137614679|5|27.593|133.393|0000000163F1|14
20.0571428571|5|27.662|104.891|0000000163F5|14
14.3166666667|9|24.465|120.252|00000001E411|14
15.8323607427|6|22.959|116.447|00000001E44A|14
16.4883977901|6|25.359|114.203|00000001F572|14
13.3829596413|3|15.020|5.357|0000000276C8|14
14.0066508314|2|14.007|0.000|00000002771F|14
17.7081081081|3|16.813|1.601|00000002BC1F|14
