16.0675749319|3|28.041|286.732|0000000091AA|14
27.0081447964|4|25.408|87.426|0000000091B3|14
32.3037433155|4|28.448|93.267|0000000091D2|14
34.7023255814|4|31.984|127.643|0000000091D7|14
31.7604060914|6|28.293|101.068|0000000091D9|14
53.2928571429|4|41.345|225.820|0000000091DB|14
33.7220338983|4|30.411|109.051|0000000091ED|14
35.7443786982|6|32.411|107.127|00000000A7F9|14
36.6260869565|8|33.861|40.574|00000000F3F8|14
44.3744680851|5|40.382|144.998|000000014C06|14
35.3101796407|5|29.507|93.631|000000014C0B|14
10.9667953668|11|30.100|131.425|00000001B29A|14
37.5592356688|6|36.091|110.414|00000001E0BB|14
14.175|2|12.095|4.327|00000002761A|14
13.1761589404|3|12.197|1.918|00000002761C|14
15.6029925187|3|17.577|7.796|000000027C86|14
16.3081967213|4|14.461|3.722|00000002C3CB|14
