42.5408450704|7|37.411|12.850|00000000818B|14
37.3736842105|4|35.772|197.711|00000000A165|14
35.3183431953|4|30.407|104.177|00000000A17E|14
58.5176470588|4|47.633|259.835|00000000A17F|14
35.3183431953|4|37.786|304.147|00000000A185|14
50.1579831933|4|42.448|208.226|00000000AEAA|14
38.1261744966|6|38.226|181.642|00000000AEBF|14
23.8736842105|6|31.331|100.481|00000000E630|14
53.9357142857|6|41.598|168.115|000000015A84|14
49.5147540984|4|43.330|217.397|0000000168E9|14
39.2684210526|7|33.582|161.728|00000001FA45|14
16.2824797844|4|17.050|0.606|000000027F5D|14
12.9860045147|2|12.986|0.000|000000027F86|14
14.9889182058|3|14.246|1.104|000000029962|14
