11.1984990619|7|28.995|174.822|00000000863D|14
26.1506493506|3|28.264|8.929|00000000864D|14
14.6653562654|4|24.696|102.381|000000008657|14
20.4041522491|3|29.108|151.515|000000008667|14
23.9714285714|5|26.325|132.584|000000008669|14
16.3978021978|3|27.697|255.355|00000000866E|14
22.0853932584|5|26.707|143.088|000000008688|14
23.2157480315|4|27.113|52.316|000000008690|14
17.4979228487|3|28.759|253.642|000000008693|14
21.1659574468|4|25.316|107.123|00000000869A|14
20.3393939394|3|25.421|51.642|0000000086A1|14
21.2704225352|5|30.284|212.677|00000000B68D|14
13.2053097345|6|25.583|201.434|00000001060C|14
16.2|2|28.857|160.203|000000012365|14
20.5463414634|4|26.815|80.701|00000001412C|14
21.1659574468|4|27.598|98.377|00000001414E|14
14.6621359223|6|25.161|100.218|00000001C062|14
18.9993311037|11|27.266|91.011|00000001D779|14
16.0239130435|3|16.381|0.255|000000027A2D|14
10.034551495|3|12.870|16.081|000000027A33|14
16.7662921348|10|16.000|7.752|00000002C2DC|14
