24.0338028169|5|20.747|7.758|00000001523A|38
19.6137931034|7|22.278|50.331|000000015244|38
20.8670658683|4|21.251|0.262|000000015290|38
23.2163265306|6|23.333|68.422|0000000152A1|38
20.0949152542|7|27.403|41.026|000000016DC2|38
25.4364963504|7|26.365|50.006|00000001A214|38
22.9263157895|9|23.709|108.643|00000001B7B5|38
22.9263157895|5|24.357|22.006|00000001B7EB|38
20.2604651163|9|20.832|11.396|00000001CDC1|38
22.1961783439|6|18.396|14.467|00000001CE14|38
21.2487804878|6|21.709|34.231|00000001CE1C|38
22.4526315789|7|22.136|55.536|00000001CE73|38
12.5470588235|10|21.304|70.526|00000001E5F6|38
22.6285714286|4|25.067|50.253|00000001E667|38
21.4641509434|7|23.260|59.538|00000001F662|38
16.5156398104|8|15.341|12.276|00000002A3D8|38
