47.6307692308|4|41.330|40.513|00000001F266|83
26.7718309859|2|26.772|0.000|00000001F26B|83
34.4|4|39.115|38.168|00000001F26C|83
46.570212766|2|46.570|0.000|00000001F26D|83
35.3032258065|2|35.303|0.000|00000001F26F|83
19.5428571429|2|19.543|0.000|00000001F270|83
46.570212766|3|41.016|61.698|00000001F274|83
27.7063291139|2|27.706|0.000|00000001F276|83
25.4511627907|2|25.451|0.000|00000001F277|83
39.0857142857|3|37.257|6.687|00000001F278|83
37.0983050847|2|37.098|0.000|00000001F279|83
45.0382978723|4|44.090|15.166|00000001F27C|83
37.0983050847|2|37.098|0.000|00000001F280|83
40.7076923077|6|40.734|13.849|00000001F281|83
31.5940298507|5|32.664|14.719|00000001F282|83
30.6580645161|2|30.658|0.000|00000001F284|83
38.7870967742|3|37.874|1.668|00000001F287|83
43.4769230769|3|40.615|16.377|00000001F288|83
46.570212766|2|46.570|0.000|00000001F28B|83
31.4|2|31.400|0.000|00000001F28E|83
32.6686567164|2|32.669|0.000|00000001F292|83
