25.402247191|3|25.237|0.055|00000001F075|83
38.4|6|28.126|62.319|00000001F07A|83
30.2048780488|6|27.572|35.688|00000001F07C|83
40.5333333333|2|40.533|0.000|00000001F07F|83
29.4|3|27.393|8.056|00000001F080|83
30.6782608696|4|32.506|3.610|00000001F082|83
45.0382978723|2|45.038|0.000|00000001F083|83
43.4769230769|2|43.477|0.000|00000001F084|83
37.1368421053|6|28.849|148.660|00000001F08C|83
42.0923076923|2|42.092|0.000|00000001F08E|83
26.6926829268|3|25.072|5.251|00000001F092|83
24.0607594937|4|24.012|1.646|00000001F094|83
46.1387755102|4|34.679|134.203|00000001F095|83
34.7016393443|4|33.230|29.562|00000001F096|83
35.8956521739|2|35.896|0.000|00000001F097|83
23.4666666667|2|23.467|0.000|00000001F09B|83
26.9217391304|2|26.922|0.000|00000001F09D|83
35.325|4|25.088|116.677|00000001F0A6|83
22.5649484536|2|22.565|0.000|00000001F0A7|83
31.7217391304|3|27.159|41.630|00000001F0A8|83
29.7|1|29.700|0.000|00000001F0AA|83
29.7473684211|2|29.747|0.000|00000001F0AC|83
31.4|3|29.399|8.011|00000001F0AE|83
30.6580645161|2|30.658|0.000|00000001F0B1|83
36.9671641791|2|36.967|0.000|00000001F0B4|83
35.3032258065|2|35.303|0.000|00000001F0BB|83
11.3409326425|4|16.871|34.498|00000002C33E|83
11.3409326425|2|11.341|0.000|00000002C33F|83
17.7951219512|2|17.795|0.000|00000002C341|83
18.7327433628|2|18.733|0.000|00000002C343|83
16.4026490066|2|16.403|0.000|00000002C344|83
21.1289719626|2|21.129|0.000|00000002C346|83
