39.6631578947|3|37.882|6.348|00000001F46A|83
38.4|2|38.400|0.000|00000001F474|83
31.4|4|33.193|25.339|00000001F475|83
33.4372881356|2|33.437|0.000|00000001F476|83
35.325|3|27.633|96.182|00000001F478|83
27.5707317073|4|27.792|0.617|00000001F47B|83
30.6782608696|2|30.678|0.000|00000001F47D|83
23.1804878049|2|23.180|0.000|00000001F47E|83
38.4|2|38.400|0.000|00000001F47F|83
31.5940298507|5|31.653|14.227|00000001F481|83
37.0983050847|2|37.098|0.000|00000001F487|83
46.1387755102|3|41.624|40.769|00000001F488|83
24.6139534884|2|24.614|0.000|00000001F48B|83
14.3058823529|2|14.306|0.000|00000002C408|83
