31.3627118644|3|38.451|100.476|00000001F986|83
36.9671641791|3|36.122|1.430|00000001F987|83
43.4769230769|3|42.511|1.867|00000001F989|83
39.6631578947|2|39.663|0.000|00000001F98D|83
41.8666666667|6|42.082|111.111|00000001F991|83
39.6631578947|2|39.663|0.000|00000001F998|83
37.0983050847|5|37.528|42.517|00000001F99B|83
46.570212766|2|46.570|0.000|00000001F99C|83
37.1368421053|2|37.137|0.000|00000001F99D|83
44.6693877551|2|44.669|0.000|00000001F99E|83
46.570212766|2|46.570|0.000|00000001F9A3|83
59.1567567568|2|59.157|0.000|00000001F9A6|83
10.2280373832|2|10.228|0.000|00000002C53C|83
21.2504854369|2|21.250|0.000|00000002C541|83
