42.0923076923|3|39.480|13.647|00000001F3E0|83
33.1636363636|4|38.994|59.057|00000001F3E2|83
36.464516129|6|35.413|126.985|00000001F3E5|83
35.325|2|25.811|90.516|00000001F3E7|83
29.5783783784|5|37.610|74.057|00000001F3E8|83
26.6926829268|3|31.249|41.514|00000001F3EA|83
32.6686567164|2|32.669|0.000|00000001F3ED|83
39.2|2|39.214|0.000|00000001F3EE|83
41.8666666667|3|39.322|12.946|00000001F3F0|83
26.0571428571|2|26.057|0.000|00000001F3F4|83
26.8173913043|2|26.817|0.000|00000001F3F6|83
13.7660377358|2|13.766|0.000|00000002C3E8|83
