0000000126E0,28.6948905109,1477874744
0000000198FF,27.9652173913,1477875117
00000001743E,23.1089820359,1477874449
00000000D30A,23.8222222222,1477875119
00000002897C,13.8911660777,1477874928
00000001C342,17.4812227074,1477874987
00000000D2C4,23.9707317073,1477874934
00000000D2C2,26.3368421053,1477874579
00000001093C,22.9894736842,1477874507
00000000D20E,34.5836065574,1477874742
000000012652,25.6941176471,1477874666
00000001AD0D,35.1,1477874455
000000015E32,22.5931034483,1477874782
00000001745F,26.8,1477874771
00000000A572,25.9948051948,1477874572
00000000B9A1,20.475,1477874793
0000000107D6,24.4097560976,1477874417
00000000D2F2,25.0597402597,1477874992
0000000108F2,15.279389313,1477875153
00000000896C,27.764028777,1477874653
00000001AD4D,25.5272727273,1477874898
000000012720,21.5597765363,1477875123
000000008A7E,20.475,1477875127
00000000B046,27.1774647887,1477874432
000000016B0F,18.6434782609,1477875195
000000028958,12.0224299065,1477874896
000000008A0A,21.135483871,1477874903
