000000009B63,17.152,1477911493
000000028C5B,15.075,1477911389
00000000C73A,17.9506849315,1477911426
00000000E15A,21.022459893,1477911091
000000017D96,16.2446280992,1477911137
00000000E13F,20.475,1477911732
000000013577,18.4934010152,1477911154
00000001CFE7,20.5821989529,1477911515
00000000FCD8,18.4650717703,1477911376
000000005A8E,15.687804878,1477911305
00000000E131,19.104950495,1477911088
000000018F91,18.7065420561,1477911377
0000000135D9,20.1,1477911054
000000005A4F,20.1165829146,1477911132
0000000271B4,18.1140271493,1477911233
0000000271B6,13.6367491166,1477911017
00000000FD14,24.7111111111,1477911618
00000000FCC9,16.8524017467,1477911724
0000000154B4,21.022459893,1477911246
00000000E163,20.85,1477911166
000000005A3C,20.85,1477911473
00000000AB88,18.0324324324,1477911041
00000002BC7E,14.1455830389,1477911246
00000000C758,21.8033898305,1477911629
000000017D08,18.4479262673,1477911231
000000009B1B,19.104950495,1477911135
