00000000EE87,30.3272727273,1477876889
000000015F05,24.2666666667,1477876798
0000000289BB,12.7223300971,1477877080
00000000BAE7,41.2701030928,1477876797
000000028299,11.9853658537,1477876520
000000010AAF,26.2530612245,1477876555
000000008BAA,42.5872340426,1477877165
000000028F3E,15.0685714286,1477876598
0000000108BB,36.7266055046,1477876816
000000019A18,29.2363636364,1477876743
000000008B99,21.6,1477876583
00000000BACC,36.0660550459,1477876928
000000006B02,28.2820143885,1477876518
000000019A42,24.2666666667,1477876933
00000000D423,35.1,1477876883
0000000186FF,32.9846153846,1477877267
000000015F80,30.4744186047,1477877224
0000000186F2,31.7032258065,1477877139
00000000BA7F,24.7111111111,1477877217
0000000289CC,14.3444015444,1477877144
