27.3|4|33.056|15.497|000000008746|26
26.7428571429|3|27.544|1.283|000000008765|26
32.4302521008|7|32.141|39.142|00000000AFD3|26
36.7401869159|5|35.501|34.864|00000000AFDD|26
33.6403361345|4|33.009|59.734|00000000B725|26
33.6|5|25.702|226.565|00000000CFD3|26
26.0444444444|4|28.610|18.896|00000000D02E|26
25.8631578947|4|29.115|32.267|00000000D04C|26
31.9636363636|5|29.553|52.046|00000000EAC5|26
29.7818181818|9|33.036|157.406|0000000169F7|26
28.8|5|25.823|34.932|0000000183A0|26
30.3272727273|8|26.172|37.346|0000000196AB|26
30.9543307087|8|26.716|99.454|0000000196B4|26
31.0325581395|6|25.858|25.914|0000000196CD|26
11.7086261981|3|12.385|0.915|000000027A10|26
