00000001256F,44.9307692308,1477872372
00000001F02B,21.8355140187,1477872609
00000001C24B,41.9333333333,1477872736
0000000107FC,24.9136363636,1477872249
00000001D9EE,40.6,1477872850
0000000143BB,17.8351145038,1477872559
00000001AC5C,30.45,1477872623
000000014368,48.1787234043,1477872184
000000015DC0,23.8304347826,1477872179
00000001D997,35.0526315789,1477872392
00000001D994,36.5225806452,1477872379
0000000125D6,30.45,1477872812
000000012573,26.0052631579,1477872291
00000001AC2A,28.8473684211,1477872459
00000001D8F2,22.4198019802,1477872122
00000001257A,46.6468085106,1477872156
000000015DA1,43.5461538462,1477872217
0000000143A6,33.7970149254,1477872339
00000001D936,31.8774193548,1477872429
00000002A0D0,14.9960264901,1477872745
000000015E28,31.8774193548,1477872806
00000000A4C4,31.45,1477872556
000000014321,26.1,1477872347
00000001D9A5,38.0076923077,1477872461
0000000172D0,29.4077922078,1477872050
00000001438D,42.1615384615,1477872196
00000000A4E8,39.88125,1477872035
0000000125A1,40.6,1477872555
0000000143DC,40.9894736842,1477872720
00000002C313,12.9082872928,1477872603
000000015DEC,19.8631578947,1477872149
