0000000156BA,31.7739130435,1477913715
0000000156E7,41.9333333333,1477913920
00000001E8FD,31.45,1477913786
0000000166BF,29.627027027,1477913407
00000001F830,23.3443298969,1477913734
00000001F7E4,35.38125,1477913184
00000001569B,39.6,1477913553
000000029872,15.5095890411,1477913631
000000011A4C,33.7970149254,1477913263
000000013807,31.572972973,1477913336
00000002A7DA,17.4,1477913612
00000001F7FF,38.0955223881,1477913151
00000001D0E3,24.6130434783,1477913403
000000011AE6,28.4926829268,1477913529
0000000166F7,43.5461538462,1477913889
00000001383E,38.3796610169,1477913618
0000000166C9,34.25625,1477913467
000000011AD2,38.3796610169,1477913611
0000000156AD,38.4631578947,1477913635
0000000156A8,31.0191780822,1477913945
00000001F7B9,35.3612903226,1477913174
00000001BA79,35.9409836066,1477913923
000000015681,25.4426966292,1477913420
00000002A47D,11.4363636364,1477913270
000000015687,37.1593220339,1477913435
0000000137E9,43.5461538462,1477913114
00000001E97C,35.3612903226,1477913968
0000000137EB,27.9555555556,1477913117
000000011A07,30.6,1477913145
00000002A4AA,17.0255639098,1477913315
00000001F81A,38.4631578947,1477913392
