0000000131F5,46.212244898,1477903034
0000000131F4,26.8551724138,1477902999
00000001CBEB,29.4077922078,1477903067
00000001F527,24.6130434783,1477903450
000000014FA6,39.7263157895,1477902798
000000014FBA,35.0526315789,1477902738
00000002BC1C,18.7140495868,1477903338
000000015001,39.6,1477903388
00000000DCBC,39.7263157895,1477903129
000000029D2D,15.0164383562,1477903377
000000014FCB,23.5448275862,1477902678
00000000DCE1,35.38125,1477903185
000000014FBF,24.8835164835,1477902925
000000029D13,10.0568807339,1477903171
00000002863E,13.5052023121,1477903107
00000000F7DF,27.6146341463,1477903221
000000014FEB,46.6468085106,1477903112
0000000131DB,36.5225806452,1477902842
00000001E3BF,22.6020618557,1477902864
