00000001C342,43.5461538462,1477875636
0000000145EC,29.4077922078,1477876075
0000000145EB,25.4426966292,1477876108
000000010A14,31.45,1477875562
0000000145EE,40.2827586207,1477876055
00000000EC5F,47.2666666667,1477875411
000000014577,37.1593220339,1477875312
000000010A29,28.4926829268,1477875474
00000001DBB1,36.5225806452,1477876090
00000001C403,22.9058823529,1477875830
00000002A14B,16.290647482,1477875954
00000001C3BB,23.8304347826,1477875767
00000001AE3A,33.7970149254,1477876039
0000000145A9,28.6632911392,1477875640
000000012793,33.5189189189,1477875428
00000001DB6A,30.6,1477875679
000000014561,49.7106382979,1477875471
000000015F49,27.6146341463,1477876105
0000000127D4,29.4985074627,1477875914
00000002BA70,13.2072289157,1477875584
00000001DB7F,41.9333333333,1477876153
000000021BE2,10.064,1477875380
000000014589,37.6838709677,1477875419
00000001C3F1,31.8774193548,1477875681
000000014580,39.7263157895,1477875372
000000014588,39.6,1477875414
0000000127A9,38.0955223881,1477875829
00000001DB8E,36.5225806452,1477875880
