000000012353,33.7970149254,1477868912
00000001C082,39.7263157895,1477869251
0000000141A6,48.1787234043,1477869551
00000001EEF3,36.5225806452,1477869206
000000019641,38.4631578947,1477869115
000000010660,47.6816326531,1477869570
000000014145,16.5284671533,1477869071
00000001414A,25.7318181818,1477869068
0000000123B3,31.45,1477869418
000000014153,31.45,1477869128
000000012377,30.3428571429,1477869144
0000000288BF,14.2463414634,1477868774
00000002A05D,17.690625,1477869278
00000001419E,42.5769230769,1477869490
00000001411E,53.9142857143,1477868701
00000001D7F1,30.6,1477869171
00000001234F,44.4,1477868759
00000001C05C,32.7223880597,1477869017
000000015CCE,25.4426966292,1477869102
00000001D7FB,44.9307692308,1477869253
00000001EED6,32.7223880597,1477868922
