000000014B1E,33.8608695652,1477888475
000000012D2E,38.4631578947,1477888376
000000012D3B,43.5461538462,1477888537
00000002A264,12.3168539326,1477888774
000000014B49,48.1787234043,1477889022
00000001F357,36.9913043478,1477888841
00000001B21F,31.1268292683,1477888558
00000001E002,35.3612903226,1477888806
000000014B05,29.627027027,1477888215
000000029C16,11.1033707865,1477888997
000000028A9D,12.0446808511,1477888489
000000010F91,32.7223880597,1477888605
000000014B36,48.1787234043,1477888804
000000012D70,36.50625,1477888950
000000012D40,30.45,1477888402
00000001616F,35.38125,1477888489
00000001F340,37.0857142857,1477888468
