35.38125|4|33.483|3.848|00000000DA87|35
39.7263157895|11|35.546|42.400|0000000111A4|35
31.45|2|31.450|0.000|000000012FB5|35
40.9894736842|4|37.732|42.578|000000012FC8|35
43.5461538462|3|43.704|0.050|000000014D76|35
38.3796610169|4|36.545|57.943|000000016255|35
35.38125|4|36.504|34.330|00000001CA27|35
31.45|5|30.652|1.198|00000001CA41|35
11.2656716418|4|13.967|9.228|000000029CB3|35
13.7225806452|3|13.641|0.013|00000002A2DE|35
15.0164383562|5|16.696|18.369|00000002A71B|35
10.1089285714|6|13.327|11.458|00000002C3E4|35
