31.45|6|26.286|105.794|00000000A4EF|35
42.0510638298|14|30.940|80.224|00000000EBE3|35
48.1787234043|6|31.398|214.590|00000000EC24|35
33.4983050847|2|33.498|0.000|0000000108A9|35
30.45|4|24.510|36.109|0000000125D6|35
32.8173913043|2|32.817|0.000|0000000125F1|35
40.6|1|40.600|0.000|0000000125FB|35
40.9894736842|3|35.548|59.228|0000000143DC|35
47.6816326531|4|33.094|212.943|0000000143F8|35
40.9894736842|3|34.526|83.545|00000001440F|35
27.6146341463|3|27.046|0.646|000000014420|35
28.4926829268|3|26.135|11.120|000000014441|35
31.45|3|29.017|11.842|00000001444E|35
31.8774193548|4|26.649|32.818|000000015E28|35
44.7428571429|5|29.746|186.271|000000015E4E|35
26.3302325581|6|24.593|14.394|0000000184CE|35
31.45|7|24.471|43.498|00000001981A|35
30.45|4|25.641|25.173|00000001AC5C|35
34.871641791|5|28.856|45.862|00000001AC75|35
24.6130434783|5|24.951|51.221|00000001AC8F|35
32.7223880597|6|24.442|39.380|00000001AC9F|35
41.9333333333|3|34.505|110.369|00000001C24B|35
21.4941176471|6|21.911|8.603|00000001C26C|35
40.6|3|28.977|67.619|00000001D9EE|35
24.0893617021|5|26.330|35.724|00000001DA15|35
10.1032258065|4|16.878|47.421|00000001DA27|35
21.8355140187|7|27.506|36.029|00000001F02B|35
44.7428571429|6|33.750|93.477|00000001F04E|35
15.3|1|15.300|0.000|000000029AC3|35
10.8865384615|3|13.233|11.011|00000002A0BD|35
14.8973684211|3|17.737|16.126|00000002A654|35
12.9082872928|7|14.495|16.037|00000002C313|35
