23.3234042553|10|23.965|63.184|00000000FF54|35
28.6632911392|3|25.520|19.759|00000000FFE1|35
35.3612903226|7|34.162|94.793|000000011CD2|35
20.8607142857|3|29.248|140.683|00000001580A|35
34.871641791|5|39.026|160.449|0000000167C7|35
38.4631578947|14|32.151|86.668|00000001E9BC|35
43.2666666667|4|38.169|48.604|00000001EA6D|35
48.1787234043|4|42.800|31.562|00000001EAA4|35
21.9504424779|3|19.469|12.316|0000000281CE|35
20.4|2|20.400|0.000|000000029EC0|35
16.4842105263|3|15.028|4.243|00000002A4FA|35
11.4944162437|3|13.430|7.494|00000002A4FB|35
16.8086330935|3|15.067|6.067|00000002A4FD|35
10.8|6|14.184|20.964|00000002A80E|35
10.0274678112|2|10.027|0.000|00000002C214|35
