28.9374045802|8|27.743|42.474|0000000175C1|48
17.3095890411|8|30.498|126.841|000000018741|48
39.9882352941|4|34.238|48.340|00000001874F|48
36.45|4|31.869|139.297|000000018757|48
44.6126582278|4|35.352|89.118|000000018769|48
33.8842105263|4|32.880|34.833|0000000187B1|48
37.1647058824|4|36.079|4.216|0000000187B2|48
29.9384615385|7|34.735|25.283|000000019AD0|48
45.3512195122|6|34.578|74.647|000000019B0A|48
12.5212121212|10|27.853|90.619|00000001AF39|48
36.1113402062|7|37.794|89.553|00000001AF49|48
30.0857142857|11|32.284|44.953|00000001C4F6|48
43.5724137931|12|33.379|88.437|00000001DC74|48
