000000019B3B,47.4832116788,1477878792
000000012865,26.1,1477878250
00000000D569,17.172845953,1477878683
000000019AED,31.4698564593,1477878218
00000000EF91,46.3183098592,1477878336
00000000D556,24.7346007605,1477878544
000000016BAA,33.88125,1477878657
00000001294B,38.9183431953,1477878790
00000000BBA8,41.4343949045,1477878034
00000000BBA3,34.2,1477878136
000000019B24,38.2137931034,1477878766
000000027AC2,12.2252788104,1477878464
00000000BBBA,38.2137931034,1477878510
00000001AF39,30.9243243243,1477878497
00000000EFC6,40.1555555556,1477878550
000000004ADB,35.1721925134,1477878754
00000000B120,38.2137931034,1477878483
00000000EFB1,37.5661016949,1477878468
000000004A78,27.2912863071,1477878751
00000000D526,41.8929936306,1477878247
00000000D522,36.1384615385,1477878165
00000000D529,47.4832116788,1477878199
00000000D52B,34.63125,1477878347
00000000EF7A,28.7213973799,1477878291
00000000BBD3,41.3660377358,1477878565
00000001875F,34.7871657754,1477878143
00000001AF73,19.0643478261,1477878469
00000000BBE3,26.9198380567,1477878582
00000000BC10,51.788976378,1477878780
00000002A8E1,19.9675675676,1477878423
000000018782,39.3844311377,1477878393
000000016BA7,35.7428571429,1477878660
00000000D50C,49.2818181818,1477878829
00000002AAE8,14.0501079914,1477878555
00000000D548,23.7444043321,1477878634
000000026A25,14.519205298,1477878449
