00000000E09F,35.387628866,1477910159
00000001358E,36.7525423729,1477910177
00000000FBA5,41.8929936306,1477909509
00000001A304,43.2710526316,1477909879
000000005909,34.25625,1477909808
00000000E05E,16.7659793814,1477909567
00000001A32B,32.2411764706,1477909911
00000000C5EE,26.628340081,1477909559
0000000058EB,33.3868020305,1477910196
00000000FBB5,43.557615894,1477909602
00000000E0A1,28.9744493392,1477910224
00000000E097,40.543902439,1477910156
000000011854,34.8,1477909938
0000000291C7,10.1814241486,1477909712
00000000FB9C,46.8253521127,1477910012
00000000C65B,27.4760330579,1477909905
000000028C49,18.3208913649,1477909882
00000000E082,38.9183431953,1477909616
000000018F0F,40.6,1477910153
00000001F680,35.7428571429,1477909924
00000000FB8F,24.3640449438,1477909628
00000000FB13,25.1038167939,1477909540
00000001536D,40.1555555556,1477909714
000000017D55,51.2328358209,1477910291
0000000291E2,11.9368421053,1477909860
000000018EDA,31.0245283019,1477910150
00000000C644,37.3550561798,1477909685
000000013550,25.9282442748,1477909695
000000018EEE,41.8929936306,1477910020
00000000E0EB,34.25625,1477910279
00000000FB5B,51.788976378,1477909695
000000011813,37.1593220339,1477910280
00000000FB98,23.4844765343,1477909508
00000000B2C0,35.7428571429,1477909668
00000000B2C3,29.627027027,1477909873
000000011898,35.7456521739,1477910102
000000015306,34.6168421053,1477909631
00000000FB49,19.2879765396,1477910042
000000016E30,16.3611940299,1477910161
000000013433,21.0524271845,1477909644
000000017D05,45.0493150685,1477910049
0000000117A2,37.9508379888,1477910150
00000000E072,36.1384615385,1477909602
