00000000D41C,41.8929936306,1477876885
00000000BB01,24.1808823529,1477877045
00000000499C,35.5322033898,1477876593
0000000289C3,13.3851851852,1477877147
00000001AE98,37.6023121387,1477876588
000000015F05,36.1384615385,1477876620
0000000289BB,12.0238698011,1477876637
00000002AE50,13.1951318458,1477877125
00000000D400,43.1766233766,1477876640
00000000BAE7,31.8882352941,1477876647
00000000B0F1,34.25625,1477876994
0000000289CD,15.9254237288,1477876783
00000000D419,31.7739130435,1477876722
0000000289E3,11.7063380282,1477876965
000000017510,34.7871657754,1477877029
0000000289D9,17.0393782383,1477876905
00000001AE72,20.7482649842,1477876709
000000017583,31.814354067,1477877000
000000026E44,10.0262195122,1477876854
000000018694,35.1721925134,1477877103
00000002829E,16.821483376,1477876992
00000000BACC,31.0710280374,1477876767
000000019A42,31.0245283019,1477876742
000000010AFF,39.3844311377,1477876947
000000008BAA,22.6163265306,1477876967
00000002BED3,21.0134185304,1477877077
0000000269AF,23.1591549296,1477876686
00000000D423,30.3096774194,1477876714
0000000186FF,34.8,1477877110
00000002AE32,17.677173913,1477877058
0000000186F7,27.9073170732,1477877231
00000000EE87,38.9532934132,1477876737
0000000186F2,36.1369565217,1477876985
00000000BA7F,13.9396226415,1477876893
