000000018922,29.627027027,1477884940
000000004D04,26.7703703704,1477884455
000000006EFB,40.1048780488,1477884304
00000002AB47,20.6830188679,1477884559
000000010E50,43.2710526316,1477884807
00000000D790,20.202484472,1477884444
000000019CB9,28.0710743802,1477884601
000000019CC1,22.7584775087,1477884822
000000019C95,38.2395348837,1477884599
00000001775A,47.6454545455,1477884443
00000000D780,44.2530612245,1477884537
0000000295B5,26.5209677419,1477884461
00000000BDF5,33.752284264,1477884971
000000006F48,43.727388535,1477884768
