00000000BD85,31.1823529412,1477883990
000000004D04,26.7703703704,1477884455
000000006EFB,40.1048780488,1477884304
00000001B146,16.7486146096,1477884390
0000000188D9,46.175,1477883713
00000000D799,35.0164948454,1477884441
00000000D756,28.4069868996,1477884061
00000001775A,47.6454545455,1477884443
00000002756E,18.8362606232,1477884116
000000027BCD,10.0109589041,1477883735
000000004D81,21.540397351,1477883783
00000000D785,16.4842105263,1477884259
000000016C1C,28.9824884793,1477883752
000000019CA6,37.1593220339,1477884219
0000000295B5,26.5209677419,1477884461
