00000000D0B7,29.7947368421,1477871104
00000000D012,33.3868020305,1477871015
0000000172B6,20.9464968153,1477870991
00000000B008,22.2780821918,1477870901
00000000B006,31.0245283019,1477870704
000000018424,38.3796610169,1477870971
00000000D09A,25.5922178988,1477870958
0000000066AB,26.628340081,1477870512
000000018403,25.3786259542,1477870816
00000000D0B8,38.9183431953,1477871294
0000000273D3,20.0524390244,1477870778
00000000D0D0,36.1369565217,1477871247
0000000196DF,40.9132075472,1477871138
00000000EB05,35.7428571429,1477870677
000000028915,18.1190082645,1477870906
00000002B186,19.575,1477870774
000000014158,24.6337078652,1477870581
000000029A50,12.0461538462,1477870608
0000000183DB,26.1,1477870697
00000000EB56,35.3543478261,1477871279
00000001ABB5,31.1346534653,1477871156
000000028909,13.05,1477870687
000000004436,28.0556962025,1477871034
00000001AB6D,40.6,1477870827
000000008736,39.3844311377,1477870566
000000015D14,36.1384615385,1477870709
00000000B7AF,19.4017699115,1477870982
00000000EB45,40.543902439,1477871170
00000000D06A,22.2780821918,1477870927
00000001EF47,17.4461538462,1477871191
00000000EACD,33.3868020305,1477871172
00000000B7BF,16.2801980198,1477871153
000000003149,10.6294117647,1477870756
00000000D08A,37.9508379888,1477870794
00000000D074,27.8,1477870666
00000000D079,46.3183098592,1477870726
00000000D07D,33.021319797,1477870774
000000014224,48.0087591241,1477871281
000000003170,15.9832923833,1477870816
0000000283E8,18.6775280899,1477870645
000000016A19,42.3515923567,1477871221
000000016A14,37.3108695652,1477870578
0000000196DB,37.1593220339,1477870651
