000000003089,36.1384615385,1477869264
00000000CF48,41.0444444444,1477869241
00000002AD9A,14.9201834862,1477869247
00000000CF8B,40.6,1477869715
00000000B6AE,26.9557377049,1477869069
00000000B6AD,41.8929936306,1477869461
00000000CFBB,36.9195652174,1477869528
000000028E26,13.759832636,1477869217
00000001722C,19.8108433735,1477869542
000000019669,36.1384615385,1477869259
00000000AFD3,43.7447368421,1477869774
0000000169F7,30.45,1477869768
000000028E47,16.7358778626,1477869623
0000000065E5,33.3868020305,1477869503
00000000CFAE,34.2742268041,1477869516
00000000CF56,32.5603960396,1477869032
000000017206,25.6725868726,1477869328
00000000E9C3,34.8487309645,1477869038
0000000043CF,29.3142857143,1477869468
00000000CFA9,14.68125,1477869573
