0000000174E9,44.2530612245,1477875622
00000001743A,33.3868020305,1477875278
0000000174F1,43.2710526316,1477875797
00000000BA03,41.4343949045,1477875285
00000000BA07,45.0493150685,1477875345
000000028284,17.4402144772,1477875293
00000000BA09,45.8112676056,1477875328
000000028287,14.5496717724,1477875029
000000019933,34.8,1477875457
00000000D31D,44.7428571429,1477875023
00000000D366,19.0521489971,1477875597
00000000B9F5,14.9742857143,1477875384
00000000D335,48.0087591241,1477875160
00000000D332,32.3641791045,1477875162
00000002AAA7,16.1205882353,1477875412
00000000D323,36.3418994413,1477875159
000000016B41,30.0328767123,1477875787
000000028997,12.7465116279,1477875351
00000000BA3A,38.0421052632,1477875749
00000000ED10,34.419047619,1477875286
00000000D34A,37.1593220339,1477875240
0000000174BC,53.9114754098,1477875686
00000001747C,51.2220472441,1477875155
000000028F11,17.6332439678,1477875254
0000000108BB,28.3982142857,1477875738
000000028493,14.5205357143,1477875366
00000000D35E,30.3096774194,1477875774
000000018607,19.1619596542,1477875391
00000000EDD5,43.2710526316,1477875788
00000000480B,13.8176470588,1477875075
000000027AAB,15.9254237288,1477875029
0000000224DA,13.0241584158,1477875361
00000000EDC3,34.25625,1477875565
00000000B9BB,30.3096774194,1477875117
000000016B0F,37.3862068966,1477875003
000000019993,35.9409836066,1477875732
00000000331C,29.3142857143,1477875116
00000000B9E2,35.7428571429,1477875057
00000000B9EB,48.0087591241,1477875134
000000026DDC,21.0134185304,1477875525
0000000174B1,44.2530612245,1477875317
