000000019B89,37.8,1477879794
000000016BC3,32.1217391304,1477879644
00000000BC65,35.3543478261,1477879589
000000016BBD,44.2530612245,1477879421
000000016BB3,26.1,1477879247
000000016BB4,35.1721925134,1477879438
000000016BB8,41.3660377358,1477879522
000000010C50,30.3096774194,1477879448
000000004BDD,24.356043956,1477879684
00000001C488,16.0226600985,1477879384
0000000284FB,24.7182156134,1477879352
0000000187F6,25.5922178988,1477879682
00000001761F,25.9282442748,1477879211
00000000B144,23.3234042553,1477879651
00000002AB0A,12.5759082218,1477879835
00000002829E,10.5573033708,1477879471
000000028507,22.0875,1477879901
00000000D5ED,33.88125,1477879430
0000000274FB,14.6692307692,1477879865
0000000294FD,23.5695652174,1477879930
00000000D604,19.7513513514,1477879649
000000017661,35.5322033898,1477879240
00000000D608,29.704109589,1477879561
000000006C7D,17.7786096257,1477879587
00000000D5FB,31.7739130435,1477879524
00000000D5F3,32.1217391304,1477879443
00000000D60A,31.7739130435,1477879635
000000004BA4,33.4130653266,1477879293
000000028F63,13.3411764706,1477879811
000000004B75,46.8253521127,1477879337
00000001AFEC,31.171563981,1477879503
00000000D5C6,38.9532934132,1477879883
000000006D6A,28.0396551724,1477879894
00000000BBE2,39.3844311377,1477879660
00000001C5F5,28.1076923077,1477879931
000000006CE8,34.25625,1477879951
00000000D5B0,41.8609756098,1477879721
000000017659,24.00433213,1477879211
00000000F04A,41.3660377358,1477879531
000000012988,11.4986013986,1477879300
00000000F04B,37.1593220339,1477879457
000000026A25,11.3856164384,1477879319
000000006CDB,39.621686747,1477879411
0000000187E7,28.4069868996,1477879936
