27.2912863071|2|27.291|0.000|000000004A78|24
35.1721925134|3|33.222|7.608|000000004ADB|24
38.2137931034|4|35.920|64.614|00000000B120|24
34.2|5|32.094|38.016|00000000BBA3|24
41.4343949045|2|41.434|0.000|00000000BBA8|24
38.2137931034|4|36.029|54.995|00000000BBBA|24
41.3660377358|2|41.366|0.000|00000000BBD3|24
26.9198380567|6|34.700|41.776|00000000BBE3|24
51.788976378|2|51.789|0.000|00000000BC10|24
49.2818181818|4|36.294|181.923|00000000D50C|24
36.1384615385|4|35.919|20.285|00000000D522|24
41.8929936306|3|37.976|30.692|00000000D526|24
47.4832116788|6|38.872|101.064|00000000D529|24
34.63125|4|31.384|9.231|00000000D52B|24
23.7444043321|3|32.485|152.783|00000000D548|24
24.7346007605|4|28.365|23.321|00000000D556|24
17.172845953|6|33.329|170.386|00000000D569|24
28.7213973799|6|31.522|10.381|00000000EF7A|24
46.3183098592|5|39.195|74.072|00000000EF91|24
37.5661016949|6|30.957|47.297|00000000EFB1|24
40.1555555556|5|35.070|21.249|00000000EFC6|24
26.1|10|26.407|71.041|000000012865|24
38.9183431953|5|30.294|114.652|00000001294B|24
35.7428571429|4|35.077|13.514|000000016BA7|24
33.88125|4|41.108|49.724|000000016BAA|24
34.7871657754|7|31.691|68.901|00000001875F|24
39.3844311377|7|32.743|124.894|000000018782|24
31.4698564593|6|32.159|14.932|000000019AED|24
38.2137931034|5|32.419|27.742|000000019B24|24
47.4832116788|5|38.249|75.183|000000019B3B|24
30.9243243243|11|29.806|58.915|00000001AF39|24
19.0643478261|9|33.668|157.500|00000001AF73|24
14.519205298|4|13.884|0.938|000000026A25|24
12.2252788104|3|13.303|2.325|000000027AC2|24
19.9675675676|6|15.858|11.227|00000002A8E1|24
14.0501079914|3|15.502|4.217|00000002AAE8|24
