23.0680851064|11|26.091|128.839|000000003504|24
29.6660377358|3|31.949|10.422|00000000BCEB|24
25.5922178988|3|25.683|0.016|00000000BCF9|24
34.4356020942|4|41.706|70.363|00000000BD22|24
27.1785123967|2|27.179|0.000|00000000BD30|24
31.3641509434|4|32.382|32.152|00000000D67B|24
33.9861386139|3|33.879|0.023|00000000D69D|24
34.25625|4|31.936|35.653|00000000D6C1|24
39.788372093|4|38.456|5.740|00000000D6C8|24
19.1619596542|5|28.900|81.256|000000010D66|24
32.5603960396|4|32.920|10.668|000000012B13|24
17.7786096257|10|32.212|154.416|000000016BDF|24
35.7428571429|5|40.151|42.334|000000016BF1|24
32.754679803|12|34.270|92.019|0000000176DA|24
44.7428571429|10|35.808|91.245|000000018870|24
27.7518987342|5|31.724|50.219|000000019C05|24
33.021319797|10|32.726|42.701|00000001DDD4|24
15.1808219178|2|15.181|0.000|000000027545|24
13.759832636|3|14.315|0.616|00000002AB37|24
