12.4332703214|7|26.757|159.183|000000003A89|24
40.0554216867|5|28.450|182.219|00000000784D|24
30.3096774194|7|34.129|61.327|000000009899|24
43.2710526316|7|42.308|140.447|00000000C568|24
11.6857644991|9|32.023|173.720|00000000C57E|24
40.9132075472|6|33.572|73.600|00000000C5A8|24
40.6|2|31.405|84.546|00000000C5C0|24
43.1766233766|2|43.177|0.000|00000000C5CB|24
35.5374301676|6|33.985|103.623|00000000DF7A|24
28.4069868996|4|25.810|15.272|00000000DF7D|24
35.3543478261|4|32.168|21.333|00000000DF98|24
40.1555555556|4|33.889|75.545|00000000DFA1|24
17.5440633245|6|32.592|126.338|00000000DFA3|24
27.5900414938|3|26.671|1.690|00000000DFB0|24
28.35|3|28.209|0.040|00000000DFDF|24
31.0191780822|4|25.460|31.267|00000000FA6F|24
10.1616613419|3|16.084|70.137|00000000FABA|24
36.1369565217|4|31.685|59.508|00000000FB49|24
24.00433213|6|23.055|37.865|000000011792|24
38.2137931034|8|30.167|64.882|000000017C4D|24
41.8929936306|6|28.789|146.290|00000001A22D|24
36.338121547|6|35.472|48.318|00000001A24A|24
36.5340659341|7|24.658|90.919|00000001A262|24
34.8|6|28.509|87.933|00000001A283|24
43.2710526316|6|31.501|158.333|00000001A28B|24
35.5572192513|8|33.618|157.803|00000001A29C|24
37.8209302326|6|32.053|99.464|00000001B844|24
17.8243902439|5|16.957|6.102|000000027DD8|24
15.9254237288|2|15.925|0.000|0000000286F0|24
17.0393782383|3|16.448|0.700|000000028C26|24
15.5489361702|7|15.647|8.230|00000002AC24|24
12.6807017544|5|16.050|8.682|00000002AFCA|24
