31.7739130435|2|31.774|0.000|000000007E41|24
41.8929936306|5|34.321|78.359|00000000AD29|24
23.3799256506|2|23.380|0.000|00000000B3A2|24
33.5319587629|4|32.619|36.483|00000000C985|24
32.1217391304|9|35.019|96.041|00000000E381|24
24.2701107011|4|27.495|40.990|00000000E3C3|24
28.0556962025|3|27.853|0.082|00000000E3DF|24
34.4356020942|4|37.009|10.660|00000000E3E5|24
40.543902439|4|36.003|38.404|00000000E3F3|24
32.5603960396|3|36.249|27.211|00000000E3FE|24
48.0087591241|3|41.758|78.138|00000000E408|24
42.7090909091|14|31.709|90.844|00000000FF4B|24
34.25625|5|36.685|66.532|00000000FF5F|24
29.9513513514|10|33.691|102.098|00000000FF8D|24
27.2428571429|4|24.198|12.940|00000000FFD0|24
41.3763157895|5|32.768|75.189|000000011C3D|24
33.4130653266|6|34.968|5.599|0000000139DD|24
46.1361702128|6|40.821|24.928|000000017FC2|24
36.5340659341|4|37.995|2.423|000000017FC3|24
23.0680851064|8|30.480|100.908|000000019172|24
26.3368421053|5|25.806|24.611|0000000191BE|24
31.0245283019|7|29.421|56.168|00000001A61A|24
21.8723684211|7|28.186|70.678|00000001E9BC|24
19.8329268293|2|19.833|0.000|000000028D10|24
15.7349282297|6|18.025|20.357|00000002ACC4|24
20.0524390244|5|17.061|6.486|00000002B44F|24
19.0521489971|6|15.317|8.557|00000002B893|24
10.3741324921|7|13.124|7.785|00000002C1BD|24
