26.7703703704|7|29.575|31.214|000000004D04|24
40.1048780488|4|36.090|25.758|000000006EFB|24
43.727388535|8|36.499|123.754|000000006F48|24
28.4069868996|11|32.906|142.040|00000000D756|24
44.2530612245|13|33.057|141.440|00000000D780|24
16.4842105263|4|24.910|72.033|00000000D785|24
20.202484472|3|24.165|31.401|00000000D790|24
16.2175609756|6|29.864|130.452|00000000D79D|24
43.2710526316|6|37.240|180.285|000000010E50|24
47.6454545455|3|42.982|43.496|00000001775A|24
38.2395348837|8|34.842|38.103|000000019C95|24
37.1593220339|5|36.578|1.866|000000019CA6|24
28.0710743802|5|35.510|80.701|000000019CB9|24
18.8362606232|5|15.032|15.142|00000002756E|24
26.5209677419|4|21.867|29.189|0000000295B5|24
20.6830188679|5|17.877|12.236|00000002AB47|24
