26.1|6|32.275|50.242|000000003AA3|24
37.1593220339|2|37.159|0.000|0000000058BF|24
43.2710526316|7|42.308|140.447|00000000C568|24
11.6857644991|9|29.260|186.037|00000000C57E|24
40.9132075472|7|31.503|88.762|00000000C5A8|24
40.6|2|31.405|84.546|00000000C5C0|24
43.1766233766|2|43.177|0.000|00000000C5CB|24
45.8112676056|2|45.811|0.000|00000000C608|24
17.5440633245|7|31.746|112.585|00000000DFA3|24
27.5900414938|3|26.671|1.690|00000000DFB0|24
28.35|3|28.209|0.040|00000000DFDF|24
36.7525423729|3|31.319|59.041|00000000E028|24
41.8929936306|3|40.158|6.022|00000000E044|24
31.0191780822|4|25.460|31.267|00000000FA6F|24
10.1616613419|3|16.084|70.137|00000000FABA|24
36.1369565217|6|33.951|60.840|00000000FB49|24
29.704109589|3|30.915|2.930|00000000FB4D|24
18.7301408451|8|28.334|126.519|000000011754|24
24.00433213|6|23.055|37.865|000000011792|24
31.3641509434|6|28.668|78.763|0000000117F3|24
31.3641509434|6|25.578|31.840|0000000152C1|24
18.9|5|29.349|79.751|000000016E0E|24
38.2137931034|9|30.181|57.674|000000017C4D|24
36.338121547|8|37.141|71.879|00000001A24A|24
36.5340659341|7|24.658|90.919|00000001A262|24
34.8|6|28.509|87.933|00000001A283|24
43.2710526316|6|31.501|158.333|00000001A28B|24
37.8209302326|6|32.053|99.464|00000001B844|24
12.0238698011|4|13.886|5.283|0000000286ED|24
15.9254237288|3|14.038|7.122|0000000286F0|24
23.406405694|2|23.406|0.000|0000000286FB|24
17.0393782383|4|16.600|0.594|000000028C26|24
13.4404958678|3|12.650|1.248|000000028C2E|24
