20.2585987261|3|28.510|136.165|0000000047AA|24
15.2855172414|6|26.086|83.488|0000000047D3|24
24.9136363636|6|28.710|70.832|00000000896C|24
35.3612903226|9|33.812|109.700|00000000B955|24
26.9198380567|3|23.005|30.658|00000000B98F|24
41.8929936306|3|34.754|101.940|00000000B9A1|24
34.7871657754|5|33.712|24.193|00000000B9A7|24
48.5462686567|2|48.546|0.000|00000000B9B3|24
30.3096774194|5|30.707|90.886|00000000B9BB|24
35.7428571429|3|39.361|26.181|00000000B9E2|24
48.0087591241|5|42.449|29.680|00000000B9EB|24
32.2411764706|5|28.946|54.818|00000000D2C4|24
36.7441340782|4|40.805|31.290|00000000D2DE|24
25.7754098361|4|31.179|48.302|00000000D2E2|24
31.4910891089|4|32.748|33.365|00000000D2EC|24
27.519665272|5|27.633|41.918|00000000D2F2|24
36.5340659341|4|31.084|31.343|00000000D30A|24
44.7428571429|4|37.336|58.113|00000000D31D|24
36.3418994413|3|31.935|38.846|00000000D323|24
32.3641791045|3|32.319|0.004|00000000D332|24
48.0087591241|3|42.261|66.067|00000000D335|24
18.6775280899|5|24.036|41.725|00000000ED57|24
26.7036144578|10|28.505|54.863|000000012652|24
25.8142857143|7|24.318|39.047|00000001267E|24
38.9183431953|7|31.746|39.623|0000000126DA|24
41.0444444444|12|26.404|95.362|000000015E32|24
37.3862068966|6|34.099|50.494|000000016B0F|24
38.6581395349|6|33.385|92.183|000000017442|24
31.6040201005|6|33.671|20.431|000000017459|24
43.2710526316|7|39.525|48.944|00000001745F|24
51.2220472441|6|45.124|20.182|00000001747C|24
38.9532934132|4|30.969|64.764|0000000185E4|24
40.1048780488|6|33.991|47.508|0000000185EB|24
41.8929936306|7|30.097|120.646|0000000198ED|24
38.2395348837|11|35.334|72.652|0000000198FF|24
42.1615384615|13|32.622|84.837|00000001AD4D|24
42.7245283019|9|28.933|81.101|00000001C342|24
15.9254237288|5|14.759|3.960|000000027AAB|24
14.5496717724|4|12.511|4.156|000000028287|24
17.8243902439|4|21.432|14.809|000000028292|24
17.8262734584|5|17.782|9.042|000000028459|24
14.7510204082|7|14.124|4.577|00000002A64A|24
21.5883116883|5|20.351|11.780|00000002A8B3|24
