32.5603960396|2|32.560|0.000|00000000C1FD|24
42.2415584416|2|42.242|0.000|00000000C205|24
30.7833333333|6|29.517|47.227|00000000DBA7|24
34.4356020942|5|35.729|56.943|00000000DBD2|24
37.8209302326|4|36.504|6.210|00000000DBD7|24
41.8929936306|3|38.534|22.568|00000000DBDF|24
40.6|2|36.515|16.684|00000000DBE0|24
30.0328767123|4|32.865|30.458|00000000DBE3|24
40.852173913|4|38.942|9.762|00000000DBE5|24
30.6849056604|4|29.893|0.940|00000000DBF9|24
34.2742268041|3|30.482|28.765|00000000DBFE|24
36.1384615385|4|37.215|82.613|00000000DC02|24
21.4241042345|4|27.040|50.445|00000000F6A2|24
26.5367088608|4|27.074|5.263|00000000F6A4|24
46.3183098592|8|37.310|71.767|00000000F6B9|24
37.1593220339|5|38.155|26.602|00000000F6C7|24
34.25625|9|36.560|160.369|000000013073|24
32.6894472362|9|37.000|107.042|000000017A12|24
39.3844311377|8|32.196|48.181|000000019F78|24
42.1615384615|5|35.597|129.554|000000019F8F|24
37.8|9|32.880|35.351|00000001B49A|24
24.4455882353|13|30.101|55.921|00000001CADA|24
