34.7871657754|4|27.854|106.203|000000005161|24
33.752284264|4|30.585|47.439|00000000DA09|24
30.3096774194|3|30.279|0.002|00000000DA16|24
20.202484472|3|23.556|22.494|00000000DA29|24
55.8756302521|3|52.751|19.526|00000000DA2A|24
44.7428571429|4|39.266|30.852|00000000DA37|24
44.2530612245|5|37.378|32.250|00000000F4C2|24
24.8290076336|5|32.754|55.675|000000011171|24
22.9532846715|5|24.162|47.672|000000018AC1|24
27.7943319838|14|34.028|65.332|00000001C933|24
23.662633452|7|28.844|15.797|00000001C98D|24
