0000000274C3,11.5989304813,1477876857
000000010A84,36.737704918,1477877130
00000001DB2F,41.8878504673,1477876755
000000019A18,31.6642335766,1477876602
00000000EE3B,34.9838709677,1477876763
00000000D3E0,37.8870967742,1477876663
00000001460B,31.0563380282,1477876547
00000001DBC5,44.4807692308,1477876855
0000000274CB,11.192893401,1477876788
000000027B53,27.0552147239,1477877174
00000002BA7E,14.089456869,1477876567
0000000108BB,27.6666666667,1477876675
000000029B48,10.684729064,1477877150
000000004967,35.564516129,1477876704
00000000D35A,42.2830188679,1477876859
000000004951,36.737704918,1477876535
0000000269DD,13.3067484663,1477876695
000000004932,36.737704918,1477876847
00000000BA7F,30.0805369128,1477877057
000000006B81,32.1897810219,1477877123
