00000000F16C,44.320754717,1477883473
000000006EEE,57.2926829268,1477883620
000000027584,21.067264574,1477883633
000000008F29,41.3035714286,1477883955
000000028A40,15.6043165468,1477883618
000000008F24,29.0131578947,1477883903
00000000D759,45.1875,1477883937
000000008F02,32.8636363636,1477883487
000000008F25,26.8902439024,1477883851
000000006EF7,43.7046728972,1477883751
00000001F2B5,29.5102040816,1477883549
000000006F00,25.2209302326,1477883901
000000027576,22.2727272727,1477884014
00000000D749,22.900990099,1477884032
