0000000126E0,41.214953271,1477874618
00000000ED57,31.726618705,1477874961
000000006988,33.9545454545,1477874460
000000029AFC,17.2828685259,1477874496
000000008A66,43.6633663366,1477875022
000000008A65,39.375,1477874792
000000027AE9,21.5480769231,1477874492
00000001274B,41.214953271,1477875229
0000000069A5,34.9838709677,1477874400
000000026E04,19.5132743363,1477874401
0000000047D3,34.7244094488,1477874897
000000015E32,10.9429280397,1477874491
000000015ED1,37.0588235294,1477875151
00000000A572,35.2913385827,1477874427
00000000A59A,37.6923076923,1477875185
000000028051,16.3940520446,1477874407
0000000069B3,50.6896551724,1477875007
000000008AA8,37.0588235294,1477875120
000000014482,34.7244094488,1477874454
00000002BE8F,14.089456869,1477874745
000000008A2B,43.8181818182,1477874405
00000001DA24,33.9545454545,1477874412
000000008A0A,39.375,1477874750
000000012720,41.3035714286,1477874972
00000001C322,33.4090909091,1477874660
0000000108F2,41.8878504673,1477874960
0000000047B0,38.6842105263,1477874523
