0000000151D7,40.0178571429,1477907270
00000001645A,43.9411764706,1477907164
000000009830,41.6526315789,1477907410
00000001CD81,45.2727272727,1477907021
00000000C3C3,23.5828877005,1477907100
00000002A388,21.4077669903,1477907027
000000026B65,14.089456869,1477906883
00000001A11A,32.3731343284,1477907377
00000000DEB2,46.206185567,1477907386
00000001644B,27.2830188679,1477906855
000000009842,29.4868421053,1477907489
000000009837,24.6263736264,1477907133
00000000576D,30.5064935065,1477907393
00000000985E,22.078817734,1477907398
00000002776F,14.6511627907,1477906994
000000028122,10.2797202797,1477907388
00000000571D,37.0588235294,1477906828
00000001E4CF,37.0769230769,1477907297
000000026B56,21.2417061611,1477906981
000000027766,13.3067484663,1477907021
000000028BA4,12.1793478261,1477907035
000000009752,19.5405405405,1477907357
000000009811,45.4639175258,1477906863
00000002B7BC,15.0511945392,1477907145
000000015187,30.5492957746,1477906894
