0000000288FD,10.8260869565,1477871904
0000000067FF,28.5394736842,1477872180
0000000067FB,29.0281690141,1477872057
00000001D8F0,27.6644295302,1477872174
0000000273FA,10.0044642857,1477871440
0000000067E0,36.1475409836,1477871860
00000000B7C9,35.5573770492,1477871435
0000000067D8,28.3378378378,1477871819
0000000067D4,46.206185567,1477871741
00000000EB62,27.3727810651,1477871909
00000002A62D,26.2105263158,1477872045
00000000D0DA,29.0131578947,1477871642
000000008872,43.0961538462,1477871839
000000014268,38.3076923077,1477871870
00000002C2FB,19.6875,1477871602
0000000124DD,17.8542510121,1477871617
00000000462D,30.2054794521,1477872079
000000015D1A,31.125,1477871468
0000000142FC,25.7894736842,1477872113
0000000066F2,35.564516129,1477871676
0000000067A5,53.7804878049,1477871875
00000000A4B4,35.2913385827,1477871947
00000000443B,44.7216494845,1477871755
0000000087C6,31.125,1477871873
000000015D73,32.1897810219,1477871503
00000001D8B9,34.1860465116,1477871655
000000006718,15.3658536585,1477871635
000000006797,34.7441860465,1477871507
000000027414,22.5865384615,1477871572
