00000001C7B1,31.726618705,1477886843
000000012CAF,30.0,1477886678
000000026F45,18.0737704918,1477886640
000000028AAB,22.6363636364,1477887027
000000012CB8,33.6641221374,1477886689
000000007033,42.4948453608,1477887015
00000000702E,37.0588235294,1477886909
00000000702D,45.4639175258,1477886930
0000000177D2,36.4462809917,1477886621
000000007036,35.2307692308,1477887096
000000010F0A,43.9065420561,1477886581
00000001B1C5,22.7512690355,1477886850
00000001B1C9,40.5420560748,1477886961
000000004E87,26.4071856287,1477886411
000000006FFB,31.726618705,1477886424
000000014A8D,52.9024390244,1477886902
00000000BE6D,46.206185567,1477887166
000000006FFD,46.206185567,1477886551
000000018979,41.8878504673,1477887024
