000000027ABE,17.9256198347,1477873596
00000000471D,32.1897810219,1477873504
000000027AD1,18.5691699605,1477873781
00000001D9DB,37.0769230769,1477873957
00000001C245,50.6896551724,1477873717
000000027A77,20.8018867925,1477873543
00000001C27E,30.0,1477873760
00000001C2DF,29.0131578947,1477874168
00000000A573,31.2086330935,1477874123
000000006951,47.9347826087,1477873858
00000000692A,29.4868421053,1477873953
00000000D23F,27.798816568,1477873929
00000002A651,19.037037037,1477873775
00000000898A,26.0946745562,1477873577
00000001D9AB,25.0568181818,1477874049
00000001AC15,45.4639175258,1477874055
000000006946,36.4186046512,1477873873
0000000047A4,41.8878504673,1477874164
00000001090E,47.9347826087,1477874052
00000002A64C,14.4115755627,1477873963
00000002B595,15.8633093525,1477874220
000000008951,21.141509434,1477874157
000000026DD5,16.2730627306,1477873606
000000008A00,37.6923076923,1477874115
00000001C2B6,32.8531468531,1477873902
00000000691D,31.5302013423,1477873720
