29.7123287671|7|29.450|61.184|0000000036A9|11
39.5384615385|3|41.147|5.175|00000000506D|11
10.2558139535|6|28.928|222.986|0000000091B9|11
33.9545454545|4|30.868|69.210|0000000091BF|11
21.2417061611|6|25.790|47.616|0000000091C6|11
39.7297297297|5|38.545|29.624|00000000A7EA|11
32.4566929134|6|34.561|165.165|00000000D985|11
36.1475409836|7|31.889|72.956|00000000F406|11
46.206185567|5|36.986|178.625|00000001109C|11
43.9411764706|11|38.345|57.553|000000012E03|11
36.4537815126|6|29.291|91.711|000000014BF3|11
40.5420560748|11|32.788|100.830|00000001B29A|11
19.3660714286|4|18.240|1.539|000000027C83|11
20.1630901288|8|17.058|18.946|0000000285A5|11
17.7822580645|8|16.635|10.653|000000028AE4|11
