21.141509434|4|24.549|11.660|000000006E5E|11
40.0178571429|5|37.232|115.862|000000006E8C|11
40.5420560748|5|38.226|50.983|000000006EA3|11
27.2222222222|4|32.227|82.533|000000006EA6|11
34.6598540146|7|35.392|116.309|000000008EA6|11
21.3043478261|5|21.996|31.423|00000000BD47|11
38.3076923077|9|41.686|40.467|00000000BD6B|11
51.5172413793|6|38.549|172.341|000000019C29|11
32.4264705882|7|34.264|38.220|00000001DE65|11
54.6585365854|10|36.049|113.764|00000001F28D|11
25.4913294798|6|19.698|18.529|000000026EC6|11
15.5830388693|6|15.105|8.208|000000026EF4|11
22.078817734|2|22.079|0.000|000000026F16|11
14.5065789474|4|14.198|0.369|000000027563|11
14.5065789474|3|15.200|0.961|00000002756B|11
20.75|2|17.687|9.383|000000027BE5|11
15.2969283276|6|17.271|7.533|000000029B93|11
13.653250774|4|14.385|6.113|000000029BB9|11
19.3421052632|6|16.597|10.129|00000002BF9A|11
