43.9065420561|9|33.134|167.787|000000007F9A|11
43.2352941176|4|42.063|4.960|000000007FAB|11
39.4789915966|4|35.775|15.121|000000007FCC|11
31.2086330935|4|37.331|64.199|000000007FF3|11
37.0588235294|8|34.628|58.238|000000009F69|11
25.6395348837|5|36.261|114.985|000000009F8F|11
35.3129770992|8|32.347|162.777|00000000ADE1|11
34.7244094488|8|37.201|15.104|00000000B3DA|11
43.0961538462|7|36.078|37.929|0000000100A8|11
40.0178571429|6|31.838|87.473|0000000100CA|11
31.0563380282|4|37.596|44.530|0000000158BE|11
43.2352941176|11|35.157|119.633|000000016814|11
38.7321428571|9|39.084|91.460|00000001EB23|11
31.2086330935|8|34.653|54.915|00000001F95A|11
16.5387453875|5|15.683|5.818|0000000281E4|11
14.1764705882|6|15.838|10.848|00000002A517|11
17.1724137931|6|16.309|15.849|00000002A808|11
