40.4587155963|4|44.911|95.349|000000008246|11
52.9024390244|4|48.937|177.072|000000008249|11
47.4545454545|4|44.744|56.780|000000008259|11
43.1009174312|3|40.679|11.727|00000000A1E3|11
42.4948453608|7|38.954|104.818|00000000B44C|11
57.2727272727|4|56.988|0.380|00000000E6C9|11
41.214953271|8|41.845|69.575|00000001A854|11
41.214953271|8|38.200|73.100|00000001BDF6|11
49.5505617978|5|48.392|78.698|00000001FA87|11
15.6043165468|4|17.181|8.860|000000027FA0|11
10.3037383178|5|13.292|14.486|000000028DA6|11
