50.2826086957|7|39.596|96.061|000000005F88|11
45.4639175258|3|46.946|4.393|000000005FAD|11
33.9545454545|2|33.955|0.000|000000005FBA|11
50.6896551724|2|50.690|0.000|00000000A097|11
38.6842105263|3|40.802|8.972|00000000AE4D|11
38.0172413793|5|38.496|39.751|000000013BA0|11
48.7173913043|4|45.541|116.566|000000013BDE|11
40.4587155963|5|41.370|38.333|00000001596C|11
34.2919708029|7|48.869|127.189|00000001EBA9|11
18.6515837104|5|16.790|6.525|000000029F2F|11
11.0509383378|7|14.727|24.846|00000002B4A7|11
