24.2307692308|3|25.245|2.059|000000003D6C|11
38.3076923077|10|34.155|118.155|000000003D80|11
31.0563380282|3|33.442|11.380|000000005D05|11
36.1475409836|4|42.456|44.010|000000005D9C|11
28.6363636364|5|29.369|31.953|000000007E59|11
35.2307692308|5|34.045|14.609|000000007E88|11
36.1475409836|4|37.358|13.203|000000007EB2|11
25.2209302326|5|28.702|15.249|000000007EC1|11
45.4639175258|7|35.479|158.444|000000009E48|11
41.7115384615|2|41.712|0.000|000000009E5B|11
45.2727272727|4|40.777|20.558|000000009E6E|11
38.3076923077|4|42.574|18.654|000000009E7B|11
45.4639175258|4|40.920|25.156|000000009EAB|11
42.2830188679|7|38.291|57.691|0000000138D3|11
43.9411764706|8|32.058|136.938|000000013921|11
32.1897810219|4|32.112|0.090|00000001396D|11
40.4587155963|5|31.778|101.946|0000000139C2|11
43.9411764706|3|35.796|132.673|0000000139E0|11
22.3978378378|4|23.652|91.791|0000000157AE|11
32.9104477612|11|28.619|95.521|00000001672D|11
46.206185567|15|33.544|89.342|000000017F85|11
31.0563380282|8|26.769|77.382|00000001E9D6|11
35.564516129|7|31.872|81.140|00000001EA10|11
46.914893617|7|34.080|131.170|00000001F8A6|11
10.9269521411|3|12.530|5.140|000000027889|11
10.2553191489|4|14.071|17.409|000000027EF6|11
15.7816901408|5|17.538|14.987|0000000281B0|11
