00000000C36D,27.3284671533,1477904488
00000000DD12,28.9180327869,1477904113
00000000C34E,43.8260869565,1477904096
000000016384,26.8732394366,1477903986
000000016D53,19.125,1477903863
000000016D54,29.4803149606,1477903942
000000029D0D,15.032967033,1477904226
000000005545,30.6885245902,1477904011
00000000C332,26.7272727273,1477904354
00000000F83A,36.0,1477904337
00000000A9A5,31.2786885246,1477904262
000000001DFD,38.5979381443,1477904118
000000002897,20.5714285714,1477904068
000000016D41,28.9180327869,1477903907
0000000028D2,34.3177570093,1477904627
00000000F833,32.6153846154,1477904441
0000000038FA,38.5454545455,1477904278
0000000028B3,31.2786885246,1477903818
000000014FF9,33.4285714286,1477904254
000000018CDA,29.4803149606,1477904477
