000000028330,11.4545454545,1477915812
000000005DFC,23.5471698113,1477915983
000000016F67,29.023255814,1477915490
000000009E48,28.1454545455,1477915793
000000017FB9,25.1275167785,1477915557
00000001BB43,32.0672268908,1477915944
000000017FB6,25.1052631579,1477915913
000000001F1F,33.4285714286,1477915412
000000001F1A,38.5979381443,1477915228
000000016F5A,31.7480314961,1477915447
000000009E78,30.6885245902,1477916012
00000001916A,33.4285714286,1477915700
00000000C940,22.5542168675,1477915266
000000001F30,30.0472440945,1477916035
000000028CE7,10.3425414365,1477915294
000000013956,34.9906542056,1477915714
000000002CFA,22.7368421053,1477915620
000000001F2E,36.7058823529,1477916000
000000017FC8,34.9906542056,1477915813
00000000FFAB,30.6885245902,1477915458
