00000000B769,38.7692307692,1477870200
00000000314C,32.8421052632,1477870318
00000000EAC0,23.0943396226,1477870512
0000000288FD,10.0686015831,1477870256
0000000066A7,37.4117647059,1477870652
00000000B744,32.7857142857,1477869902
000000001C1A,31.6551724138,1477870477
00000000D02D,33.4285714286,1477870616
0000000196C2,29.4803149606,1477870066
0000000172B4,30.6885245902,1477870512
00000000EA69,30.1935483871,1477870144
000000003155,24.0,1477870542
000000004436,22.3902439024,1477870483
0000000021D6,37.8556701031,1477870358
00000000B73B,29.5813953488,1477870157
000000026671,12.690647482,1477870139
0000000044A9,19.0050761421,1477870448
000000016A02,29.7230769231,1477869992
0000000021F5,29.6129032258,1477870697
00000001C081,30.7741935484,1477870360
000000001C0F,35.6288659794,1477870124
00000000B001,28.9090909091,1477870548
000000003115,36.7058823529,1477870244
00000000449A,29.5813953488,1477870724
000000003176,42.0674157303,1477870610
0000000283E2,14.2446043165,1477870212
00000002825D,11.1906158358,1477870328
0000000065C5,30.1935483871,1477870055
00000000D022,31.4621848739,1477870245
000000016A10,24.1562130178,1477870096
00000000EACD,22.4191616766,1477870691
000000001C19,28.9133858268,1477870458
00000000EA71,26.3661971831,1477869992
0000000066AE,30.6885245902,1477870726
