000000029523,15.0967741935,1477878103
00000000EE86,26.7272727273,1477877894
000000002476,25.8591549296,1477878425
000000002474,28.9133858268,1477878385
00000000D500,30.6885245902,1477878079
000000001D0A,30.6885245902,1477878162
000000003430,30.8571428571,1477877977
00000000D539,36.45,1477878424
00000001DC74,35.320754717,1477878492
00000001872A,24.6315789474,1477877708
00000000242A,31.3846153846,1477877853
00000002849B,10.1379310345,1477877908
00000000244C,25.8591549296,1477878107
000000026583,11.736677116,1477878062
000000010B6E,28.9133858268,1477877841
00000000D4D6,34.9906542056,1477877885
000000016B90,27.9402985075,1477877800
000000001D06,34.3486238532,1477877746
000000001D04,28.3636363636,1477877702
000000019AD8,36.7058823529,1477878203
00000000B11F,32.8421052632,1477878106
000000016BA3,35.3076923077,1477878374
