000000009107,25.1275167785,1477890680
000000017885,38.5979381443,1477890733
000000012DDD,30.0472440945,1477890713
000000001D94,32.6153846154,1477890837
000000001D96,26.5263157895,1477891112
00000001105F,34.3177570093,1477890991
000000011020,30.1935483871,1477890424
0000000285A5,18.0,1477890523
00000000D937,20.347826087,1477890664
00000000266A,29.0420168067,1477891136
00000000367F,26.802919708,1477890895
000000003685,36.7058823529,1477890461
00000000B1BE,23.1111111111,1477890783
000000004FEC,26.0,1477890314
