00000002AFF0,10.6666666667,1477909621
000000017CFC,40.0235294118,1477909296
000000001E79,27.8181818182,1477909330
000000001E78,32.7857142857,1477909312
000000002AA9,33.4285714286,1477909646
0000000079CD,36.0,1477909346
000000001E7C,25.4693877551,1477909437
000000001E7B,40.6956521739,1477909404
00000002AFFB,19.914893617,1477909483
000000018EBB,36.7058823529,1477909641
00000000FB9C,26.802919708,1477909639
000000003B17,25.4693877551,1477909778
000000018E8C,39.5294117647,1477910014
00000000C653,27.8181818182,1477909748
000000007A50,29.4803149606,1477910032
000000005978,23.5471698113,1477909774
000000016E22,41.4782608696,1477909343
000000016E23,43.0344827586,1477909421
000000016E25,33.4285714286,1477909373
000000002A9B,36.7058823529,1477909408
0000000265D6,12.2553191489,1477909794
0000000164EC,28.9133858268,1477909466
000000002A90,27.8540145985,1477909232
00000000FB2C,32.8421052632,1477909675
000000001E86,36.0,1477909906
000000001E87,32.7857142857,1477909922
000000001E85,29.4803149606,1477909821
00000000B2B7,23.847133758,1477909518
000000001E6E,32.0,1477910002
00000000B2C7,30.1538461538,1477909586
00000000B2D0,32.0,1477909970
