000000012331,33.4285714286,1477869045
000000017257,32.8421052632,1477869820
00000000B6FD,29.4803149606,1477869637
000000017210,32.4955752212,1477869500
00000000B6B4,26.5531914894,1477869110
000000001BFC,32.0,1477869472
00000000442C,31.4621848739,1477869593
000000001BFE,39.0638297872,1477869565
00000000B708,29.25,1477869707
000000002172,30.0472440945,1477869355
00000000214E,26.8732394366,1477869070
00000000CF4C,41.5670103093,1477869612
000000017243,30.8571428571,1477869451
00000000217F,39.3402061856,1477869424
000000001C04,25.1052631579,1477869773
00000001C05B,39.9130434783,1477869090
0000000043B9,31.4621848739,1477869068
000000002183,33.0491803279,1477869527
000000001BF7,27.0638297872,1477869259
00000002654F,13.7689243028,1477869139
00000001722A,32.0672268908,1477869331
00000000AFE0,23.847133758,1477869791
000000001BF0,28.4651162791,1477869118
000000001BF9,22.3157894737,1477869692
00000001AAB4,27.8540145985,1477869311
