37.4117647059|2|37.412|0.000|000000001FAD|3
34.9906542056|2|34.991|0.000|00000000402E|3
34.9906542056|3|31.100|30.282|0000000061E5|3
45.6585365854|4|43.797|5.061|00000000CC85|3
39.9130434783|4|38.980|66.197|00000000CC96|3
43.8620689655|10|40.277|157.993|0000000102D3|3
10.2284122563|8|33.092|277.416|0000000102F3|3
35.3571428571|5|36.561|8.560|00000001A895|3
10.6666666667|2|10.667|0.000|000000026926|3
11.4594594595|3|15.433|31.582|00000002692C|3
13.9701492537|5|15.300|4.703|00000002885F|3
11.6635514019|3|12.620|1.829|00000002AD44|3
