37.0909090909|4|40.846|16.267|000000001DAF|3
30.0983606557|5|42.054|98.108|000000002754|3
30.6885245902|5|33.687|182.104|00000000277B|3
23.4418604651|3|32.428|161.498|00000000277C|3
24.6315789474|3|27.784|19.870|000000002781|3
23.2105263158|6|37.259|119.664|000000003770|3
26.5531914894|9|28.673|161.518|00000000524E|3
35.6288659794|5|29.195|53.779|00000000C109|3
34.9906542056|5|28.740|42.175|00000000DAC0|3
31.7064220183|5|32.284|39.207|00000000DAD6|3
28.3636363636|10|35.941|40.536|00000001CA57|3
14.8782287823|4|19.522|21.673|00000002961C|3
