30.8571428571|4|31.003|1.049|000000001E3B|3
39.5294117647|6|36.392|10.263|00000000297F|3
27.8540145985|7|25.584|135.716|000000002982|3
28.9090909091|3|22.823|74.080|0000000029AF|3
22.4191616766|4|34.521|150.260|0000000029C7|3
23.2405063291|3|28.170|48.591|0000000029E1|3
25.8|3|32.208|20.550|0000000039FA|3
31.4621848739|5|35.645|29.883|0000000039FE|3
31.2558139535|6|32.775|80.867|000000003A18|3
34.5882352941|9|33.452|135.211|000000003A30|3
21.1525423729|4|26.851|45.979|000000003A32|3
36.0|3|38.585|35.703|00000000B286|3
26.0|2|34.007|64.107|00000000B28D|3
36.6923076923|4|33.205|13.343|00000000C45F|3
32.0|6|35.866|42.707|00000000C4C5|3
36.0|3|35.536|34.520|00000000C51C|3
30.8571428571|4|29.999|0.815|00000000DEB5|3
36.6923076923|5|34.069|4.932|00000000F9FD|3
27.9402985075|5|28.823|19.932|0000000115D2|3
28.0|5|25.370|6.032|000000018DBC|3
32.0|8|33.168|105.381|00000001A183|3
29.5813953488|8|32.947|56.787|00000001CDA9|3
12.1165048544|6|14.703|15.229|000000029D0C|3
