34.3177570093|2|34.318|0.000|000000001C6C|3
32.5161290323|2|32.516|0.000|000000001C6F|3
28.3636363636|5|37.326|60.218|000000001C72|3
33.8823529412|4|35.077|2.822|000000001C77|3
26.8732394366|2|26.873|0.000|000000001C79|3
36.0|1|36.000|0.000|000000001C82|3
20.9162011173|2|20.916|0.000|000000002289|3
23.1673469388|5|33.195|68.567|0000000022B1|3
42.2068965517|6|39.726|163.763|0000000022B7|3
25.5|5|40.037|65.469|000000003242|3
30.6885245902|6|31.471|79.162|000000003265|3
34.9906542056|4|37.919|43.314|000000003276|3
31.2786885246|5|34.516|19.096|000000003279|3
27.8540145985|8|35.021|79.127|00000000B046|3
43.0344827586|4|41.387|22.175|00000000B077|3
30.0983606557|3|33.820|27.700|00000000B07E|3
26.8732394366|4|30.330|16.130|00000000B8F3|3
34.3177570093|4|36.665|14.476|00000000D18D|3
14.0487804878|5|26.276|148.225|00000000D1B6|3
34.4615384615|7|36.284|41.928|000000010796|3
30.1935483871|11|29.887|78.935|0000000107D5|3
27.9402985075|4|37.375|98.341|000000016AC3|3
27.3284671533|7|31.769|139.045|00000001737C|3
32.6153846154|5|37.347|38.555|000000017394|3
25.4693877551|6|28.138|42.235|0000000173BD|3
26.9352517986|6|29.303|29.491|0000000173C7|3
28.7492957746|7|34.287|56.963|000000018521|3
30.6885245902|10|26.715|39.971|00000001F00A|3
10.2857142857|3|10.696|0.336|000000026568|3
17.1121076233|6|14.506|6.233|00000002ADF8|3
