28.9133858268|5|35.515|50.466|000000001C19|3
31.6551724138|6|36.943|53.027|000000001C1A|3
25.6438356164|3|28.334|14.478|000000001C21|3
25.4693877551|2|25.469|0.000|000000001C25|3
37.8556701031|3|36.555|3.384|0000000021D6|3
29.6129032258|4|33.280|65.025|0000000021F5|3
26.5|2|24.982|2.305|0000000021FA|3
27.7795275591|3|36.076|137.649|000000002214|3
36.7058823529|9|29.329|109.748|000000003115|3
32.8421052632|6|33.526|16.205|00000000314C|3
24.0|3|35.835|84.539|000000003155|3
34.9906542056|3|39.071|33.293|0000000031A0|3
22.3902439024|7|29.921|82.034|000000004436|3
29.5813953488|8|31.038|30.612|00000000449A|3
19.0050761421|8|29.513|117.659|0000000044A9|3
37.4117647059|7|31.219|62.505|0000000066A7|3
30.6885245902|10|32.160|124.732|0000000066AE|3
28.9090909091|7|37.759|62.041|00000000B001|3
35.0091743119|3|35.334|0.211|00000000B015|3
38.7692307692|6|41.900|8.991|00000000B769|3
30.0983606557|4|30.800|12.635|00000000B7BD|3
29.5813953488|2|29.581|0.000|00000000B7C9|3
31.4621848739|5|36.560|25.933|00000000D022|3
33.4285714286|8|39.891|51.578|00000000D02D|3
23.2546583851|4|30.392|61.596|00000000D073|3
34.0714285714|6|31.101|112.364|00000000D07E|3
23.5555555556|5|35.376|101.446|00000000D07F|3
23.0943396226|5|28.032|97.251|00000000EAC0|3
22.4191616766|7|23.130|83.328|00000000EACD|3
36.0|4|32.825|94.302|00000000EB0C|3
30.6885245902|5|34.233|26.020|0000000172B4|3
27.652173913|5|34.347|43.030|0000000172D0|3
33.4285714286|5|38.155|37.433|0000000172D8|3
28.3278688525|7|36.230|42.353|000000018405|3
30.7741935484|14|32.265|108.381|00000001C081|3
11.027027027|2|11.027|0.000|000000026558|3
11.1906158358|3|12.569|3.800|00000002825D|3
14.2446043165|3|15.524|3.273|0000000283E2|3
10.0686015831|4|13.726|20.432|0000000288FD|3
10.3425414365|3|14.070|27.788|00000002A89C|3
