39.9130434783|2|39.913|0.000|000000001EA4|3
24.5|1|24.500|0.000|000000001EAC|3
29.4803149606|6|35.418|159.844|000000002AC7|3
39.3402061856|3|36.059|21.532|000000002B34|3
32.0|6|34.186|125.164|000000002B56|3
30.3157894737|3|38.772|143.009|000000002B5A|3
32.0|2|41.767|95.393|000000002B75|3
32.0|2|34.692|7.244|000000002B80|3
37.8556701031|4|34.904|21.899|000000003BF4|3
26.1818181818|5|27.924|41.115|000000005AC3|3
23.5555555556|7|33.445|62.731|000000007B1B|3
27.9402985075|5|36.370|53.173|00000000B30C|3
36.7058823529|4|39.521|25.964|00000000C747|3
30.9473684211|8|36.139|102.487|00000000C75A|3
41.5670103093|4|41.685|2.144|00000000C76B|3
26.3661971831|5|39.161|150.771|00000000C76D|3
35.6635514019|4|33.686|30.468|00000000C76E|3
36.0|3|41.002|15.774|00000000E151|3
21.9130434783|4|29.919|64.202|00000000E1B6|3
26.8732394366|5|34.449|66.379|00000000E1DE|3
25.8591549296|4|32.302|48.245|00000000E1DF|3
34.9906542056|4|33.947|1.137|00000000FCAA|3
34.3177570093|11|32.140|89.645|00000000FCB2|3
24.338028169|7|33.215|45.366|00000001360B|3
32.0|7|32.630|152.057|000000016E85|3
28.4776119403|10|37.488|108.040|000000017DC0|3
17.0|4|28.951|49.620|000000017DEC|3
27.2125984252|5|33.785|63.067|000000017E11|3
39.3402061856|6|42.597|57.323|000000018F7A|3
35.0091743119|11|29.425|114.236|00000001A392|3
11.9616613419|7|14.172|13.972|000000028704|3
10.3140495868|4|11.866|4.983|00000002874D|3
11.5287009063|5|12.429|6.230|000000029205|3
15.75|6|13.945|4.549|00000002BCC5|3
