34.3486238532|2|34.349|0.000|000000001D67|3
23.9830985915|2|23.983|0.000|000000001D6A|3
35.6288659794|2|35.629|0.000|000000001D6B|3
33.4285714286|3|32.221|2.917|00000000255D|3
32.7857142857|4|31.925|0.834|000000002569|3
36.0|2|32.243|14.114|00000000B16F|3
34.9906542056|4|32.379|50.801|00000000BD85|3
28.5801526718|4|31.034|17.005|00000000BD96|3
28.5801526718|4|31.962|21.324|00000000BDA2|3
40.6956521739|4|36.978|18.600|00000000D726|3
27.4029850746|4|31.001|13.875|00000000D73E|3
23.4319526627|6|34.193|92.444|00000000D749|3
26.7906976744|5|33.013|38.340|00000000D757|3
38.347826087|4|42.876|52.450|000000016C1A|3
31.4621848739|9|34.285|82.463|0000000188D9|3
31.4621848739|9|30.653|22.245|00000001C70E|3
13.5319148936|5|19.746|32.532|00000002AEAD|3
