21.1525423729|4|25.301|18.037|000000001D3C|3
32.8421052632|2|32.842|0.000|000000001D47|3
30.1935483871|2|30.194|0.000|000000001D4A|3
26.4172661871|2|26.417|0.000|000000001D4E|3
33.4285714286|2|33.429|0.000|000000001D51|3
26.5531914894|5|30.690|227.182|000000002502|3
36.6923076923|3|37.928|3.055|00000000250D|3
35.3571428571|5|37.321|67.755|0000000034FB|3
38.8314606742|4|36.426|66.190|000000003504|3
29.5813953488|5|31.181|145.957|000000008E01|3
17.4432989691|4|25.504|64.972|00000000D5D1|3
11.0769230769|5|27.719|186.925|00000000D663|3
32.8421052632|9|30.858|192.293|00000000F09C|3
14.3448275862|3|13.314|2.125|000000026593|3
13.6|2|13.180|0.177|00000002671C|3
