25.1052631579|4|34.542|91.056|000000001D2B|3
33.4285714286|2|33.429|0.000|000000002467|3
32.5009345794|2|32.501|0.000|00000000248A|3
27.8709677419|3|32.603|44.790|0000000024BF|3
24.1578947368|3|29.312|53.139|0000000024C1|3
33.4285714286|3|39.653|77.478|0000000024CA|3
31.4621848739|2|31.462|0.000|0000000034AE|3
26.802919708|3|28.166|3.718|000000004BE8|3
28.9133858268|3|34.286|57.738|00000000B136|3
38.5454545455|6|35.134|149.480|00000000BC43|3
36.7058823529|4|38.185|3.856|00000000BC5B|3
34.3486238532|4|33.104|81.437|00000000BC7D|3
30.9421487603|7|32.677|2.388|00000000D54E|3
26.3661971831|8|36.150|95.229|00000000D5A0|3
34.3486238532|6|35.372|42.755|00000000D5D3|3
28.3636363636|6|37.973|142.804|00000000F027|3
30.6885245902|6|31.224|68.157|00000000F065|3
39.3402061856|9|39.396|61.423|000000016BB8|3
29.5384615385|4|36.825|90.387|000000016BCA|3
30.6885245902|5|31.725|18.613|000000017655|3
23.1111111111|6|27.837|25.498|0000000187E7|3
34.9906542056|13|29.390|97.739|00000001C4EB|3
12.438538206|3|12.400|0.003|00000002658F|3
11.9616613419|3|11.545|0.347|0000000266F9|3
12.1558441558|4|13.072|2.257|00000002849C|3
10.8837209302|5|16.145|37.909|00000002AE7C|3
12.5637583893|8|12.554|3.427|00000002BF1D|3
