25.1746478873|17|25.004|75.590|00000001E77B|64
37.2375|7|26.081|61.677|00000001E826|64
32.5607142857|4|25.682|54.784|00000001E870|64
23.098136646|2|23.098|0.000|00000001E8A0|64
35.7529411765|5|25.899|83.201|00000001E8AB|64
32.5190082645|14|23.665|62.708|00000001F713|64
41.7842696629|6|34.182|98.576|00000001F78F|64
33.4093457944|5|30.012|120.975|00000001F7B6|64
32.4352941176|5|27.905|24.935|00000001F7D1|64
35.7529411765|5|31.321|30.457|00000001F7DA|64
15.0618834081|9|14.553|15.031|00000002BC9C|64
