20.1966101695|5|21.239|13.304|00000001CD9F|64
29.2636363636|5|26.789|33.632|00000001CDBF|64
33.2035714286|3|28.829|38.277|00000001CDC6|64
35.0653846154|3|28.663|81.978|00000001CDD7|64
33.4568807339|4|26.463|49.467|00000001CDDE|64
32.5607142857|8|27.631|93.285|00000001E597|64
21.2023255814|4|21.037|3.450|00000001E5DF|64
35.4486486486|10|28.465|132.223|00000001F5CD|64
41.9172413793|7|30.804|309.560|00000001F5F7|64
18.4099009901|5|15.662|7.680|00000002BC67|64
21.7071428571|5|17.962|23.887|00000002C117|64
