23.9921052632|9|22.298|44.337|00000001CE73|64
20.432967033|9|24.869|102.106|00000001CE76|64
18.0534653465|3|17.409|0.832|00000001CE81|64
18.99375|7|19.504|3.616|00000001CEA8|64
17.5235294118|9|21.942|101.295|00000001E661|64
18.9142857143|4|19.456|3.398|00000001E668|64
20.7754189944|6|20.098|5.621|00000001E68B|64
18.7979381443|11|24.261|75.686|00000001F609|64
17.6173913043|6|21.967|25.259|00000001F64D|64
16.7513513514|7|22.586|64.675|00000001F662|64
18.0534653465|8|24.620|85.663|00000001F67A|64
21.5786982249|6|22.641|19.787|00000001F690|64
17.5326923077|4|17.450|18.306|00000002C14D|64
14.1898832685|6|16.462|8.353|00000002C474|64
