00000000D315,47.2721311475,1477875059
0000000269EF,12.8732142857,1477875039
000000003360,54.0642857143,1477875607
00000001993B,39.501369863,1477875628
00000001864A,39.55,1477875648
000000015F07,38.7428571429,1477875789
0000000294C5,13.8634615385,1477875023
000000004846,34.5341317365,1477875106
0000000004B5,42.3755725191,1477875677
0000000004B2,44.0244274809,1477875605
0000000004B3,30.1333333333,1477875644
0000000004B0,51.4928571429,1477875557
000000008AD9,32.2189944134,1477875569
00000000238C,39.2326530612,1477875235
00000000D2C6,48.4638655462,1477875412
000000003371,35.1555555556,1477875753
000000006A40,36.7337579618,1477875480
0000000023AB,37.9421052632,1477875581
00000000D32D,32.1762711864,1477875201
000000006A32,40.614084507,1477875331
00000002620F,17.275739645,1477875408
00000002620E,13.1671232877,1477875398
000000003356,43.1454545455,1477875474
0000000023A6,52.9100917431,1477875512
00000000ED9D,41.5708029197,1477875287
0000000266D6,25.7701357466,1477875604
0000000266D2,16.9139664804,1477875438
000000026DC8,19.9290102389,1477875043
000000003338,34.5341317365,1477875788
000000018609,54.5719626168,1477875041
000000003336,31.6879120879,1477875096
000000019971,37.7165562914,1477875272
00000000ED91,13.4320754717,1477875506
00000000239F,51.4928571429,1477875412
0000000004AD,46.6819672131,1477875468
0000000260C5,14.1384987893,1477875601
0000000260C4,16.402247191,1477875352
0000000260C1,19.3530201342,1477875062
0000000260C3,13.6988123515,1477875335
0000000266CF,20.3787985866,1477875340
0000000266CE,21.389010989,1477875210
00000002BED3,16.1337110482,1477875660
00000001452B,43.6909090909,1477875384
00000000144B,52.1357142857,1477875383
000000002399,43.6909090909,1477875364
00000001DAAC,41.5708029197,1477875002
