000000026230,14.24,1477878681
00000000347C,43.576119403,1477878742
000000002475,47.6628099174,1477878777
00000000D4EF,43.6909090909,1477879122
00000002B61B,20.025,1477878961
00000000347B,37.4493506494,1477878680
000000006BB1,44.7069767442,1477878820
0000000034AC,32.2607734807,1477879306
000000010C80,37.4684210526,1477879001
000000000500,36.9333333333,1477878783
000000003487,43.576119403,1477878926
000000000506,40.614084507,1477878917
000000019B63,43.0388059701,1477879277
00000002B238,10.0897133221,1477878793
000000006C7D,47.2721311475,1477878640
000000006C97,16.6834285714,1477879281
000000003481,32.8095808383,1477878839
00000000BC14,55.8352941176,1477879006
00000001C55D,47.2721311475,1477878962
000000003489,43.0388059701,1477878805
00000000EF7F,26.0054794521,1477878740
000000028F6E,12.2672268908,1477879212
000000008CE8,51.2074766355,1477879360
0000000024B2,49.2923076923,1477879178
0000000014EF,43.576119403,1477878977
000000017630,32.6212290503,1477878940
00000001FBE6,12.1174468085,1477879089
00000000347A,39.2326530612,1477878711
000000006CA5,40.1070422535,1477878730
000000004B63,45.411023622,1477878796
000000026407,10.9227272727,1477879080
000000000C00,38.0788732394,1477878871
0000000128A1,37.9421052632,1477879003
000000002499,49.9076923077,1477878884
00000000050E,32.7681818182,1477879325
00000000349C,45.411023622,1477879103
