000000026179,20.2676156584,1477916174
000000007EE1,51.4928571429,1477916348
0000000268B7,16.4307692308,1477916525
000000001A81,47.2721311475,1477916428
000000001F26,34.9132075472,1477916213
000000002D18,35.1658536585,1477916201
00000000E426,41.5090909091,1477916277
000000011CDF,44.8440944882,1477916743
000000007E63,52.1357142857,1477916131
00000002725C,16.3186246418,1477916448
00000000081F,51.2074766355,1477916539
00000000081A,28.1940594059,1477916312
000000001F33,47.5086614173,1477916573
00000001A641,40.614084507,1477916502
000000001A14,39.2326530612,1477916397
0000000292A9,15.2459530026,1477916314
00000002617C,19.6597402597,1477916718
000000005E1E,36.7337579618,1477916393
000000001108,56.5411764706,1477916357
000000027EC6,10.4667876588,1477916411
0000000191E8,35.1555555556,1477916335
