000000003752,45.8727272727,1477895685
000000000D11,35.1658536585,1477895545
000000026AD3,17.275739645,1477895831
00000001C979,51.4928571429,1477895618
0000000092C7,43.1433070866,1477895415
000000017936,40.9726618705,1477895647
00000000F544,22.8722891566,1477895815
000000002744,36.9692307692,1477895757
000000029C84,14.3106699752,1477895816
000000026104,16.5886363636,1477895607
000000005209,44.8440944882,1477895483
00000000B1F2,48.2516129032,1477895572
00000000521E,42.096350365,1477895660
0000000051FF,42.6218978102,1477895418
000000019ED7,33.111627907,1477896110
000000014D40,43.5625899281,1477895995
00000000273F,44.5740458015,1477895610
