000000003D02,42.6218978102,1477913913
00000000106C,39.2326530612,1477913697
00000000106B,37.9421052632,1477913650
00000000E2DA,38.4157894737,1477913864
000000005C43,44.2363636364,1477913420
000000002C55,34.7268292683,1477913867
000000003CC8,44.0244274809,1477913321
000000002C45,33.9,1477913727
000000000784,54.0642857143,1477913307
00000000E2D3,47.2721311475,1477913583
00000000079A,37.4684210526,1477913728
00000000079D,49.0965517241,1477913778
00000002A7AA,15.6032876712,1477913685
0000000019CE,44.8440944882,1477913917
00000000100F,46.5096774194,1477913168
0000000265E6,14.6005063291,1477913183
00000000E2BC,44.198540146,1477913380
00000000B333,39.2326530612,1477913433
0000000271DC,15.20625,1477913684
000000011AE0,54.5719626168,1477913825
000000028C93,14.1007334963,1477913385
000000015678,44.8440944882,1477913931
000000002C10,13.1217977528,1477913365
000000017E98,57.5272727273,1477913161
00000002A7BE,14.5657289003,1477913282
00000001BA46,36.7337579618,1477913149
000000026163,14.1352941176,1477913413
000000026161,10.1654916512,1477913211
000000026165,11.9403726708,1477913475
0000000262ED,23.443902439,1477913268
000000002C1C,45.411023622,1477913228
000000016689,15.9978082192,1477913746
00000001BA21,41.1211267606,1477913220
00000000C86F,45.7714285714,1477913608
00000001E8A4,57.2470588235,1477913373
000000005C30,43.6729927007,1477913303
00000000077A,39.9941605839,1477913108
000000027E7A,13.0623853211,1477913289
000000003CE4,47.2721311475,1477913587
00000000105B,43.1454545455,1477913344
000000016660,45.2651162791,1477913622
000000003C80,54.5719626168,1477913604
000000001045,33.5302325581,1477913489
00000001A4ED,46.6819672131,1477913118
000000026310,10.1905759162,1477913352
