000000000533,42.0086330935,1477881087
00000000251A,39.418705036,1477881460
000000000534,13.8907317073,1477881268
00000000D69C,45.0885245902,1477881463
00000000D636,36.2716981132,1477880722
000000027BCD,25.5185840708,1477881327
0000000260E0,19.727027027,1477881402
00000001DDEA,42.096350365,1477881259
0000000260DE,15.2686327078,1477881185
0000000260DF,16.95,1477881239
000000001545,45.9779527559,1477880929
000000006DDB,36.7337579618,1477880952
000000002507,32.5830508475,1477881117
00000000154A,54.5719626168,1477881429
000000029B88,11.0361829026,1477881073
00000000D664,45.411023622,1477880772
000000008E01,15.4616621984,1477880876
00000000052B,12.3189873418,1477880775
000000000C44,42.0086330935,1477881465
000000000539,47.8588235294,1477881441
00000001482F,54.5513513514,1477880756
0000000289EB,18.5238390093,1477881119
000000028F9E,10.064921466,1477880734
0000000034C0,43.576119403,1477881079
00000002BF7C,17.3189189189,1477881314
