000000007E34,43.8092307692,1477915295
00000002633C,19.8612244898,1477915522
00000002B43D,11.0271510516,1477915262
0000000007EF,40.9726618705,1477915172
0000000007EA,43.0388059701,1477915136
0000000007EB,52.4842105263,1477915131
000000029247,11.3976284585,1477915248
00000000FFBC,43.0388059701,1477915552
00000000FFBA,35.1555555556,1477915654
000000005DC1,43.7102362205,1477915526
00000000FF6A,50.85,1477915011
00000000C921,44.7069767442,1477915236
000000001A18,47.862295082,1477915200
0000000007E9,55.8352941176,1477915114
00000000E38A,47.2721311475,1477915263
0000000271FC,12.7030837004,1477914909
000000003DBC,45.411023622,1477915401
00000000FFC6,45.411023622,1477915579
000000007E58,46.6819672131,1477915226
00000000E381,58.2545454545,1477915035
000000009CFE,40.1070422535,1477915294
00000000FF8D,43.6909090909,1477915257
000000027EC6,18.4846153846,1477915577
000000026BDC,12.5101952278,1477915053
0000000007DD,38.585915493,1477914954
00000002722A,18.5440514469,1477914997
000000005D68,41.490647482,1477915566
000000026177,21.5194029851,1477915515
0000000010DC,44.198540146,1477915258
000000002CF7,38.1933774834,1477915495
000000002C8D,42.1352112676,1477915327
0000000007F9,47.8588235294,1477915328
000000017F65,55.8352941176,1477915037
0000000007FF,12.6473684211,1477915556
0000000007FA,33.699408284,1477915689
0000000007FC,42.4744186047,1477915365
000000005D6A,36.2716981132,1477914922
000000007E9B,46.8307692308,1477915506
000000000779,33.8033898305,1477914945
000000002CCC,54.5719626168,1477914966
00000001916A,12.1414736842,1477915518
0000000265F9,13.6340425532,1477915516
000000028781,10.2802139037,1477915246
000000000806,46.5096774194,1477915518
000000000803,36.7337579618,1477915498
000000001A32,40.9021276596,1477915078
00000001D1FA,40.8176470588,1477915526
