000000018A81,48.2516129032,1477892619
000000000CD3,46.5096774194,1477892149
000000000CD0,50.85,1477892508
00000000D94C,41.5708029197,1477892116
00000001F390,49.2923076923,1477892491
000000026AAD,14.7369458128,1477891802
0000000026A4,38.7060402685,1477892178
000000019E28,34.125443787,1477892564
00000000D9A9,42.5014925373,1477892276
00000000BFA5,47.0903225806,1477892382
0000000005B6,45.411023622,1477892579
000000026FCB,11.6981744422,1477892035
000000014C0D,34.5341317365,1477891903
0000000036A9,48.6769230769,1477892394
00000000D9AC,32.9898305085,1477892314
00000000507A,51.4928571429,1477891976
0000000050E2,39.55,1477892568
000000026FD6,16.3655172414,1477892454
000000026AB5,28.2666666667,1477892339
