000000027731,17.275739645,1477907045
00000002776A,16.3376770538,1477907331
000000011649,13.0923766816,1477906914
000000003A30,13.9775510204,1477907435
000000003A11,43.1454545455,1477907051
0000000006AB,46.3813953488,1477907520
000000002982,11.0496350365,1477906908
000000018DA5,49.2923076923,1477907291
000000000E95,50.85,1477907180
00000000DEF8,44.8440944882,1477907583
0000000151D3,49.2923076923,1477907497
0000000097FB,53.8990654206,1477906979
00000000780B,49.7172413793,1477906978
000000026817,20.2048442907,1477907336
00000000298B,38.1095541401,1477907143
000000000E7F,47.2721311475,1477907491
000000000E7B,26.2451612903,1477906936
0000000039E4,49.2923076923,1477906918
00000001E5A5,56.5411764706,1477907644
0000000006A0,39.2326530612,1477907616
00000000069D,31.2256684492,1477907240
000000000E82,41.490647482,1477907022
0000000006A9,38.05,1477907486
000000001E23,40.1070422535,1477907163
00000000DEA3,40.614084507,1477907350
