000000014B5D,35.6,1477889904
00000000059B,45.411023622,1477889471
00000000B1A7,52.9100917431,1477889453
000000014B3E,36.0444444444,1477889677
000000003658,37.7165562914,1477889216
00000000B19F,57.2470588235,1477889139
00000000263D,57.2470588235,1477889318
000000001D8E,38.4157894737,1477889352
00000000D8F4,36.2716981132,1477889406
000000003664,33.8279329609,1477889403
000000003666,35.1658536585,1477889497
000000004F51,53.8990654206,1477889424
0000000260F0,15.6813559322,1477889486
000000026764,13.8634615385,1477889227
00000000263C,30.0375,1477889324
000000026762,13.5480278422,1477889195
