0000000073FB,45.411023622,1477897882
000000026276,12.611663067,1477897929
00000002ABAB,12.8732142857,1477898122
000000000D4A,53.2261682243,1477898189
00000000378A,15.1274611399,1477898281
0000000027A6,41.1211267606,1477897806
0000000052F4,54.7615384615,1477897841
0000000005F5,49.2923076923,1477898292
0000000005F4,42.096350365,1477898246
00000002A724,12.2031180401,1477898149
0000000005F2,53.2261682243,1477898093
00000000DB5E,42.4058823529,1477898473
000000000D41,25.2497695853,1477897839
0000000037C0,51.4928571429,1477898040
000000005347,49.2923076923,1477898596
0000000037CB,47.2721311475,1477898480
