59.4556701031|3|58.416|2.160|0000000003A5|1
36.9692307692|3|36.323|0.835|0000000003AC|1
43.6909090909|3|42.927|1.166|0000000003AF|1
36.5210526316|3|35.858|0.880|0000000003B9|1
30.5142857143|3|29.981|0.569|0000000003BC|1
47.2721311475|3|46.446|1.365|0000000003BF|1
55.4538461538|3|54.485|1.879|0000000003C1|1
54.4075471698|3|53.457|1.809|0000000003C2|1
49.7172413793|2|48.414|1.699|0000000003C5|1
50.5894736842|2|49.263|1.759|0000000003C6|1
42.6218978102|2|41.518|1.218|0000000003CA|1
33.8279329609|2|32.983|0.714|0000000003CD|1
40.614084507|2|39.549|1.134|0000000003D0|1
41.1211267606|4|36.184|54.370|000000000A24|1
53.8990654206|4|44.255|112.962|000000000A52|1
47.2721311475|3|38.607|111.316|000000000A58|1
45.411023622|4|43.818|70.672|000000000A5B|1
38.05|5|43.183|124.933|000000001326|1
49.2923076923|3|48.431|1.484|000000001C0E|1
40.05|3|35.034|32.187|000000002191|1
50.5894736842|4|44.516|81.968|0000000021E3|1
37.9421052632|3|38.270|4.159|000000002200|1
56.5411764706|5|36.731|254.389|000000002202|1
38.7428571429|5|32.748|64.306|00000000220D|1
51.1384615385|3|45.946|31.533|000000002216|1
44.8440944882|3|41.552|9.775|000000002217|1
35.3579617834|6|29.392|61.148|00000000318A|1
26.5769585253|6|27.926|25.745|0000000044CB|1
46.6819672131|7|38.170|86.461|000000004511|1
42.9352941176|5|38.760|10.478|00000000456A|1
16.7312320917|10|30.764|146.372|0000000066AE|1
57.2470588235|7|46.707|105.469|00000000875E|1
40.614084507|5|32.066|107.820|00000000A42B|1
38.4157894737|4|36.237|7.549|00000000B758|1
33.4097560976|5|29.859|61.024|00000000D006|1
30.6100558659|4|30.439|1.257|00000000D065|1
56.5411764706|6|42.041|223.752|00000000EADA|1
37.9421052632|9|33.509|66.144|0000000106FE|1
39.418705036|7|28.189|59.699|00000001AB64|1
29.7278350515|7|28.490|63.424|00000001EF33|1
13.0048997773|3|12.780|0.101|000000026094|1
16.7312320917|3|15.378|1.819|000000026D33|1
13.4294117647|3|14.058|2.087|000000026D41|1
17.6023255814|4|17.300|0.768|000000027A34|1
10.8894837476|7|13.695|14.600|000000029429|1
