32.5830508475|3|32.014|0.649|0000000004A8|1
52.1357142857|3|51.236|1.620|0000000004BC|1
39.7224489796|2|38.694|1.058|0000000004C9|1
40.614084507|2|39.549|1.134|0000000004CB|1
51.4928571429|2|50.143|1.822|0000000004CD|1
11.7859872611|4|15.565|47.902|000000000B8A|1
30.0375|4|33.593|74.012|000000000BA1|1
42.4744186047|2|41.302|1.374|000000001CE4|1
38.7060402685|6|29.732|85.996|0000000023C8|1
45.411023622|6|35.465|116.937|0000000023C9|1
44.7069767442|6|36.723|86.439|0000000023E9|1
31.7347826087|4|32.483|5.486|0000000023EA|1
32.2085106383|6|26.608|33.620|0000000033AB|1
45.411023622|5|35.777|48.184|000000004994|1
38.05|3|36.790|0.823|000000006A95|1
50.5894736842|7|36.957|142.502|00000000D3D4|1
48.4638655462|6|42.529|42.936|00000000EE52|1
42.6218978102|7|30.428|110.803|0000000145A7|1
45.9779527559|10|38.136|88.931|0000000145B9|1
31.6879120879|7|33.876|99.751|0000000145F1|1
41.5708029197|8|32.099|91.247|000000016B46|1
48.4638655462|6|36.472|163.515|000000017509|1
30.8952380952|5|27.641|11.759|000000017524|1
47.0903225806|9|32.959|136.567|00000001867F|1
19.0336633663|3|18.701|0.221|0000000260C8|1
16.3376770538|2|15.909|0.183|000000026216|1
14.1320099256|9|14.574|9.079|00000002747B|1
14.6748091603|7|13.525|5.520|00000002806C|1
14.3117647059|6|13.185|0.951|0000000294D1|1
19.6163265306|5|18.742|0.587|0000000294E4|1
18.7246753247|8|17.836|14.202|0000000294F7|1
