45.411023622|2|44.220|1.417|0000000005B6|1
50.85|2|49.500|1.823|000000000CD0|1
46.5096774194|5|39.632|84.391|000000000CD3|1
38.7060402685|6|30.303|91.637|0000000026A4|1
48.6769230769|9|33.848|101.842|0000000036A9|1
51.4928571429|10|33.177|169.826|00000000507A|1
39.55|5|40.798|11.031|0000000050E2|1
47.0903225806|5|36.121|79.485|00000000BFA5|1
41.5708029197|12|35.754|60.770|00000000D94C|1
42.5014925373|7|36.147|92.419|00000000D9A9|1
32.9898305085|4|36.760|45.883|00000000D9AC|1
34.5341317365|7|37.496|58.262|000000014C0D|1
48.2516129032|5|41.623|30.406|000000018A81|1
34.125443787|6|34.041|63.480|000000019E28|1
49.2923076923|14|33.406|132.651|00000001F390|1
14.7369458128|4|14.749|0.296|000000026AAD|1
28.2666666667|5|19.997|50.120|000000026AB5|1
11.6981744422|7|12.103|5.399|000000026FCB|1
16.3655172414|5|13.624|3.900|000000026FD6|1
