58.7134020619|2|57.155|2.430|000000000834|1
51.1384615385|5|41.096|127.506|0000000010F2|1
44.1488372093|3|43.975|2.909|000000001123|1
39.55|4|27.807|122.070|000000002D4E|1
42.4744186047|4|38.903|24.263|000000002D53|1
47.862295082|3|44.951|6.613|000000002D60|1
32.0380952381|7|34.069|48.586|000000003E36|1
50.5894736842|5|41.504|82.726|000000005E93|1
14.3811023622|8|30.346|133.403|000000007F3C|1
41.490647482|7|34.981|42.229|000000009F18|1
13.35|5|24.738|114.253|00000000E445|1
44.8440944882|8|36.504|58.056|000000011CDF|1
37.9421052632|5|37.375|54.482|00000001923C|1
14.598|2|14.220|0.143|0000000203C7|1
19.6597402597|3|19.332|0.214|00000002617C|1
16.9126099707|5|17.014|1.943|0000000268A9|1
18.5440514469|4|16.329|11.230|00000002721E|1
17.8024390244|5|15.919|4.016|0000000278C3|1
19.818556701|5|17.065|3.962|00000002B0B3|1
