42.096350365|3|41.361|1.083|00000000053B|1
20.2676156584|3|19.909|0.257|00000000053F|1
48.4638655462|2|47.193|1.614|000000000545|1
31.1510204082|3|30.637|0.529|000000000546|1
53.8990654206|2|52.486|1.997|00000000054B|1
44.2363636364|2|43.091|1.312|00000000054E|1
53.8990654206|5|45.710|112.929|000000000C4B|1
44.7069767442|5|36.669|99.411|00000000251F|1
42.096350365|4|37.330|49.541|00000000252E|1
44.9114754098|8|34.205|101.531|0000000034F3|1
29.6406091371|5|33.266|26.023|000000003534|1
16.1303867403|5|27.409|117.448|00000000353E|1
51.4928571429|8|36.184|167.341|000000004CD6|1
36.7337579618|2|35.771|0.927|000000004CE6|1
31.2256684492|6|35.231|29.302|000000004CEC|1
37.2734693878|4|36.590|29.566|000000004D04|1
52.2495412844|9|39.727|86.521|000000006E15|1
49.2923076923|5|43.716|93.738|00000000BD15|1
49.9578947368|5|41.511|226.883|000000010D50|1
47.862295082|6|44.307|14.285|000000016BEB|1
45.9290322581|5|37.978|96.908|0000000176E5|1
52.9100917431|6|44.862|77.185|00000001888D|1
13.6340425532|2|13.277|0.128|0000000260E2|1
19.9557093426|6|16.783|9.331|000000026F09|1
16.1750692521|6|14.035|2.591|000000029BC5|1
