000000019CBB,28.8,1477884352
0000000149D4,48.0989690722,1477885064
00000001B180,14.5745454545,1477884940
00000001B164,16.6816901408,1477884556
00000001892B,28.3414012739,1477884540
00000001B15E,16.256445993,1477884425
00000001DEE1,38.2426229508,1477884484
00000002BB2E,13.9752212389,1477884507
00000002A216,15.2600682594,1477884656
00000001499B,48.8412371134,1477884601
00000001C753,33.3633802817,1477884312
00000001B172,32.0680851064,1477884820
00000001B16A,37.3039370079,1477884502
000000019CB7,30.2490566038,1477884346
000000012C05,23.5764705882,1477884309
000000018930,34.0554744526,1477884859
