00000001C92E,25.1389830508,1477892010
00000001B2F7,27.7052631579,1477892182
00000001B2F5,25.3347593583,1477892015
000000018A67,37.3039370079,1477891928
00000001C92A,51.4956521739,1477891974
00000001B31A,45.3735849057,1477892532
00000001C923,34.0834532374,1477891921
000000019E1C,50.4,1477891812
000000019E43,36.737007874,1477892435
00000001C91D,40.4923076923,1477891800
00000001B30E,39.0315789474,1477892355
000000019E37,34.0834532374,1477892251
000000012E4F,38.2426229508,1477891837
00000002C3CE,16.8597864769,1477892242
000000019E2A,41.4620689655,1477892124
