00000001A105,21.5004608295,1477905523
00000001B67E,21.3405405405,1477905376
00000001B614,24.6857142857,1477905321
00000001CCC3,12.9989189189,1477905415
00000001B6B2,24.675,1477905729
000000018D00,25.2194594595,1477905065
00000001E464,22.2666666667,1477905628
00000001A11F,24.675,1477905712
00000001A110,21.6328767123,1477905584
00000001A118,18.0824427481,1477905722
00000002B7CB,14.1876106195,1477905264
00000001B66F,24.675,1477905313
00000001A103,23.3379310345,1477905510
00000001A104,23.683248731,1477905521
00000001A0FE,25.8697674419,1477905429
00000001F577,24.1714285714,1477905334
00000002BC41,13.893255132,1477905319
00000001B644,19.5768595041,1477905002
000000018D39,19.1805668016,1477905760
00000001B69C,22.5391304348,1477905573
000000018D3B,24.5387755102,1477905618
00000001B690,18.5142857143,1477905455
00000002B7BA,26.0648044693,1477905648
00000001A0DB,19.9898734177,1477905258
000000018D25,19.5512195122,1477905398
