0000000178DD,23.2119402985,1477892831
0000000178D3,54.4551724138,1477892737
00000002B70E,17.4089552239,1477893353
000000012E80,27.2275862069,1477893017
00000001B344,42.3,1477893394
0000000178E6,30.7636363636,1477893318
00000001B33D,33.7090909091,1477893218
000000019E5C,43.8947368421,1477892855
000000018AAE,49.5835051546,1477893403
00000001B343,30.5651612903,1477893414
00000002B2E9,14.3129909366,1477892703
000000018AA2,52.0615384615,1477893228
00000001E0EF,47.1529411765,1477892830
000000019E56,44.3294117647,1477892746
00000001B330,31.1684210526,1477892950
