000000019902,20.5050691244,1477874285
00000001AD57,26.0307692308,1477873831
00000001990B,23.2347826087,1477874408
000000019932,22.6867924528,1477874517
000000012695,22.3471698113,1477874193
00000001C310,21.3405405405,1477873902
00000001AD84,21.8322580645,1477874190
00000001C30B,23.2347826087,1477873903
00000001AD8A,24.675,1477874239
00000001C2DC,11.829787234,1477874034
00000002B5F0,14.227027027,1477874011
00000002B5F5,10.6277904328,1477874306
00000001AD86,24.675,1477874178
00000001C305,22.6867924528,1477873939
00000001AD85,22.5868020305,1477874250
00000001AD82,25.0666666667,1477874262
00000001AD80,21.3405405405,1477874176
00000001AD9F,22.3471698113,1477874499
00000001992D,24.9497326203,1477874452
00000002B5E2,20.7789473684,1477874135
00000001AD93,27.1255813953,1477874329
000000019908,22.0075471698,1477874285
00000001987E,22.1640552995,1477874314
00000001DA41,10.4329718004,1477873836
00000002B5DE,10.7428571429,1477874026
00000001AD63,21.6328767123,1477873933
0000000185A7,24.9497326203,1477874072
0000000185A1,22.3234449761,1477873982
00000001ADAE,19.2585365854,1477874558
00000001AD73,28.1060240964,1477874113
0000000185B0,15.5038327526,1477874160
00000001ADA8,19.7694915254,1477874538
00000001268E,24.4206185567,1477874350
00000001DA68,23.0124401914,1477873879
