22.8869565217|2|22.887|0.000|00000001351C|58
26.7661016949|6|24.772|67.219|000000017D1F|58
18.8|3|18.657|0.055|000000018E41|58
25.7767955801|3|23.015|15.254|00000001A2FB|58
17.3631768953|4|18.421|1.414|00000001A315|58
25.0838709677|2|25.084|0.000|00000001A31B|58
10.5986577181|7|17.987|25.538|00000001B888|58
19.279338843|5|18.225|6.282|00000001B894|58
21.4714285714|4|21.435|3.425|00000001B89D|58
21.15|4|19.936|1.477|00000001B8A9|58
21.15|4|20.497|3.419|00000001B8C7|58
23.3475728155|3|22.585|1.162|00000001B8CC|58
26.9181818182|3|24.247|14.272|00000001B8DE|58
25.747826087|3|23.043|14.627|00000001B8F8|58
24.6447761194|3|24.071|0.658|00000001B904|58
27.9627906977|3|25.617|11.003|00000001B905|58
25.4476190476|7|20.874|8.488|00000001CEC9|58
22.8869565217|4|21.258|2.844|00000001CEF4|58
20.5533039648|5|20.021|0.683|00000001CF06|58
22.6679425837|5|19.237|15.414|00000001CF11|58
21.1876651982|4|18.498|9.793|00000001CF1A|58
22.0277227723|9|23.253|84.735|00000001E68E|58
24.3|6|22.348|17.585|00000001E6DC|58
15.3818181818|5|13.362|3.168|00000002B011|58
22.6485436893|3|19.712|17.250|00000002B83C|58
17.1160142349|2|17.116|0.000|00000002B845|58
18.1517241379|4|18.046|2.072|00000002B847|58
