25.4476190476|11|31.451|87.981|000000018057|58
48.8412371134|4|40.362|162.469|00000001805C|58
59.0582278481|2|59.058|0.000|0000000192B2|58
44.1247706422|4|42.118|26.099|00000001A6DB|58
48.8412371134|4|41.054|136.047|00000001A6E2|58
46.4470588235|3|42.128|37.308|00000001BC8A|58
41.6571428571|5|36.673|46.213|00000001BC93|58
16.92|5|30.356|125.542|00000001BC9B|58
19.9842519685|6|31.886|97.075|00000001BCAF|58
38.8327868852|3|40.660|6.677|00000001BCB0|58
54.4551724138|3|51.449|18.069|00000001BCB7|58
50.4|6|36.957|166.276|00000001D369|58
48.8412371134|5|35.257|191.061|00000001D36A|58
20.6420600858|4|17.766|9.492|00000002ACF8|58
