21.1876651982|5|20.630|1.242|0000000136CA|58
22.8869565217|5|20.203|6.709|0000000136D2|58
21.8322580645|3|20.464|3.743|0000000154B3|58
21.4371040724|6|20.376|2.948|00000001657A|58
22.8705882353|3|21.772|2.414|000000016EA8|58
20.7310344828|5|21.927|20.353|000000017DFC|58
23.4452261307|4|21.801|3.564|000000018FF2|58
11.7850746269|3|15.203|23.365|000000019009|58
21.0162162162|5|21.828|19.061|00000001A422|58
19.8225941423|9|22.672|73.207|00000001A43B|58
21.3405405405|2|21.341|0.000|00000001A441|58
18.50625|3|21.407|4.207|00000001A443|58
22.5391304348|4|22.033|2.903|00000001A456|58
21.6328767123|6|20.078|5.803|00000001A469|58
23.4452261307|3|22.888|0.620|00000001A472|58
17.4176470588|2|17.418|0.000|00000001A48B|58
24.675|4|23.206|19.809|00000001A48F|58
18.1540856031|7|24.687|143.196|00000001B9D9|58
22.8869565217|6|21.310|2.688|00000001B9FF|58
22.7943127962|3|21.832|1.854|00000001BA48|58
25.7197860963|5|22.422|8.518|00000001D082|58
23.8070351759|8|23.094|69.165|00000001D094|58
20.4631578947|5|18.959|2.474|00000001D096|58
27.6413793103|6|25.026|30.755|00000001D097|58
20.1103448276|4|19.086|6.439|00000001D09E|58
24.675|3|21.623|4.841|00000001D0A5|58
18.2918918919|2|18.292|0.000|00000001D0A9|58
25.4476190476|4|26.545|24.578|00000001D0CB|58
24.3|3|22.086|18.199|00000001D0CC|58
23.8070351759|9|23.068|52.087|00000001E7FB|58
25.3347593583|6|22.238|15.792|00000001E826|58
14.5305135952|4|13.558|1.041|000000029E56|58
10.9413394919|4|14.422|12.801|000000029E64|58
15.3661341853|2|15.366|0.000|00000002B430|58
11.0691588785|3|11.397|0.214|00000002B891|58
10.1898305085|6|11.599|3.608|00000002BCED|58
