42.9428571429|4|39.504|39.081|000000013B13|58
17.0553191489|5|29.119|110.827|00000001590B|58
38.2426229508|8|35.155|138.106|00000001928A|58
59.0582278481|4|57.134|4.088|0000000192B2|58
38.8327868852|2|38.833|0.000|00000001A6FA|58
19.9842519685|6|31.886|97.075|00000001BCAF|58
54.4551724138|3|51.449|18.069|00000001BCB7|58
57.235443038|8|44.257|119.355|00000001BCC0|58
17.747601476|6|30.751|100.796|00000001BCC1|58
49.5835051546|4|41.217|71.356|00000001BCCD|58
40.4923076923|3|42.397|7.259|00000001BCD2|58
58.6536585366|6|44.735|113.741|00000001D38F|58
15.3171974522|5|24.773|80.913|00000001D39D|58
46.4470588235|16|39.084|137.550|00000001EB23|58
36.7145038168|8|35.108|86.273|00000001EB69|58
21.9616438356|2|21.962|0.000|000000029F05|58
20.6420600858|4|17.766|9.492|00000002ACF8|58
16.4712328767|4|16.752|6.988|00000002B4A4|58
20.2461538462|3|17.308|17.262|00000002B910|58
