15.7621621622|4|16.441|9.486|000000012606|58
10.5514476615|6|16.984|42.059|00000001265D|58
20.9628318584|8|27.852|140.443|000000016AB1|58
21.5004608295|3|20.725|1.202|000000018571|58
22.3234449761|4|21.872|1.322|0000000185A1|58
24.9497326203|4|20.416|21.146|0000000185A7|58
15.5038327526|3|17.536|8.259|0000000185B0|58
27.2842105263|3|28.713|4.080|00000001988B|58
22.1640552995|4|21.645|1.369|0000000198AB|58
22.8869565217|5|26.543|128.356|0000000198B4|58
11.3611510791|5|16.187|23.057|0000000198BA|58
20.5050691244|2|20.505|0.000|000000019902|58
22.0075471698|4|23.437|10.933|000000019908|58
25.747826087|6|23.085|3.998|00000001ACFF|58
17.875862069|5|22.584|36.458|00000001AD27|58
18.4342412451|4|19.545|1.244|00000001AD28|58
23.8040816327|3|21.923|7.076|00000001AD33|58
20.8704845815|5|21.743|43.976|00000001AD39|58
26.0307692308|3|24.152|7.062|00000001AD57|58
21.6328767123|4|20.052|3.004|00000001AD63|58
28.1060240964|3|23.741|38.108|00000001AD73|58
21.3405405405|3|21.301|0.003|00000001AD80|58
25.0666666667|6|25.814|68.204|00000001AD82|58
21.8322580645|3|21.629|0.082|00000001AD84|58
22.5868020305|3|20.539|8.387|00000001AD85|58
24.675|2|23.686|0.978|00000001AD86|58
24.675|2|21.373|10.902|00000001AD8A|58
19.6017621145|12|27.308|101.350|00000001C201|58
22.8869565217|4|22.549|4.103|00000001C2D6|58
24.0487309645|7|26.077|69.270|00000001C2D7|58
11.829787234|7|21.807|66.296|00000001C2DC|58
22.6867924528|8|25.088|60.772|00000001C305|58
23.2347826087|5|22.845|27.806|00000001C30B|58
21.3405405405|6|23.969|45.883|00000001C310|58
23.0124401914|6|23.793|28.991|00000001DA68|58
19.1032258065|5|16.471|13.416|000000029AF4|58
14.6518950437|2|14.652|0.000|00000002B1E4|58
15.2334405145|4|15.730|0.261|00000002B1E6|58
29.0650306748|4|23.808|33.106|00000002B5C0|58
10.7428571429|4|13.474|19.440|00000002B5DE|58
20.7789473684|2|20.779|0.000|00000002B5E2|58
12.7013404826|3|15.510|15.779|00000002B5E7|58
14.227027027|3|14.707|0.461|00000002B5F0|58
