00000000E066,16.9127516779,1477909689
000000029810,11.25,1477910035
00000001184A,24.2242990654,1477910248
00000001A320,23.7857142857,1477909828
00000000791B,22.3865546218,1477909615
00000001A32C,19.3432835821,1477909937
000000017CF9,10.9090909091,1477909657
0000000118DA,20.5714285714,1477910050
0000000291EF,16.9411764706,1477909679
0000000118CB,19.4452554745,1477909993
00000001187F,19.5348837209,1477909619
00000002B843,16.6153846154,1477909698
000000028C45,17.5135135135,1477910030
00000001E707,20.487804878,1477910151
00000001A301,20.0,1477909641
0000000134C0,20.9763779528,1477909827
00000000E08C,19.6363636364,1477909928
00000000E08B,19.4452554745,1477909886
00000001357C,18.8059701493,1477909683
00000000FBCD,23.1428571429,1477909597
00000001B8BF,17.3959731544,1477909643
00000000FB69,22.5,1477909652
00000000FC31,22.6771653543,1477910187
0000000135D9,18.9197080292,1477910159
00000001A353,19.3432835821,1477910117
00000001A350,15.9018404908,1477910140
0000000297FC,12.1643835616,1477909602
0000000079F4,17.2987012987,1477909860
0000000118D1,18.0,1477910051
00000000FBE0,18.6474820144,1477909722
00000001B8D5,17.3959731544,1477909853
00000001B8D8,21.781512605,1477910220
0000000118E1,19.3432835821,1477910157
0000000118E7,20.4094488189,1477910205
0000000118E6,19.4887218045,1477910212
000000007967,20.6557377049,1477910277
0000000291F4,18.3829787234,1477909749
00000000FB5B,19.786259542,1477910035
000000011889,14.9826589595,1477909708
000000011878,20.4094488189,1477909653
0000000297F3,13.5759036145,1477909791
0000000277D0,13.5706806283,1477909920
00000001B91D,21.1764705882,1477910274
00000001B8F2,20.6557377049,1477909948
000000013433,19.8805970149,1477910065
00000000E044,16.6153846154,1477909687
00000001189E,14.7272727273,1477909803
00000001A2E3,21.5384615385,1477909599
00000000E076,19.1654676259,1477909824
