000000009166,33.6623376623,1477890384
000000011009,44.2105263158,1477890087
00000000F3A9,30.8571428571,1477889917
00000000F3A7,32.487804878,1477889826
00000000F3BC,36.0,1477890164
00000002BB6C,21.9661016949,1477890466
000000019DA7,42.9677419355,1477889831
00000002904E,14.7272727273,1477890240
00000001786B,23.7857142857,1477890265
000000019DB6,34.1052631579,1477890084
00000001105B,30.1395348837,1477890525
000000012DC5,30.7317073171,1477889839
00000000B1B6,33.2307692308,1477890330
00000001103E,30.8571428571,1477890118
000000011026,33.6623376623,1477889793
00000001B293,14.4827586207,1477890096
