00000001109C,34.0540540541,1477892187
0000000110D6,33.6623376623,1477892004
0000000110D0,36.0,1477891928
00000001C963,30.8571428571,1477892568
00000001C95E,38.6865671642,1477892566
000000012E8B,32.0,1477892295
0000000110EC,23.5514018692,1477892270
0000000110EF,23.1428571429,1477892316
000000012E7F,30.6206896552,1477892446
00000000F46A,38.6865671642,1477892530
00000000D997,32.8101265823,1477892238
0000000161D3,35.4929577465,1477892149
00000001C939,35.4626865672,1477892263
00000000F479,31.7142857143,1477892653
0000000110FA,43.9322033898,1477892361
00000000F442,32.8101265823,1477892061
0000000178AB,33.7215189873,1477891950
0000000110F8,34.4347826087,1477892384
000000014C19,38.6865671642,1477891849
