0000000296C7,17.7534246575,1477897507
00000001B464,29.9325842697,1477897937
00000001B467,34.243902439,1477898309
00000000C11D,33.7215189873,1477897560
00000001B460,28.9655172414,1477897901
0000000296CF,17.3959731544,1477897888
00000001B414,37.0,1477897527
00000000C13A,39.7611940299,1477897968
0000000290D2,17.1428571429,1477897799
0000000112C1,38.6865671642,1477897698
0000000112C4,41.8064516129,1477897747
0000000112EB,45.4736842105,1477898247
0000000112E9,24.0,1477898264
0000000112DC,37.5652173913,1477898028
0000000112F2,30.7317073171,1477898301
0000000112F5,38.6086956522,1477898364
00000000F642,20.4094488189,1477898163
00000002BBD1,14.8965517241,1477897890
00000001B443,42.9850746269,1477897675
