00000002BAE5,14.7182320442,1477880491
000000012A7C,29.1235955056,1477879865
00000001DD56,30.7317073171,1477879809
000000010D5B,36.0,1477880387
00000001DDBF,37.4025974026,1477880330
000000006D88,47.264516129,1477880056
0000000129E9,33.7215189873,1477879859
000000029590,12.5919282511,1477880290
000000010D3E,37.5652173913,1477880071
00000002958F,13.0251256281,1477880181
00000000F0B2,36.5217391304,1477880196
00000001483B,22.3448275862,1477880552
00000000D608,37.6119402985,1477879878
00000000BCB6,27.4285714286,1477880524
00000001C611,28.1739130435,1477879845
00000000D60A,28.1739130435,1477879900
000000018830,29.7931034483,1477880613
000000010D70,43.9322033898,1477880552
000000012A90,34.3880597015,1477880349
0000000294DE,16.0481927711,1477879863
000000010D77,39.7611940299,1477880616
000000010D71,39.7611940299,1477880576
000000010D6F,29.1235955056,1477880579
00000000D5FB,40.0,1477879846
000000010D68,22.3448275862,1477880564
000000010D60,28.9565217391,1477880460
0000000187E2,45.4736842105,1477879865
