000000029769,11.1504424779,1477905466
0000000132B4,18.3941605839,1477905149
0000000132B6,17.7464788732,1477905151
00000001E416,20.3225806452,1477904813
0000000096BD,19.842519685,1477905330
00000000F8E1,21.781512605,1477905304
000000016D67,17.6326530612,1477905120
00000001A09A,14.8965517241,1477905072
00000001CCC3,24.8971962617,1477905374
00000001156C,17.0526315789,1477904795
00000000C327,21.2459016393,1477904752
00000000F89D,18.9473684211,1477904902
00000001B650,21.2459016393,1477905112
00000000F8D8,24.2242990654,1477905238
00000000F896,19.3432835821,1477904861
00000000C36A,21.1764705882,1477904792
000000011576,22.7368421053,1477905409
000000007698,18.8059701493,1477904786
00000001159A,20.9763779528,1477905139
00000000F8B9,23.1428571429,1477904981
000000011596,21.1428571429,1477905127
000000011592,13.8609625668,1477905122
00000001157F,21.5384615385,1477904950
00000002B369,13.5918367347,1477905031
000000009611,18.0,1477904754
000000011563,21.8360655738,1477904797
000000028628,11.6233183857,1477905084
00000001CC7A,21.2459016393,1477904860
000000011585,15.6705882353,1477905286
0000000115BB,19.4887218045,1477905374
0000000132CB,22.7692307692,1477905327
0000000163BC,18.8059701493,1477905022
00000000DDB5,20.0930232558,1477905532
000000013273,15.7633136095,1477905166
0000000115B1,16.8311688312,1477905319
000000018CDD,20.6557377049,1477904959
