16.5095541401|4|18.994|30.618|000000006A85|27
19.842519685|7|30.076|110.464|000000006AB7|27
19.5348837209|2|19.535|0.000|000000006ACF|27
22.1538461538|6|25.793|15.948|00000000B0DF|27
23.119266055|5|26.487|58.209|00000000D342|27
13.6551724138|3|16.048|11.455|00000000D396|27
25.4117647059|5|32.349|56.244|00000000D423|27
17.7534246575|11|28.292|152.072|00000000EE13|27
19.6363636364|2|19.636|0.000|00000000EE5A|27
20.1214285714|2|20.121|0.000|00000000EE6A|27
21.5384615385|2|21.538|0.000|00000000EEA7|27
20.6511627907|2|20.651|0.000|00000000EEAF|27
21.4838709677|4|25.140|18.033|000000010AEC|27
22.3865546218|3|22.348|0.003|000000010B22|27
19.842519685|4|30.492|119.855|000000010B25|27
14.6440677966|4|22.416|61.229|000000010B3A|27
16.7547169811|3|19.508|15.164|000000010B49|27
21.1764705882|3|24.918|27.993|000000010B50|27
19.5348837209|3|24.526|49.822|000000010B52|27
21.2459016393|3|23.389|9.190|000000010B66|27
24.2016806723|4|21.913|29.407|0000000127F4|27
22.1052631579|4|23.754|6.532|000000012865|27
18.2608695652|5|17.577|13.372|0000000145CF|27
22.1538461538|6|27.999|29.822|000000015F05|27
23.1428571429|11|33.504|89.829|0000000174E9|27
20.6557377049|10|28.428|124.909|00000001751F|27
17.2987012987|7|24.478|72.146|0000000199E6|27
20.6557377049|6|26.786|63.328|000000019A4E|27
20.6470588235|5|27.397|45.590|000000019A69|27
14.9826589595|5|25.670|131.717|00000001AEA1|27
22.1538461538|8|26.401|85.820|00000001C45B|27
18.3941605839|5|24.637|55.526|00000001C461|27
13.3608247423|4|19.365|54.216|00000001C472|27
23.1428571429|10|25.749|58.556|00000001DB5D|27
21.8360655738|10|25.577|46.073|00000001DB8E|27
13.2244897959|2|13.224|0.000|000000027481|27
12.4137931034|4|13.387|3.768|000000028299|27
17.8881987578|4|19.891|15.249|000000028F2D|27
16.3435582822|2|16.344|0.000|000000028F4B|27
15.3988439306|8|15.032|8.020|00000002AA6B|27
11.4690265487|5|11.946|0.363|00000002B625|27
13.9226519337|4|13.949|1.781|00000002B62C|27
15.4285714286|6|16.524|2.620|00000002BF0C|27
