33.6623376623|2|33.662|0.000|00000000722C|27
31.1351351351|4|30.714|28.618|000000009237|27
29.7931034483|2|29.793|0.000|00000000924D|27
35.1219512195|3|28.757|81.024|00000000925F|27
42.4918032787|5|39.620|32.914|00000000D9FA|27
24.0|2|29.031|25.309|00000000F4AA|27
18.5|2|26.813|69.100|00000001111F|27
35.4626865672|4|36.606|26.559|000000011126|27
31.6097560976|3|35.749|34.267|000000011139|27
26.3762376238|3|28.497|8.995|00000001115F|27
27.6923076923|3|33.077|57.996|000000011162|27
39.7611940299|3|38.440|3.490|000000011165|27
25.1320754717|5|28.849|55.165|000000014C87|27
38.6865671642|7|35.658|22.598|000000018A94|27
32.487804878|4|31.119|1.922|00000001B337|27
28.9756097561|5|29.370|23.786|00000001C98C|27
15.8571428571|6|15.031|8.035|000000028AD0|27
16.7547169811|5|15.586|3.847|00000002963E|27
14.0869565217|3|16.718|13.841|000000029683|27
15.652173913|4|14.340|5.527|000000029C85|27
