39.2727272727|2|39.273|0.000|00000000DA19|27
27.5294117647|2|27.529|0.000|00000000F4B9|27
38.6865671642|3|39.441|1.138|00000000F4C8|27
39.375|4|34.694|143.719|00000000F4D9|27
42.4918032787|3|40.150|10.967|00000001117F|27
28.1739130435|4|30.654|12.765|000000011192|27
30.7317073171|5|35.287|45.140|000000019E87|27
34.5974025974|5|31.782|21.450|000000019E9D|27
42.9677419355|6|35.507|78.206|00000001B364|27
37.7704918033|3|38.149|0.287|00000001B369|27
24.2242990654|8|33.517|44.340|00000001C999|27
15.5789473684|3|17.002|4.047|000000029690|27
22.3008849558|3|19.995|10.635|000000029691|27
11.0769230769|4|13.787|10.432|000000029C71|27
