23.1428571429|2|23.143|0.000|00000000E4AA|27
36.4556962025|3|36.618|0.053|00000001007B|27
26.7216494845|2|26.722|0.000|0000000100A9|27
31.6097560976|3|29.958|5.455|000000011D5A|27
25.4117647059|6|26.572|127.121|000000011D65|27
28.4835164835|3|32.572|33.431|000000011D6C|27
32.0|5|34.557|111.672|000000011D71|27
26.3762376238|3|29.867|24.364|000000011D7E|27
38.6865671642|4|34.894|27.068|000000011D86|27
29.7931034483|3|28.548|3.102|000000011D8C|27
41.8064516129|3|42.823|2.065|000000011D92|27
34.2857142857|16|29.666|123.720|00000001BBE1|27
40.6451612903|4|35.568|43.665|00000001BC4A|27
39.7611940299|6|28.211|161.190|00000001BC58|27
40.6451612903|4|37.394|10.815|00000001BC5E|27
32.8101265823|9|35.815|27.379|00000001F93A|27
21.9375|6|14.704|13.479|0000000278A1|27
10.5494505495|3|11.888|3.582|000000029902|27
15.4285714286|4|17.086|17.055|000000029903|27
17.6223776224|5|17.640|0.226|00000002B48E|27
