49.8461538462|6|46.040|69.323|000000006403|27
32.7272727273|6|34.533|97.852|0000000104BE|27
18.2535211268|4|27.792|91.700|0000000104F4|27
43.9322033898|6|37.412|135.614|0000000121FA|27
32.0|4|30.737|91.634|000000013F8F|27
22.7368421053|5|28.313|31.921|00000001A9EE|27
17.7464788732|12|31.049|143.670|00000001BF89|27
37.4025974026|8|33.965|115.821|00000001D6DF|27
17.8723404255|6|16.290|2.971|0000000279D0|27
13.6956521739|6|11.924|1.945|000000028E13|27
14.5664739884|5|13.594|1.574|00000002B151|27
11.5826086957|9|15.522|13.698|00000002BE2F|27
