14.320441989|4|19.949|58.225|000000007717|27
18.1258741259|4|24.248|78.024|00000000977B|27
14.6440677966|11|33.094|210.669|00000000C400|27
22.5|3|27.726|109.032|00000000DDA6|27
20.9032258065|6|23.273|52.169|00000000DDED|27
20.4094488189|4|22.412|6.652|00000000DDF6|27
19.842519685|3|27.071|104.490|00000000DE27|27
20.4094488189|5|23.725|68.728|00000000F924|27
25.7142857143|2|25.714|0.000|00000000F94B|27
20.1818181818|3|24.268|33.387|00000000F956|27
20.9763779528|4|27.978|55.186|00000001159D|27
22.0165289256|3|25.031|18.179|0000000115F5|27
18.0|4|28.186|79.184|000000011609|27
18.6474820144|4|20.953|5.412|000000011611|27
16.099378882|4|20.710|53.526|000000011618|27
19.6363636364|3|20.304|0.891|000000011621|27
19.842519685|4|22.633|52.152|000000011628|27
19.6363636364|3|23.144|24.613|00000001163A|27
19.1654676259|3|25.916|91.149|000000011640|27
21.781512605|3|23.666|7.099|000000011644|27
19.5348837209|3|23.936|38.741|00000001164D|27
16.7547169811|3|20.314|25.342|00000001164F|27
19.6363636364|3|25.926|79.111|000000011654|27
20.1818181818|4|21.510|1.765|00000001333F|27
19.6363636364|4|24.133|62.420|000000013352|27
16.243902439|7|19.410|56.421|0000000150B0|27
24.8971962617|4|26.037|41.453|00000001A122|27
21.781512605|5|25.926|42.729|00000001A16D|27
20.1818181818|4|23.685|65.991|00000001B6A3|27
20.4094488189|7|20.588|57.133|00000001B6B3|27
19.4452554745|4|25.828|101.117|00000001B6D3|27
21.2459016393|4|24.973|71.330|00000001E4D1|27
16.3435582822|2|16.344|0.000|000000027744|27
20.1398601399|3|17.204|17.238|00000002976B|27
14.8826815642|2|14.883|0.000|00000002976C|27
22.9380530973|3|22.103|1.396|000000029780|27
16.099378882|7|15.385|1.746|00000002B7C2|27
