000000016A7B,18.8484076433,1477871968
00000002ADE9,10.0996587031,1477871846
000000017355,17.719760479,1477871788
000000017356,21.0744525547,1477871834
00000002ADF4,19.1848101266,1477872236
000000017341,20.8394366197,1477871800
0000000184D4,21.05,1477872406
000000018495,19.8604026846,1477871718
00000001735F,20.55,1477871837
00000001735A,11.4571428571,1477871908
00000001735C,22.4181818182,1477872011
000000028E82,12.1777777778,1477872445
000000016A71,15.9096774194,1477871820
00000002AA76,13.8280373832,1477872357
00000002A8A6,12.391416309,1477872214
00000000EABD,15.8637362637,1477871957
00000001736A,19.6408163265,1477871978
000000017364,19.0641509434,1477872108
000000017363,20.8394366197,1477871897
000000017362,18.6113207547,1477872000
000000016A73,20.4082758621,1477871838
00000000EBA6,18.1508982036,1477871933
00000000EB54,21.2892086331,1477871967
00000001738F,18.3801242236,1477872377
000000017390,18.2666666667,1477872394
000000017391,21.3464788732,1477872377
000000017392,15.0805970149,1477872443
00000000D0F9,21.8071942446,1477872216
000000028E95,15.2761904762,1477871726
000000017389,21.5462686567,1477872372
00000002AA46,11.7488372093,1477872005
