000000018CDD,21.7588235294,1477904367
000000016D70,30.5072164948,1477904730
000000016D6F,24.2557377049,1477904682
000000017B32,32.1652173913,1477904556
000000017B39,25.5103448276,1477904657
00000001F534,32.947826087,1477904794
000000017B2F,27.7615384615,1477904595
000000017B09,37.4582278481,1477904182
000000016362,47.3625,1477904308
000000017B1E,44.1671641791,1477904282
0000000296F5,15.9096774194,1477904832
000000017B1C,26.5894736842,1477904280
00000001B5F4,25.2923076923,1477904254
00000002B361,14.498630137,1477904564
000000017B4F,27.6560747664,1477904852
000000016D56,31.4808510638,1477904220
000000016D57,22.2496240602,1477904495
000000017B43,18.5076923077,1477904808
