000000017DF0,22.1255474453,1477911305
00000000FC83,18.9947368421,1477910888
00000002B03F,11.6964426877,1477911390
00000002B03B,16.1234042553,1477911182
000000017DFE,20.8394366197,1477911478
000000017DFA,20.3323943662,1477911355
00000001A3E3,17.5100591716,1477910877
000000018FE4,13.7849246231,1477911420
000000018FE5,20.8394366197,1477911323
00000001B9C6,20.8394366197,1477911440
000000017DB9,10.1342465753,1477910721
00000001CFAE,17.9329192547,1477910776
000000017E0A,18.2666666667,1477911505
000000017E06,17.2046511628,1477911483
000000018FF4,19.2155844156,1477911459
000000017DC9,19.4684210526,1477910845
000000016E3B,17.0068965517,1477910884
000000017DC1,15.6934131737,1477910820
000000016E88,19.2155844156,1477911195
000000017DD2,18.6113207547,1477911162
000000016E85,22.3813953488,1477911174
00000001A40D,17.9275167785,1477911254
000000017DE0,22.6208955224,1477911254
00000002AC70,11.1248120301,1477910894
000000016E8F,15.4125,1477911354
000000016E8A,18.7111111111,1477911270
