00000001A49A,17.2886227545,1477912279
000000019036,20.1306122449,1477911946
00000002A97A,11.3104477612,1477912349
000000017E48,22.4181818182,1477912129
00000001A462,20.2684931507,1477911911
00000002AC83,18.8705882353,1477911646
00000001903F,17.4206896552,1477911969
000000017E2F,17.3211428571,1477912002
000000017E34,21.2892086331,1477911855
000000017E2C,17.719760479,1477911787
00000002B050,18.7291139241,1477911921
000000017E3D,20.3323943662,1477912099
0000000117A5,12.2280991736,1477912239
000000019063,13.9248730964,1477912293
00000001A425,21.8727272727,1477911824
00000002AC8E,18.2734177215,1477911783
00000001CFF1,18.3801242236,1477911698
00000001905C,17.719760479,1477912263
000000017E70,18.3898089172,1477912417
00000001B9F1,20.1306122449,1477911751
00000001194C,22.1255474453,1477911950
00000001CFA3,22.4181818182,1477911959
000000016E9E,17.8222222222,1477911806
00000002B01A,13.5743119266,1477911894
00000002922E,12.131092437,1477912218
000000016E8D,20.1306122449,1477911604
