23.1766423358|6|29.725|213.550|00000000D314|45
17.9360946746|2|17.936|0.000|00000000ED9A|45
16.7860465116|4|22.022|43.531|000000016B46|45
19.8604026846|4|28.465|89.678|000000016B47|45
26.1870967742|2|26.187|0.000|000000016B49|45
17.5100591716|2|17.510|0.000|000000016B4E|45
15.0059405941|7|32.602|200.988|000000017493|45
21.8071942446|11|31.354|212.100|000000017497|45
17.2886227545|3|18.998|5.847|0000000174D1|45
18.6113207547|3|25.416|92.609|0000000174D2|45
16.3118644068|3|19.844|24.957|0000000174D7|45
20.05|6|38.692|139.392|0000000174DA|45
19.4443113772|3|27.294|123.232|0000000174EB|45
18.6113207547|3|26.739|132.105|0000000174EE|45
15.4395721925|5|25.707|114.694|0000000174F1|45
17.6048780488|5|24.076|38.626|000000017511|45
20.8394366197|5|30.364|61.219|000000017513|45
22.2882352941|4|26.484|19.222|000000017519|45
18.7480519481|3|22.016|21.362|00000001751F|45
19.8604026846|3|25.464|62.796|000000017521|45
20.7712230216|3|25.610|46.823|000000017528|45
16.5318435754|9|31.731|206.499|0000000185C7|45
22.2882352941|5|25.297|53.486|00000001861F|45
15.3868020305|5|27.203|109.087|000000018659|45
22.1255474453|8|30.974|91.808|00000001865A|45
21.05|10|32.768|103.546|00000001993B|45
20.55|8|32.723|106.616|00000001997D|45
19.4684210526|6|29.593|77.883|0000000199C2|45
22.9636363636|7|33.580|132.187|00000001AE29|45
18.7111111111|18|31.083|120.402|00000001DA61|45
13.6834123223|3|15.707|8.188|00000002AACD|45
