20.1902097902|2|20.190|0.000|00000000EA20|45
17.8222222222|2|17.822|0.000|0000000169E5|45
18.7890410959|5|23.723|80.485|0000000169E8|45
16.4739130435|2|16.474|0.000|0000000169EC|45
18.2666666667|4|26.774|81.534|0000000169FC|45
22.4181818182|6|28.019|79.510|000000017227|45
19.3771812081|4|25.702|54.313|000000017228|45
18.043902439|3|24.253|77.101|00000001722F|45
19.0641509434|5|25.176|88.633|000000017234|45
17.1254237288|3|21.472|37.782|000000017235|45
17.719760479|4|29.493|139.877|000000017240|45
18.9947368421|3|24.887|69.430|000000017245|45
19.8604026846|3|22.795|17.226|00000001724B|45
22.8676056338|4|29.639|128.880|000000017252|45
19.4684210526|6|27.131|90.328|000000017255|45
18.2666666667|3|23.096|46.638|00000001725D|45
18.6113207547|4|20.827|75.878|00000001725F|45
20.1306122449|3|22.899|15.333|00000001726B|45
20.55|2|22.708|4.658|000000017273|45
16.4739130435|3|22.859|81.545|000000017278|45
22.4181818182|3|27.169|45.140|000000017279|45
22.4181818182|4|23.524|13.341|00000001835C|45
15.6571428571|5|23.697|164.597|00000001838E|45
21.0744525547|7|30.877|52.717|000000019666|45
14.6495049505|5|26.997|111.583|000000019671|45
18.8484076433|9|30.178|39.006|00000001AAA9|45
16.5639344262|2|16.564|0.000|0000000288E8|45
10.727027027|2|10.727|0.000|00000002AA30|45
17.5100591716|4|18.174|7.542|00000002ADA0|45
14.3650485437|4|14.463|0.839|00000002ADB2|45
16.1234042553|5|14.389|8.053|00000002B185|45
