19.6831168831|12|22.333|74.316|000000015244|45
18.3457627119|7|29.046|124.120|000000016E30|45
20.6204081633|2|20.620|0.000|000000016E39|45
19.5124260355|8|30.528|141.101|000000016E3B|45
20.55|3|36.159|160.190|000000016E48|45
16.6549450549|4|24.695|65.827|000000016E53|45
20.6204081633|6|30.145|125.108|000000017D25|45
18.9692307692|3|23.303|37.556|000000017D36|45
20.0741721854|6|34.351|156.163|000000017D43|45
22.1315436242|5|28.515|76.658|000000017D4E|45
19.2155844156|3|20.420|2.901|000000017D51|45
19.3771812081|5|30.184|136.623|000000017D55|45
17.623255814|5|21.386|48.290|000000017D6A|45
17.812987013|6|25.439|138.614|000000017D71|45
18.55|3|20.759|15.804|000000017D7F|45
19.4684210526|4|21.589|24.676|000000017D80|45
14.8824742268|3|23.441|146.490|000000017D8A|45
20.1306122449|3|25.409|55.715|000000017D90|45
20.05|6|27.798|48.898|000000018E99|45
20.55|4|24.746|106.449|000000018EF7|45
18.2666666667|4|22.914|28.533|000000018F05|45
13.958490566|4|21.734|81.292|000000018F1C|45
19.2155844156|7|27.998|85.641|000000018F2B|45
18.2666666667|4|24.980|55.640|000000018F3D|45
16.9340782123|6|25.019|111.377|00000001A328|45
14.2309859155|5|26.979|117.074|00000001B8D1|45
13.7|6|13.904|2.097|0000000291A7|45
