25.9578947368|7|37.038|73.052|00000000DCA7|45
41.8434782609|4|42.271|65.719|00000000DCD6|45
39.0162162162|2|39.016|0.000|000000016D59|45
36.9658536585|3|35.862|2.436|000000017AEF|45
41.1|2|43.796|7.270|000000017AFA|45
38.4311688312|3|37.138|3.342|000000017B00|45
34.0137931034|3|36.228|9.806|000000017B03|45
34.8413793103|3|34.985|0.041|000000017B0C|45
34.0137931034|8|32.420|69.222|00000001A051|45
29.0117647059|8|31.172|126.579|00000001A056|45
17.1052023121|4|15.899|3.305|0000000296F2|45
13.2440366972|4|14.591|2.694|00000002ABDF|45
13.7593220339|3|13.949|0.072|00000002ABF3|45
