41.1|1|41.100|0.000|00000000D6AC|45
32.1652173913|2|32.165|0.000|00000000F118|45
37.4961038961|5|35.938|68.022|000000016BED|45
21.4978723404|5|26.067|51.633|000000016BEE|45
23.4461538462|4|28.656|38.920|000000016BF6|45
27.9931034483|3|27.447|0.597|000000017702|45
35.2097560976|4|33.169|6.439|00000001770D|45
34.0137931034|3|30.878|19.660|000000017717|45
26.6594594595|8|27.880|135.140|000000018889|45
37.4582278481|7|32.551|92.561|0000000188A7|45
34.0137931034|4|25.255|91.690|0000000188AE|45
29.7649484536|5|30.493|86.748|0000000188BD|45
21.2235294118|3|18.760|12.137|000000028FCC|45
12.8103896104|2|12.810|0.000|00000002A901|45
13.7|3|13.969|0.144|00000002AB3C|45
