27.1486238532|3|24.838|10.682|00000000DDA8|45
27.1486238532|2|27.149|0.000|00000000F8E9|45
33.1862068966|8|31.441|81.080|000000017B7C|45
29.8909090909|5|30.590|32.969|000000017BA1|45
18.9692307692|3|24.865|69.529|000000017BA8|45
23.4857142857|3|27.085|25.912|000000017BB3|45
28.3058823529|3|30.529|9.887|000000017BBA|45
27.1486238532|4|23.925|10.546|000000018D14|45
18.2666666667|3|15.514|15.154|000000018D3F|45
21.8727272727|4|24.450|8.579|000000018D55|45
11.7227436823|2|11.723|0.000|000000028BCB|45
16.1704918033|2|16.170|0.000|000000028BCD|45
13.7|5|15.948|5.388|00000002A944|45
