25.9076923077|10|34.400|89.470|000000012CA9|45
32.5186813187|6|34.311|139.456|000000016C48|45
23.4976744186|4|33.259|107.162|000000016C51|45
11.3379310345|5|25.695|163.158|0000000177DA|45
47.7290322581|5|36.140|121.267|0000000177E6|45
23.864516129|3|27.898|32.537|0000000177F4|45
44.1671641791|3|37.385|91.995|0000000177F7|45
24.4561983471|5|25.184|61.781|00000001899C|45
42.8625|5|32.019|142.585|00000001899D|45
11.4697674419|4|15.135|21.197|000000028A9D|45
18.3801242236|5|16.645|10.137|00000002AB5F|45
