36.5333333333|7|33.008|60.489|000000013A58|45
31.4808510638|2|31.481|0.000|000000013AE0|45
21.2031496063|9|31.475|85.200|00000001586F|45
36.087804878|5|32.684|65.444|000000018049|45
29.299009901|5|30.066|16.545|00000001804A|45
29.8909090909|5|33.734|21.258|000000018053|45
44.1671641791|9|34.896|82.085|000000018057|45
34.3714285714|3|39.492|52.442|000000018059|45
45.7352112676|5|39.834|26.899|000000018063|45
26.4214285714|3|30.220|28.865|00000001806A|45
21.8950819672|6|30.232|60.704|00000001927E|45
39.0162162162|7|33.239|65.021|00000001A6AD|45
14.0246445498|5|13.891|1.052|00000002B0BB|45
