46.5677419355|4|36.546|160.910|000000013936|45
25.2923076923|4|35.614|137.394|000000016F76|45
22.9636363636|4|33.022|105.636|000000016F77|45
17.472611465|2|17.473|0.000|000000016F79|45
36.4965517241|3|35.759|1.088|000000017FD0|45
42.1|4|36.368|32.773|000000017FD1|45
24.6|3|29.710|29.473|000000017FDE|45
36.5333333333|4|34.746|5.644|000000017FDF|45
43.0925373134|4|36.721|41.904|000000017FE3|45
19.0641509434|4|20.991|84.522|000000017FE5|45
38.4311688312|6|32.119|86.747|000000017FE9|45
27.1486238532|4|29.984|45.720|000000017FF1|45
33.1862068966|3|36.455|21.372|000000017FF4|45
38.3696202532|5|33.848|93.232|0000000191E2|45
36.087804878|5|31.203|90.536|0000000191EA|45
32.1652173913|10|31.576|71.739|00000001A63A|45
18.043902439|2|18.044|0.000|000000028D28|45
17.3052631579|2|17.305|0.000|0000000292A5|45
15.332642487|6|14.365|3.131|00000002B473|45
