20.8394366197|3|24.048|20.594|00000000FA9D|45
14.1644859813|2|14.164|0.000|00000000FADC|45
20.8394366197|2|20.839|0.000|000000016DEF|45
24.4451612903|3|29.097|43.275|000000016DFC|45
18.2602409639|5|24.492|97.817|000000016E01|45
30.5072164948|5|26.355|16.961|000000017C82|45
14.2956521739|4|23.483|116.573|000000017C9A|45
22.4181818182|3|30.074|117.224|000000017CA5|45
21.7588235294|3|22.988|3.019|000000017CB6|45
15.0059405941|6|28.511|198.772|000000017CC0|45
13.036123348|3|18.318|55.797|000000017CC6|45
14.5773399015|3|20.375|67.217|000000017CCE|45
17.5100591716|5|25.962|178.150|000000018E4A|45
20.55|3|27.540|77.266|000000018E69|45
18.8112676056|2|18.811|0.000|000000018E7C|45
21.2892086331|8|24.992|61.285|00000001B7F0|45
22.4181818182|11|25.338|35.188|00000001F639|45
17.719760479|7|21.996|46.885|00000001F65A|45
10.0311864407|2|10.031|0.000|00000002469A|45
12.4336134454|2|12.434|0.000|000000028C13|45
15.332642487|2|15.333|0.000|00000002AC3F|45
16.4045454545|3|16.815|0.337|00000002AC43|45
12.131092437|7|14.820|8.735|00000002AFCD|45
11.8327868852|4|12.490|1.398|00000002AFE6|45
12.8103896104|6|14.226|3.878|00000002B39A|45
