19.4684210526|2|19.468|0.000|00000000E166|45
22.3813953488|8|31.349|144.538|000000016E85|45
19.2155844156|2|19.216|0.000|000000016E88|45
18.7111111111|4|27.642|91.247|000000016E8A|45
20.1306122449|2|20.131|0.000|000000016E8D|45
15.4125|5|28.871|152.964|000000016E8F|45
17.8222222222|4|29.686|151.284|000000016E9E|45
18.6113207547|3|24.284|64.363|000000017DD2|45
22.6208955224|6|35.929|126.704|000000017DE0|45
22.1255474453|4|23.094|10.072|000000017DF0|45
20.3323943662|3|24.303|31.535|000000017DFA|45
20.8394366197|4|24.133|56.250|000000017DFE|45
17.2046511628|4|20.526|56.629|000000017E06|45
18.2666666667|3|23.830|61.904|000000017E0A|45
15.6571428571|3|22.783|101.546|000000017E14|45
21.6|2|31.813|104.315|000000017E1A|45
17.719760479|3|25.365|116.910|000000017E2C|45
20.8394366197|4|28.982|67.594|000000018FE5|45
19.2155844156|7|27.192|111.579|000000018FF4|45
15.2761904762|7|31.012|229.648|00000001900F|45
17.9275167785|6|24.838|53.870|00000001A40D|45
21.8727272727|6|22.290|52.001|00000001A425|45
20.8394366197|7|28.838|125.954|00000001B9C6|45
17.3052631579|6|25.535|47.208|00000001B9DD|45
20.1306122449|5|22.019|66.168|00000001B9F1|45
18.3801242236|8|21.875|20.992|00000001CFF1|45
18.8705882353|2|18.871|0.000|00000002AC83|45
18.2734177215|3|18.814|0.585|00000002AC8E|45
16.1234042553|4|14.761|1.958|00000002B03B|45
11.6964426877|4|12.175|1.454|00000002B03F|45
