00000001784E,37.8091370558,1477889251
00000000BF3D,49.4763157895,1477889863
000000016C61,47.9006369427,1477889702
000000017856,37.3607655502,1477889493
00000000B1B8,37.7909547739,1477889715
00000000B1B2,46.4222222222,1477889387
00000000B1B7,38.6554455446,1477889664
000000019D9C,29.7249011858,1477889632
00000000BF2A,40.2160427807,1477889525
000000019D9E,42.0813559322,1477889632
00000000BF30,34.9880184332,1477889656
00000000F386,52.4535211268,1477889442
00000000D902,30.5164556962,1477889625
000000017864,38.5401015228,1477889743
00000000BF16,32.9027027027,1477889115
