00000000B0E9,46.4222222222,1477875969
0000000199FD,52.6285714286,1477876030
000000016B5F,51.1591836735,1477875736
00000000B0E2,41.275862069,1477875697
00000000D374,34.2,1477875866
00000000B0E4,46.8452830189,1477875749
00000002AAD7,20.6604395604,1477875960
00000000BA16,24.7381578947,1477875549
00000002AAD3,15.7002087683,1477875886
00000002829E,16.0349680171,1477875763
00000000BA56,25.5795918367,1477875625
000000017527,42.9032967033,1477875724
00000000BA6D,37.7909547739,1477875937
00000000D350,45.0323353293,1477875603
000000016B4C,42.0134078212,1477875859
000000018682,34.0109589041,1477875952
00000000EE13,46.8666666667,1477876030
00000000BAAC,44.499408284,1477876086
00000002849A,19.3464935065,1477875624
00000000BA83,45.856097561,1477875780
000000018670,48.3662337662,1477875810
00000000B0D9,51.1591836735,1477875725
0000000284AC,11.5166921899,1477875783
000000016B45,49.7350318471,1477875345
00000000BA04,45.4634730539,1477875302
00000000BA7C,39.7904761905,1477875991
00000000BA69,47.7509433962,1477875817
000000016B62,48.8337662338,1477875786
00000000D363,41.5655172414,1477875695
00000000EDDF,45.856097561,1477875763
000000017512,42.4881355932,1477875815
000000017510,34.3397260274,1477875599
00000000BA87,28.9821011673,1477875896
00000002829D,19.569924812,1477875423
000000017538,47.9006369427,1477875848
00000002A8D7,13.9784386617,1477875887
00000000D380,49.0026315789,1477875599
0000000282A0,16.35602537,1477875921
00000000EE23,46.4222222222,1477876033
000000017493,53.4676056338,1477875817
000000028996,12.6393277311,1477875740
00000000BA3A,41.3142857143,1477875410
