000000018041,49.4763157895,1477918335
00000000E4DE,30.2486055777,1477918447
00000002B45A,10.7237288136,1477918253
000000018042,42.0813559322,1477917943
00000000B3DA,35.0063348416,1477918302
000000028340,18.0359102244,1477917991
000000016FC2,34.028959276,1477918616
000000016FC3,37.9818181818,1477918606
00000001BC62,43.2206896552,1477918640
00000001805E,37.5861386139,1477918533
00000000B3E3,34.604784689,1477918568
00000000B3E0,41.7164835165,1477918499
000000028345,16.0889867841,1477918401
00000000CA5B,46.4222222222,1477918602
00000001806B,45.0323353293,1477918663
000000019260,36.5067961165,1477917944
00000002ACEF,13.5919708029,1477917986
000000016FB5,40.6010695187,1477918267
00000000B3D9,42.8949152542,1477918274
00000000B3D5,26.4802816901,1477918447
00000000B3D7,40.6010695187,1477918238
00000000B3D6,48.6692307692,1477918183
00000000B3D1,36.5117647059,1477917967
00000000B3D2,45.856097561,1477918101
000000029ED9,10.9416036309,1477918121
