32.725862069|8|30.618|46.655|00000000B0F1|20
53.1183673469|2|53.118|0.000|00000000B0F3|20
56.9727272727|3|53.166|28.976|00000000BAC9|20
23.7210191083|7|28.488|46.419|00000000BADD|20
31.174137931|4|31.329|9.720|00000000BAE8|20
32.1051724138|3|33.741|5.352|00000000BAEA|20
42.0134078212|4|35.498|46.999|00000000BAF4|20
44.925443787|4|40.199|37.398|00000000D3EB|20
35.9834101382|4|35.984|23.375|00000000D3FC|20
45.9777777778|5|36.894|74.639|00000000D40D|20
42.0813559322|7|33.324|111.174|00000000EE40|20
31.9685950413|8|31.065|63.731|000000010A4B|20
36.8320754717|2|36.832|0.000|000000010AC2|20
33.1295154185|5|36.629|18.111|000000016B79|20
34.9391304348|9|27.900|74.042|000000017543|20
45.7775147929|5|39.913|25.206|00000001754E|20
38.79375|4|39.284|44.292|000000017565|20
33.8756756757|5|32.754|16.587|000000017583|20
37.2297029703|5|39.657|19.177|000000017597|20
41.7164835165|6|38.370|158.935|00000001759E|20
49.4763157895|5|37.899|200.470|000000018683|20
11.3088721805|9|27.197|140.676|000000018694|20
36.5067961165|5|31.327|22.859|0000000186E6|20
18.4323529412|3|17.162|3.229|0000000282A2|20
16.0515856237|2|16.052|0.000|0000000284B6|20
11.2580838323|2|11.258|0.000|000000028F23|20
14.5744186047|3|14.420|0.047|00000002A8DF|20
13.4053475936|3|12.931|0.451|00000002AAD5|20
18.0778846154|6|16.451|9.058|00000002B60C|20
