46.8666666667|2|46.867|0.000|00000000B1C9|20
35.8132075472|2|35.813|0.000|00000000B1CA|20
41.1513812155|4|38.480|15.873|00000000D96B|20
45.4634730539|8|33.060|186.933|00000000D971|20
36.7301886792|6|31.821|108.762|00000000D972|20
26.9548387097|4|35.177|69.306|00000000D995|20
48.8337662338|8|35.691|118.221|00000000F3FD|20
49.6897959184|6|40.297|67.610|00000001105C|20
41.7561497326|3|38.412|22.369|000000016C7B|20
34.4547169811|5|27.715|34.039|0000000178B4|20
43.6344827586|5|37.498|57.467|0000000178BA|20
37.2297029703|4|41.674|20.120|0000000178BE|20
36.6782608696|5|33.588|18.204|0000000178C4|20
35.9827751196|6|35.498|82.919|000000019E16|20
10.1489878543|2|10.149|0.000|0000000282D1|20
10.7214188267|2|10.721|0.000|0000000285A0|20
11.9943127962|3|13.279|3.303|0000000285B8|20
