58.6488188976|3|51.570|100.225|00000000B414|20
46.325748503|2|46.326|0.000|00000000B41A|20
47.4311688312|4|40.248|62.068|00000000B41D|20
47.2981132075|2|47.298|0.000|00000000B423|20
49.989261745|3|36.805|347.671|00000000CB0D|20
52.4535211268|4|48.764|37.134|00000000CB24|20
44.3659090909|5|43.372|33.111|00000000CB26|20
47.5815789474|4|45.581|38.878|00000000E5CB|20
48.6692307692|7|39.543|140.318|000000010134|20
43.2206896552|4|49.576|48.127|000000017015|20
49.1094339623|4|47.805|14.454|0000000180D0|20
46.8666666667|8|40.966|94.207|00000001931A|20
56.4272727273|10|31.998|256.439|00000001A74B|20
39.7904761905|8|33.540|78.283|00000001A753|20
45.4170731707|10|35.445|113.799|00000001BD10|20
44.6011976048|7|39.454|43.144|00000001BD18|20
12.7105802048|5|14.267|19.283|00000002AD12|20
18.0757009346|5|16.927|1.857|00000002B4AF|20
