36.3272727273|3|37.425|2.412|00000000B339|20
32.4461538462|2|32.446|0.000|00000000B346|20
42.4970414201|3|39.578|17.037|00000000B34A|20
40.8717391304|2|40.872|0.000|00000000B34C|20
39.16875|2|39.932|0.583|00000000B34D|20
20.6038356164|3|23.290|14.436|00000000B34F|20
36.8647058824|2|36.865|0.000|00000000B350|20
48.3592356688|2|48.359|0.000|00000000B356|20
56.1223880597|5|42.396|126.184|00000000C885|20
45.4634730539|4|38.550|54.704|00000000C890|20
51.3710526316|4|44.629|70.826|00000000C899|20
36.8647058824|2|36.865|0.000|00000000C8B3|20
49.2|1|49.200|0.000|00000000C8B4|20
32.4155172414|3|32.281|0.036|00000000C8C9|20
44.499408284|3|42.402|8.800|00000000C8E4|20
56.995620438|3|47.317|187.368|00000000C8ED|20
35.4735849057|5|33.581|6.490|00000000E2B0|20
36.3304347826|4|33.951|20.462|00000000E2BB|20
43.9789473684|4|37.650|227.302|00000000E2CC|20
59.2157480315|6|41.598|184.355|00000000E2D8|20
46.4222222222|6|33.385|156.608|00000000FE1D|20
30.2024096386|11|30.071|77.046|000000011A87|20
42.8949152542|3|41.351|4.766|000000016EF3|20
48.8337662338|3|48.935|0.021|000000016EF5|20
45.0323353293|3|43.469|4.886|000000016EFD|20
39.3065217391|14|31.966|88.125|000000017E71|20
51.1591836735|4|40.367|134.116|000000017EF3|20
40.8193548387|4|42.630|11.724|000000017EF6|20
40.8717391304|5|33.680|39.057|000000017F03|20
47.9006369427|4|41.007|55.906|000000017F1A|20
33.1295154185|5|37.105|47.267|000000019105|20
46.4222222222|6|39.431|60.769|00000001A557|20
12.352238806|3|14.101|6.115|00000002831D|20
23.6490566038|3|24.030|0.290|000000028321|20
16.8618834081|2|16.862|0.000|000000028785|20
20.6315217391|4|17.602|9.636|00000002878D|20
12.8033726813|3|14.033|3.023|00000002879B|20
15.2234817814|4|13.188|4.165|000000028CDF|20
10.4224137931|4|12.212|5.541|00000002922A|20
13.7471830986|2|13.747|0.000|000000029257|20
14.8374501992|2|14.837|0.000|00000002A988|20
11.2814264487|3|14.137|16.309|00000002A989|20
15.0408|2|18.333|10.836|00000002AC9D|20
