40.2160427807|4|36.340|15.236|00000000B278|20
43.723255814|5|41.700|16.857|00000000B27E|20
49.4763157895|2|49.476|0.000|00000000B285|20
36.6782608696|3|34.081|13.487|00000000C473|20
33.5513513514|6|35.054|6.610|00000000C47C|20
32.8401746725|3|33.679|1.406|00000000C47E|20
37.4291457286|3|32.928|40.525|00000000C48A|20
36.8647058824|4|40.516|31.094|00000000C48D|20
52.9605633803|4|45.686|68.106|00000000C4A4|20
46.4222222222|3|43.297|19.540|00000000C4B0|20
50.6693877551|3|44.746|70.167|00000000C4B4|20
38.4895522388|3|34.135|37.929|00000000C4B5|20
39.16875|3|34.844|9.661|00000000C4C5|20
46.4222222222|3|46.133|0.168|00000000C4CE|20
41.3208791209|3|36.884|39.375|00000000C4D6|20
44.499408284|5|39.434|39.072|00000000DE3D|20
45.0323353293|6|36.323|110.760|00000000DEB2|20
22.6395136778|3|27.981|57.052|000000016DA4|20
54.8934306569|3|55.061|0.056|000000016DAA|20
41.3208791209|4|39.088|5.674|000000016DAC|20
33.5732142857|6|31.524|129.040|000000017BAE|20
39.7384615385|6|40.880|40.714|000000017BC5|20
44.499408284|5|37.333|42.733|000000017BD2|20
41.7561497326|4|40.519|30.847|000000017BFC|20
41.3208791209|8|39.463|28.677|000000018DA5|20
21.5484240688|5|24.080|5.905|000000018DBC|20
51.1591836735|6|37.785|117.525|00000001A19C|20
10.8519480519|2|10.852|0.000|0000000282EE|20
15.7002087683|4|13.692|4.142|00000002A94E|20
19.3190839695|4|18.649|9.914|00000002AC1C|20
11.0920353982|4|12.261|3.279|00000002AFB6|20
16.4921052632|5|15.918|2.895|00000002AFC6|20
