29.8428571429|3|34.502|43.413|00000000B1FC|20
42.4156424581|2|42.416|0.000|00000000B200|20
41.3142857143|2|41.314|0.000|00000000C126|20
34.2767772512|3|31.434|16.165|00000000C138|20
42.4156424581|3|39.889|12.769|00000000C15D|20
37.7909547739|5|33.501|43.723|00000000DAD6|20
36.3304347826|4|29.231|54.090|00000000DAE3|20
51.1591836735|3|46.284|47.537|00000000DAEE|20
36.3272727273|3|36.361|0.002|00000000DAF1|20
38.5401015228|4|37.393|41.776|00000000DB10|20
35.1420560748|4|32.854|16.697|00000000DB11|20
40.6010695187|5|40.134|19.740|00000000F5C3|20
36.4568527919|3|36.970|0.526|000000016CBB|20
53.4676056338|4|51.655|4.742|000000017989|20
43.9789473684|4|36.756|57.552|0000000179A4|20
12.6963210702|4|15.104|13.465|00000002A925|20
