32.8401746725|2|32.840|0.000|00000000B023|20
41.6111731844|6|31.669|122.038|00000000B026|20
40.66875|1|40.669|0.000|00000000B027|20
52.225|2|42.414|96.248|00000000B02A|20
42.8949152542|2|42.895|0.000|00000000B02B|20
39.4095238095|3|36.208|20.498|00000000B02C|20
38.7649484536|3|33.843|48.445|00000000B02F|20
28.4359550562|2|28.436|0.000|00000000B030|20
49.4763157895|2|49.476|0.000|00000000B034|20
36.3304347826|2|36.330|0.000|00000000B038|20
34.6684931507|8|35.892|84.195|00000000B7EA|20
39.2709677419|4|36.088|41.651|00000000B7EC|20
37.7909547739|4|34.584|22.672|00000000B801|20
40.2160427807|5|41.348|18.359|00000000B822|20
32.8123348018|4|32.853|4.702|00000000B828|20
39.0609625668|4|37.203|6.441|00000000B82C|20
42.4881355932|4|38.087|55.687|00000000B82F|20
52.225|2|42.562|93.364|00000000B839|20
54.6215827338|3|48.381|77.888|00000000B841|20
40.2160427807|3|33.661|85.945|00000000D054|20
38.3693877551|2|38.369|0.000|00000000D0C8|20
37.5861386139|6|34.457|138.135|00000000D10D|20
32.035443038|10|33.480|61.886|00000000EB62|20
44.9790697674|5|39.707|44.450|000000016A2B|20
38.7649484536|5|34.014|59.150|000000016A40|20
49.0026315789|3|46.135|16.446|000000016A48|20
26.001369863|4|36.019|195.955|000000016A4C|20
33.5513513514|4|38.183|21.461|000000016A62|20
37.7909547739|3|44.762|97.183|000000016A78|20
35.4735849057|4|36.456|1.260|000000017316|20
35.9827751196|5|38.767|38.048|00000001731E|20
41.3208791209|5|34.293|36.461|000000017336|20
46.8666666667|4|38.858|66.064|00000001734F|20
47.9006369427|7|36.224|92.330|00000001ABDC|20
52.4535211268|14|33.208|142.129|00000001D8A2|20
10.4213256484|2|10.421|0.000|00000002826B|20
12.4875|1|12.488|0.000|00000002826C|20
15.5701863354|2|15.570|0.000|00000002826E|20
11.4618066561|4|12.689|4.894|000000028411|20
13.9784386617|3|13.449|0.560|00000002841C|20
14.3791505792|2|14.379|0.000|00000002841F|20
11.2304347826|4|12.290|4.586|000000028421|20
18.482382134|3|16.834|5.437|000000028427|20
15.5701863354|2|15.570|0.000|00000002842B|20
17.1698630137|4|15.033|7.391|00000002A89E|20
12.6329450915|4|15.771|9.967|00000002AA45|20
10.5772151899|4|12.014|2.673|00000002AA4B|20
