56.9727272727|3|50.217|91.277|00000000B407|20
41.2630434783|2|41.263|0.000|00000000B40F|20
47.9006369427|2|47.901|0.000|00000000B413|20
54.7909090909|2|54.791|0.000|00000000B419|20
46.325748503|2|46.326|0.000|00000000B41A|20
53.4676056338|4|47.311|38.003|00000000CADE|20
13.9009242144|3|19.566|64.187|00000000CADF|20
53.4676056338|7|36.907|275.548|00000000E537|20
50.6693877551|5|39.027|155.192|00000000E580|20
48.6692307692|4|44.487|21.934|000000010134|20
59.7826771654|3|50.488|172.765|000000011E34|20
49.4763157895|5|45.130|16.043|0000000180AF|20
11.5520737327|4|13.061|4.917|000000028810|20
12.2084415584|3|12.625|0.348|000000028813|20
25.5155844156|2|25.516|0.000|000000028814|20
14.5679104478|3|15.881|3.447|00000002881A|20
