52.225|3|47.279|79.157|00000000B436|20
54.8934306569|3|49.803|51.829|00000000B438|20
42.0813559322|5|41.577|55.980|00000000CB91|20
32.1384615385|6|41.467|65.022|00000000CB92|20
45.856097561|2|45.856|0.000|00000000CB94|20
44.6011976048|3|44.919|0.202|00000000CB9C|20
56.4700729927|4|50.625|34.467|00000000CBA2|20
50.8973684211|3|48.655|10.060|00000000CBAC|20
52.725|4|46.036|44.441|00000000E63F|20
45.0323353293|4|39.977|27.804|00000000E651|20
54.3678832117|5|49.791|104.649|000000017041|20
56.6597014925|5|48.681|67.647|00000001939B|20
44.6011976048|4|41.362|42.632|00000001A7DF|20
16.2427645788|2|16.243|0.000|000000028352|20
18.6610421836|3|16.428|9.971|000000028841|20
13.8497237569|4|14.925|5.606|00000002AD2F|20
22.1840707965|4|21.113|1.812|00000002B4CE|20
