44.1418604651|3|42.811|3.543|00000000BE70|20
34.9880184332|6|29.713|79.045|00000000BE89|20
36.8732673267|3|38.435|4.877|00000000BE96|20
44.1|3|37.387|46.701|00000000BE9C|20
39.3065217391|4|40.852|12.700|00000000BEA9|20
49.4763157895|5|46.769|36.296|00000000D848|20
21.861627907|6|28.181|115.217|00000000D85A|20
42.4881355932|3|37.902|42.059|00000000F2DA|20
36.5117647059|5|33.037|12.274|0000000177F6|20
16.7602649007|2|16.760|0.000|0000000282CB|20
15.5701863354|3|14.688|1.556|00000002857B|20
14.3791505792|3|16.006|5.291|000000028583|20
16.5082452431|3|15.034|4.346|00000002AB69|20
15.2457831325|7|16.632|13.051|00000002AEE4|20
