45.0323353293|2|45.032|0.000|00000000B174|20
45.856097561|3|39.359|84.412|00000000B175|20
31.7316455696|2|31.732|0.000|00000000B179|20
52.9605633803|9|43.314|50.672|00000000BD6B|20
44.1418604651|5|38.627|21.599|00000000BD6E|20
34.0109589041|3|33.344|0.889|00000000BD70|20
44.6011976048|3|38.876|65.563|00000000BD90|20
43.723255814|8|38.080|178.219|00000000D6F6|20
42.0134078212|7|36.286|19.523|00000000F11C|20
47.9006369427|5|37.203|206.281|00000000F16A|20
35.4735849057|5|28.913|97.229|00000000F17A|20
40.66875|8|32.691|81.416|0000000148BC|20
36.8647058824|5|31.832|116.817|00000001771E|20
50.9323943662|5|42.750|60.334|00000001772C|20
40.8717391304|4|31.371|90.582|00000001772E|20
47.9006369427|4|40.220|69.151|000000017734|20
32.4155172414|5|38.228|59.941|00000001B0E4|20
12.471641791|2|12.472|0.000|000000028540|20
