52.225|2|53.526|1.692|00000000B436|20
42.0813559322|5|41.577|55.980|00000000CB91|20
32.1384615385|5|38.981|40.933|00000000CB92|20
45.856097561|2|45.856|0.000|00000000CB94|20
44.6011976048|3|44.919|0.202|00000000CB9C|20
56.4700729927|4|50.625|34.467|00000000CBA2|20
50.8973684211|3|48.655|10.060|00000000CBAC|20
46.4222222222|9|41.740|115.595|00000000E62B|20
52.725|4|46.036|44.441|00000000E63F|20
45.0323353293|4|39.977|27.804|00000000E651|20
45.856097561|3|47.754|7.205|00000001703B|20
54.3678832117|4|54.781|6.330|000000017041|20
53.4676056338|11|41.937|151.712|00000001D477|20
16.2427645788|2|16.243|0.000|000000028352|20
22.1840707965|4|21.113|1.812|00000002B4CE|20
