32.8401746725|5|33.888|41.797|00000000B190|20
45.9777777778|3|41.619|38.006|00000000BE4A|20
43.723255814|4|37.943|34.215|00000000BE55|20
42.0813559322|2|42.081|0.000|00000000BE57|20
44.6444444444|3|43.225|4.027|00000000BE5A|20
57.5181818182|3|48.912|148.143|00000000BE5E|20
40.6010695187|3|39.803|1.274|00000000BE62|20
41.7164835165|3|40.787|1.727|00000000BE69|20
44.3333333333|3|39.522|46.294|00000000BE75|20
51.6489795918|3|37.994|372.940|00000000BE77|20
41.2630434783|6|36.876|94.116|00000000D829|20
51.1591836735|3|41.729|177.870|00000000F28B|20
42.9032967033|4|41.440|35.983|0000000177C1|20
40.6010695187|9|36.784|34.803|00000001B195|20
32.4155172414|11|31.997|60.550|00000001C7B1|20
13.0110726644|2|13.011|0.000|0000000282C9|20
11.6463768116|3|14.188|12.925|00000002856B|20
24.0268370607|3|22.742|3.302|000000028578|20
