00000001AE10,43.4337662338,1477875703
00000000D2C6,42.1452229299,1477875689
00000000BA05,10.4530805687,1477875628
000000018670,36.9546961326,1477875977
000000017527,13.6929859719,1477876068
000000016B4C,29.2178571429,1477876063
00000000EE13,41.6150943396,1477876190
00000000BA83,45.012244898,1477875937
00000000BA87,43.9796178344,1477876109
000000003356,41.6866242038,1477875773
000000016B5F,46.5971830986,1477875881
00000000D34B,16.6670025189,1477875613
00000000D350,45.012244898,1477875764
000000026DC8,11.1581787521,1477875939
00000000D374,43.0578947368,1477876053
