000000016E69,25.846875,1477910773
00000000C721,36.7685393258,1477910855
00000002AC5E,20.9392405063,1477910630
00000001CECE,41.1622641509,1477910796
00000000B2E5,30.8716981132,1477910531
00000000B2E8,10.3065420561,1477910840
00000000E158,47.45,1477911214
000000017D8F,43.3479452055,1477910486
00000000B2F9,32.7882352941,1477911150
00000000C709,42.6222222222,1477910745
000000016E5D,45.5020408163,1477910484
00000000C718,18.6915254237,1477911102
00000000C6D9,55.9384615385,1477910533
00000000E134,51.528358209,1477910994
00000000E106,46.0901408451,1477910725
00000000C6FC,41.6866242038,1477910756
000000007A80,30.9196261682,1477910585
000000017D64,34.6285714286,1477910405
00000002C144,19.0137931034,1477910609
