00000000B34F,36.5569060773,1477914071
00000000B34A,33.7411764706,1477913834
00000000B35E,40.4,1477914342
000000016F1C,19.5146341463,1477914218
0000000271AF,10.0073394495,1477913739
000000002C2B,44.5690140845,1477914166
00000000C8FD,19.0137931034,1477914306
00000000E2CC,50.6727272727,1477913844
00000000E332,48.1183098592,1477914234
00000002879B,17.0536082474,1477914196
000000015678,30.1603686636,1477914224
00000000FEB2,30.2136986301,1477914336
000000028323,19.8702702703,1477914305
000000028321,24.7909090909,1477913794
000000007D68,41.2888888889,1477914133
000000029843,18.3931034483,1477914018
000000003D38,47.7722627737,1477914498
000000019127,39.7255813953,1477914351
00000000C8E4,39.1157894737,1477914043
000000016F22,34.3956521739,1477914302
00000000B35F,44.4080536913,1477914366
00000000B35D,20.8731861199,1477914405
000000015694,38.7266272189,1477914356
00000002831C,22.2219269103,1477914099
00000000B356,50.6727272727,1477914069
00000000C8B9,29.8054054054,1477914476
000000017F43,38.4413793103,1477914403
000000016F16,18.9051428571,1477914182
000000016F18,43.0578947368,1477914083
000000016F1E,35.9604395604,1477914198
000000029257,21.6,1477914013
00000002831D,17.5978723404,1477913786
00000000C8CC,32.4352941176,1477913795
