00000000CB37,33.7360824742,1477921823
00000001BD18,47.4382978723,1477921820
0000000180DB,44.5224489796,1477922084
0000000080CA,56.5538461538,1477921501
000000002E19,48.297810219,1477921535
00000000CB2C,47.1042253521,1477922012
00000002AD12,22.9288590604,1477921590
00000000CB24,38.2153846154,1477921577
00000000CB26,49.5818181818,1477921639
00000000E5EB,48.1208633094,1477921869
000000002E06,42.1452229299,1477921880
000000017015,21.5530944625,1477921733
0000000180D0,32.7564356436,1477921883
0000000180D6,59.7214285714,1477922019
