000000009567,39.6215568862,1477903102
00000000C2DB,33.5878172589,1477902952
000000016D4B,24.7820224719,1477903573
00000000C315,48.2853146853,1477903449
000000018C7E,41.2888888889,1477903084
0000000267CB,18.7444759207,1477903371
000000018C92,28.3423728814,1477903237
00000000B236,51.2930232558,1477903171
00000002ABE0,14.3536480687,1477903067
00000000B23A,53.3612903226,1477903607
00000000C313,32.993814433,1477903681
000000016D41,12.5379310345,1477903407
000000016D38,39.6215568862,1477902949
00000002B784,24.2373626374,1477902922
00000002A940,26.6806451613,1477903118
00000000DCF0,29.1649769585,1477903461
000000017ADD,33.9532994924,1477903457
000000014F01,44.0052631579,1477902914
