00000002A887,15.2712328767,1477869143
00000000B731,55.9384615385,1477869724
00000000B6F8,32.7564356436,1477869529
0000000030E6,52.6677165354,1477869462
00000001837F,49.1568345324,1477869563
00000000B6AD,30.9196261682,1477869033
00000000B719,36.9653631285,1477869582
00000000AFD3,27.6396694215,1477869569
0000000169F7,52.1007874016,1477869596
0000000140F5,35.9608695652,1477869185
00000000AFC4,46.2422535211,1477869118
00000000B70B,27.2793103448,1477869684
00000000AFDD,34.1072164948,1477869783
0000000288B8,23.6274368231,1477869408
00000000B6D3,17.5935483871,1477869122
0000000169D5,29.8054054054,1477869212
00000000CF24,35.4711864407,1477869238
0000000169EA,33.2223350254,1477869250
000000017206,22.0026315789,1477869043
0000000169DA,14.108315565,1477869087
