34.4625|4|34.380|7.551|000000002738|18
34.6285714286|2|34.629|0.000|0000000051FD|18
38.8227272727|8|32.659|77.698|000000005209|18
32.0038277512|3|33.160|2.675|00000000B1F8|18
26.4971659919|4|29.695|29.922|00000000C0D8|18
35.9608695652|4|35.794|10.558|00000000C0F7|18
46.0901408451|5|40.560|85.419|00000000F554|18
47.0848920863|4|45.221|15.989|000000011225|18
32.3130434783|4|30.852|10.130|000000016CAD|18
33.2502512563|7|34.688|52.802|000000018B14|18
30.9196261682|22|31.730|154.990|00000001C979|18
24.9582089552|4|20.241|23.601|0000000285F2|18
