46.5971830986|2|46.597|0.000|000000003563|18
41.6866242038|2|41.687|0.000|000000004D80|18
29.8054054054|9|34.917|28.633|000000006E6A|18
13.6634655532|8|28.597|131.334|00000000BD90|18
50.1272727273|5|36.820|275.980|00000000D756|18
19.3473684211|8|28.503|73.338|000000012BA1|18
40.7853658537|6|39.867|93.230|000000016C1C|18
40.4|6|31.153|113.170|00000001774C|18
46.5971830986|4|41.705|25.461|000000018909|18
44.4080536913|12|32.898|123.496|000000019C41|18
17.5463806971|3|15.855|5.723|000000028540|18
12.1856353591|4|15.997|32.541|00000002A903|18
