17.4126315789|3|21.513|33.629|000000003399|18
15.4960187354|8|28.464|70.045|00000000B0F1|18
16.5564356436|7|27.464|62.463|00000000BADD|18
27.0801619433|4|30.305|13.180|00000000BAE8|18
35.5917525773|9|27.972|75.105|000000017543|18
35.9608695652|5|33.171|18.219|000000017583|18
36.352173913|5|39.481|20.152|000000017597|18
35.7689839572|6|28.497|76.918|000000019A32|18
11.2530612245|2|11.253|0.000|0000000266BE|18
15.1150115473|4|17.399|23.745|0000000266D6|18
12.2058394161|7|15.101|15.348|0000000269AF|18
23.9736263736|6|18.610|17.945|000000026DD5|18
15.4598130841|2|15.460|0.000|000000027AC2|18
12.3447761194|3|16.315|31.533|0000000284A8|18
11.4477508651|4|14.211|17.034|000000028996|18
22.2040268456|4|17.988|24.236|00000002A8DD|18
12.5794676806|2|12.579|0.000|00000002ADDD|18
23.3809187279|7|17.016|17.012|00000002BED3|18
