38.0275862069|2|38.028|0.000|0000000025C4|18
40.8444444444|4|37.131|55.144|0000000025DF|18
43.0578947368|4|37.791|27.753|000000004E70|18
46.9276595745|7|33.029|141.857|000000008FF8|18
40.0526946108|5|37.313|19.229|00000000BE57|18
40.0526946108|4|38.054|36.358|00000000BE9C|18
43.9248322148|6|37.320|98.992|00000000D829|18
52.7083969466|4|44.648|68.024|0000000177D8|18
31.3592417062|7|30.363|66.507|000000018997|18
41.6866242038|13|32.003|157.002|00000001DF51|18
18.7444759207|4|19.274|1.173|000000026A7E|18
13.8955414013|7|14.352|6.757|00000002B6C2|18
