52.6677165354|9|36.881|183.567|0000000030E6|18
46.2422535211|6|41.316|12.522|00000000AFC4|18
27.6396694215|4|32.995|43.229|00000000AFD3|18
34.1072164948|3|31.329|15.435|00000000AFDD|18
30.9196261682|8|35.828|70.832|00000000B6AD|18
17.5935483871|8|32.797|85.275|00000000B6D3|18
32.7564356436|3|35.216|12.095|00000000B6F8|18
27.2793103448|4|26.868|15.592|00000000B70B|18
36.9653631285|4|36.341|43.786|00000000B719|18
55.9384615385|4|47.071|112.406|00000000B731|18
35.4711864407|8|32.008|39.770|00000000CF24|18
35.9608695652|10|30.935|138.305|0000000140F5|18
29.8054054054|4|36.328|81.251|0000000169D5|18
14.108315565|8|30.828|147.157|0000000169DA|18
33.2223350254|2|33.222|0.000|0000000169EA|18
52.1007874016|5|46.032|79.058|0000000169F7|18
22.0026315789|6|29.477|73.387|000000017206|18
49.1568345324|6|41.418|92.104|00000001837F|18
23.6274368231|5|21.221|4.062|0000000288B8|18
15.2712328767|4|12.906|5.672|00000002A887|18
