33.1128712871|3|31.474|5.369|000000002365|18
41.6866242038|8|38.011|87.101|000000003356|18
39.5786982249|3|36.659|17.047|00000000B0C5|18
54.2360655738|6|36.806|230.465|00000000BA04|18
10.4530805687|9|36.678|241.475|00000000BA05|18
41.6150943396|5|36.679|64.793|00000000BA3A|18
45.012244898|4|46.570|5.008|00000000BA83|18
43.9796178344|4|38.343|38.707|00000000BA87|18
42.1452229299|9|33.043|160.400|00000000D2C6|18
45.012244898|5|37.203|186.728|00000000D350|18
43.0578947368|4|36.733|47.196|00000000D374|18
26.3814671815|7|28.106|20.569|00000000ED2D|18
29.2178571429|4|38.262|95.792|000000016B4C|18
46.5971830986|4|46.514|11.183|000000016B5F|18
34.1072164948|5|36.750|18.967|0000000174D9|18
45.5020408163|7|38.367|62.078|0000000174E9|18
36.9546961326|6|34.543|64.643|000000018670|18
43.4337662338|7|32.910|103.860|00000001AE10|18
19.9903323263|2|19.990|0.000|0000000266C0|18
21.1399361022|3|17.685|23.877|000000028482|18
