53.3612903226|4|45.693|62.981|00000000B23A|18
49.8330708661|4|45.004|23.408|00000000B23E|18
32.993814433|4|32.289|7.399|00000000C313|18
48.2853146853|7|40.135|82.826|00000000C315|18
33.5878172589|4|33.320|0.284|00000000C331|18
43.5315789474|4|42.716|2.084|00000000C348|18
29.1649769585|5|33.522|39.828|00000000DCF0|18
24.7820224719|6|32.262|78.195|000000016D4B|18
33.9532994924|3|31.370|13.347|000000017ADD|18
28.3423728814|6|31.762|18.265|000000018C92|18
21.2493506494|4|17.205|16.459|0000000267C6|18
18.7444759207|2|18.744|0.000|0000000267CB|18
