00000001A9C1,52.6677165354,1477863992
000000017148,54.2360655738,1477864214
000000020164,15.2110344828,1477864052
000000002072,33.0373205742,1477864195
000000002071,24.6895522388,1477864221
00000000CE22,42.1452229299,1477864500
00000000207C,44.5224489796,1477864613
00000000207A,55.6033613445,1477864452
00000000207F,48.297810219,1477864671
0000000121E7,31.3306930693,1477864525
000000026CE4,16.3941176471,1477864021
000000026CE5,16.7939086294,1477864199
000000002FE3,20.2078549849,1477863982
000000002FE5,24.1472924188,1477864376
000000006401,42.1452229299,1477864436
00000000E886,36.1627118644,1477864243
00000000B58A,37.897005988,1477864291
00000001048F,57.1692307692,1477864667
