000000029914,28.0892703863,1477920423
000000002E0F,56.5538461538,1477920923
000000002E0D,57.1692307692,1477920892
000000002E0C,56.5538461538,1477920881
000000026C52,32.1576923077,1477920473
000000010156,42.9662337662,1477920460
000000028D75,23.3809187279,1477920485
000000002E14,41.6150943396,1477921079
000000002E16,50.7348837209,1477921101
000000002E11,46.3409395973,1477920986
000000002DF4,52.7083969466,1477920368
000000028D6F,11.6732984293,1477920440
00000000E575,52.3090909091,1477920842
000000003F16,52.1007874016,1477921115
000000008063,23.2911032028,1477920305
0000000268E6,11.4477508651,1477920330
00000000AE39,54.2360655738,1477920877
00000000E587,52.1007874016,1477920573
00000001D3D3,42.6038216561,1477920697
000000002DF9,51.2930232558,1477920980
000000002E04,38.2473988439,1477920703
000000002E03,46.45,1477920681
0000000298E7,26.6806451613,1477920403
00000001BCF9,21.0443729904,1477920886
000000026C5A,17.3487437186,1477920991
00000001A738,52.1007874016,1477920912
000000028D70,14.4471615721,1477920741
000000011E3A,30.4921658986,1477920544
000000002E05,35.0095238095,1477920717
00000001599B,38.0275862069,1477921088
0000000192EF,37.3675977654,1477920895
