0000000292E0,14.4471615721,1477918374
000000003EA4,40.8444444444,1477918824
00000000E49D,15.7542857143,1477918485
000000005F14,44.4080536913,1477918939
0000000203E9,10.2586046512,1477918617
000000002D98,49.9164179104,1477918539
000000011DA2,47.7722627737,1477918545
000000026C36,18.8512820513,1477918473
000000002D8D,14.7405405405,1477918439
00000002A820,19.0810495627,1477918815
00000001BC62,12.651625239,1477918465
000000005EEA,38.4697674419,1477918261
00000000E4C4,35.0095238095,1477918660
000000019267,47.6028776978,1477918627
000000003EAC,59.0785714286,1477918954
000000022864,10.9652459016,1477918308
000000011D43,10.4862123613,1477918651
0000000278D9,20.5480519481,1477918254
000000019283,41.2888888889,1477918965
00000000CA57,48.1208633094,1477918803
000000003EA0,44.5224489796,1477918874
000000003EA7,52.6677165354,1477918848
0000000100E1,46.5971830986,1477918676
000000002D93,29.5738317757,1477918487
000000007F81,31.5509433962,1477918354
000000007FBB,25.6275862069,1477918514
000000005F23,49.9603053435,1477918946
00000000CA3C,45.95,1477918381
000000011D96,32.4352941176,1477918517
000000002D8B,19.8327272727,1477918338
000000003E82,35.3839572193,1477918523
000000005EE2,51.462295082,1477918480
00000000E504,53.6459016393,1477918930
000000027289,14.5105263158,1477918364
000000009F43,31.9652173913,1477918457
000000010096,36.352173913,1477918392
00000000E4B8,46.0901408451,1477918391
000000027284,26.9333333333,1477918205
000000007F9A,18.2280991736,1477918825
00000000CA46,33.1128712871,1477918537
