000000029651,23.225,1477892083
00000000BFEC,33.5878172589,1477892556
00000000BFBF,40.3463414634,1477892335
00000000F457,54.2360655738,1477892347
0000000036F4,45.95,1477892616
00000000D9BA,35.7559322034,1477892603
0000000026A4,14.135637149,1477892207
000000026781,25.6275862069,1477892163
0000000026A0,40.3463414634,1477891944
0000000036D7,38.4697674419,1477892449
0000000050D6,35.3839572193,1477892502
00000000D9A4,45.45,1477892272
000000005093,23.1446366782,1477891927
0000000036D2,46.5971830986,1477892069
0000000036D1,40.8444444444,1477892076
000000019E22,44.45,1477892308
000000026AB3,27.156846473,1477891958
00000000D9A9,18.426446281,1477892301
00000000D97C,35.9604395604,1477891845
00000000D99F,40.4,1477892128
00000001B2E2,41.6368421053,1477892066
0000000036DD,35.0095238095,1477892167
000000029041,24.0604316547,1477892267
0000000050CD,41.6634146341,1477892357
00000000F42B,38.4697674419,1477891915
00000000D9AF,44.45,1477892269
0000000026B8,39.1526627219,1477892514
000000028ABB,19.8480712166,1477892282
0000000026B4,34.7736263736,1477892484
00000000507A,17.6448,1477891966
000000027C71,15.5881773399,1477891832
0000000026AC,43.5315789474,1477892256
0000000285B2,16.8680412371,1477891821
00000002903D,13.8426778243,1477892151
