0000000073FB,15.7754716981,1477897903
000000028603,10.8857142857,1477897604
00000000DB2A,37.5954545455,1477897697
0000000093A4,39.9073170732,1477897552
0000000027A9,40.3463414634,1477897763
000000019F42,51.8754098361,1477898065
0000000027A4,36.356043956,1477898017
00000000DB50,53.3612903226,1477898219
0000000296BA,16.4597014925,1477897939
00000000DB58,46.5971830986,1477898300
0000000037AA,50.1272727273,1477897719
00000002A2D2,10.5363057325,1477897608
00000000F5E2,43.8198675497,1477897517
0000000179C3,33.2502512563,1477898113
00000001E228,48.297810219,1477897816
00000002BBC1,25.1589353612,1477898207
00000001B448,35.3904761905,1477897903
0000000037B7,37.3675977654,1477898006
0000000112AF,52.1007874016,1477897859
0000000027A6,16.5691139241,1477897786
0000000296B6,24.6895522388,1477897989
0000000037BA,47.6028776978,1477897906
0000000027B9,37.7898305085,1477898061
0000000027B7,35.0095238095,1477898003
00000000F5E8,37.4315789474,1477897818
000000005324,44.45,1477898138
00000001B453,45.5309352518,1477898000
0000000027B0,39.6215568862,1477897856
00000000C149,45.012244898,1477897827
0000000037C4,33.5878172589,1477898182
0000000037C2,47.1042253521,1477898121
0000000037A7,49.6748201439,1477897534
0000000093BA,36.9762711864,1477897943
0000000073F4,32.4,1477897644
00000000DB22,29.8607142857,1477897619
0000000052E7,16.4856423174,1477897713
