0000000027E7,43.0578947368,1477899029
000000003806,27.6853556485,1477899707
00000002BBDC,19.0810495627,1477899292
00000000DBB3,37.3675977654,1477899292
0000000027E6,31.9652173913,1477899048
00000000DB83,39.0666666667,1477899045
000000019F8C,44.0052631579,1477899757
000000002803,15.0962264151,1477899672
000000002801,49.5818181818,1477899495
000000002807,42.6038216561,1477899552
00000001132B,40.0526946108,1477899465
0000000037F7,39.1904191617,1477899357
000000028B66,19.6540540541,1477899708
0000000037EB,31.5509433962,1477899030
000000028B63,18.1268292683,1477899344
0000000053B5,39.6215568862,1477899670
00000000C1C5,18.5931818182,1477899093
0000000027DF,15.3879069767,1477899066
000000027060,15.9644859813,1477899349
00000000C1CE,48.297810219,1477899128
000000005381,21.072611465,1477899222
0000000179CE,53.3612903226,1477899516
000000005387,40.3463414634,1477899623
000000019F61,32.1203883495,1477899264
0000000282DE,10.9494809689,1477899506
00000000280C,50.6727272727,1477899616
00000001B4AB,42.9662337662,1477899335
00000000280F,37.7898305085,1477899704
00000000280D,43.4264150943,1477899659
0000000053C0,32.7564356436,1477899665
000000027688,16.8060301508,1477899312
00000000539C,39.8037735849,1477899395
0000000027ED,32.1258883249,1477899139
0000000027F1,43.5315789474,1477899196
