00000000E62D,38.0275862069,1477922753
00000000CB7D,59.0785714286,1477922810
000000028D8A,12.651625239,1477922504
000000003F49,19.9665671642,1477922172
000000002E72,48.8233576642,1477922920
000000003F58,49.3791044776,1477922345
00000002B0EB,17.464229765,1477922160
00000002994F,22.1108108108,1477922549
00000000CB3E,42.1452229299,1477922140
00000000812A,46.5971830986,1477922314
00000002793E,20.7083591331,1477922670
000000006061,45.5020408163,1477922350
000000011EDE,39.1904191617,1477922406
00000000E61A,56.5071428571,1477922406
00000000CB4E,47.1042253521,1477922202
00000000CB44,22.828668942,1477922228
0000000180CE,14.7576673866,1477922185
00000000604F,48.297810219,1477922114
000000019345,48.297810219,1477922521
00000001BD64,54.2360655738,1477922772
000000026C63,16.3941176471,1477922736
000000026C62,20.8731861199,1477922516
0000000101F8,57.1692307692,1477922906
00000000E61C,30.4921658986,1477922511
00000002BDC4,24.8851711027,1477922241
00000001934F,40.8444444444,1477922368
000000002E5F,36.9653631285,1477922500
000000003F4E,49.1823529412,1477922583
000000003F68,52.1007874016,1477922732
000000002E6B,45.95,1477922669
00000000E629,33.4857142857,1477922676
