000000026A6A,19.0137931034,1477883193
00000000F1C3,38.4697674419,1477883403
00000000257D,48.8417910448,1477883751
00000000257B,39.0101694915,1477883751
000000028A8B,23.5473309609,1477883725
0000000188EA,39.8037735849,1477883766
00000000356C,13.550310559,1477883153
000000002568,56.5967213115,1477883271
0000000188F7,35.7689839572,1477883621
000000010E4A,40.3463414634,1477883765
00000000F1CE,18.6388732394,1477883821
000000026A78,24.6895522388,1477883813
00000000D734,24.0585365854,1477883193
00000002756B,15.176146789,1477883780
0000000188BD,23.0450704225,1477883172
00000000D75E,46.5971830986,1477883591
00000000F196,41.6150943396,1477883398
00000000D73A,36.7516483516,1477883155
000000002580,41.9125827815,1477883827
00000000256C,33.4857142857,1477883368
00000000D748,33.0545454545,1477883376
00000001B117,55.6033613445,1477883443
00000000D73E,35.9625,1477883306
000000019C6B,39.6215568862,1477883400
00000000257F,42.9662337662,1477883806
000000002582,38.0511627907,1477883866
00000001B0F9,54.2360655738,1477883689
000000019C7A,49.3791044776,1477883658
00000000F1D3,32.7564356436,1477883556
00000000D749,36.7516483516,1477883411
0000000295B9,11.6248667851,1477883155
00000001C6F5,43.5315789474,1477883352
