0000000022AB,36.356043956,1477872431
0000000022AE,50.5099236641,1477872437
0000000031A1,36.7953488372,1477871782
0000000067FB,43.8198675497,1477872429
0000000107FB,38.1480662983,1477872266
000000004696,47.1042253521,1477872488
00000000228D,50.5099236641,1477872043
00000000D152,39.0666666667,1477872189
00000000D151,49.1823529412,1477872185
000000002282,34.9989304813,1477871972
000000002283,42.1452229299,1477871957
000000002286,18.426446281,1477872078
000000002288,47.0848920863,1477871984
000000016A6B,39.1904191617,1477872079
00000000D137,15.8086956522,1477872064
00000000EBD4,25.2694980695,1477872451
00000000EBD9,19.4785714286,1477871977
00000000321A,41.9538461538,1477871965
00000000EBEB,31.9652173913,1477872005
000000002273,45.95,1477871761
000000003200,27.0446280992,1477871737
0000000022A0,43.0578947368,1477872300
000000016A77,50.6727272727,1477872365
000000002292,40.8444444444,1477872122
000000017352,35.3839572193,1477872167
000000002295,38.4697674419,1477872197
00000000EBC0,29.8054054054,1477872056
000000003233,35.7639344262,1477872248
000000002202,32.0038277512,1477871858
00000000D134,33.5878172589,1477871916
0000000022B1,39.1526627219,1477872502
00000000D13E,34.4625,1477872323
0000000031D0,41.6866242038,1477872257
000000006809,45.4263157895,1477872261
00000000323E,32.7564356436,1477872356
0000000197EE,37.3675977654,1477872486
00000002ADC6,17.0198473282,1477871821
000000008872,46.5971830986,1477872183
00000000229E,45.012244898,1477872277
0000000184A7,38.4697674419,1477872258
0000000197BE,35.7559322034,1477872128
000000003213,31.2113207547,1477871912
00000000D18D,43.2470588235,1477872489
00000002893E,11.1422535211,1477872016
00000000D115,59.0785714286,1477872017
00000000462F,51.2930232558,1477872192
0000000031F6,17.3214659686,1477871735
0000000066F2,40.8568047337,1477872033
00000001AB64,35.7689839572,1477872079
00000001978B,35.0095238095,1477871893
00000001C187,40.4,1477872359
000000003242,38.4697674419,1477872445
000000002238,45.5020408163,1477872376
0000000067CB,50.4,1477871896
00000000B82D,44.8912751678,1477871950
000000026D33,16.4188585608,1477872099
0000000269B0,19.0137931034,1477871789
00000000468A,40.4,1477872414
0000000087BA,17.8368,1477871736
00000000B026,38.574301676,1477871711
000000018435,52.3041322314,1477871726
0000000107C3,32.9194029851,1477872152
00000000EBF3,48.297810219,1477872127
0000000269BF,14.6598726115,1477872272
0000000283E8,15.2364464692,1477872081
000000002253,48.297810219,1477872137
00000000D162,42.4987012987,1477872243
