00000001885C,50.7348837209,1477881203
00000002671F,24.4208955224,1477880530
000000026A52,25.6465116279,1477880413
000000003504,45.012244898,1477880970
00000002AE8D,14.7367483296,1477880411
000000006DFA,38.0511627907,1477881066
00000000350B,39.6215568862,1477881053
000000026EF4,18.5673913043,1477880944
00000002AB1D,20.0864864865,1477880766
0000000024F1,45.5020408163,1477880525
000000006DBD,49.5818181818,1477880585
00000000D67B,41.2888888889,1477881053
00000000D663,41.2888888889,1477880613
000000004C75,31.6173913043,1477881117
0000000024FA,47.1042253521,1477880645
0000000024FB,55.9384615385,1477880637
0000000024FC,44.0052631579,1477880666
0000000034CD,52.7806451613,1477880608
000000002502,56.5538461538,1477880809
000000028A57,27.8419354839,1477880662
00000002C371,19.2909620991,1477880604
0000000034D9,32.9625,1477880464
000000019BE1,39.1904191617,1477880510
000000028F7E,14.0484076433,1477880660
000000004C41,15.6266666667,1477880691
00000000250D,40.4,1477881106
00000000F0A5,32.7564356436,1477880557
000000026EE2,17.1069053708,1477880584
000000004C80,52.5142857143,1477881222
0000000024F5,39.9073170732,1477880578
000000012A75,22.2612244898,1477880539
0000000024EF,37.7898305085,1477880496
00000001482F,17.8844919786,1477880777
000000003507,43.2,1477880992
00000000D682,35.2206185567,1477881107
00000000D656,21.5530944625,1477880535
00000000D651,19.7309734513,1477880649
000000008DE8,12.7001919386,1477881033
00000002A1A1,15.6425531915,1477880807
00000000D673,35.3904761905,1477880914
000000002505,35.4711864407,1477880915
