55.6033613445|2|55.603|0.000|000000002716|17
42.4153846154|2|42.415|0.000|000000002719|17
36.356043956|2|36.356|0.000|00000000271E|17
24.7733333333|3|28.516|28.008|000000002722|17
30.8716981132|2|30.872|0.000|000000002725|17
34.4625|1|34.462|0.000|000000002731|17
46.9714285714|5|36.652|172.381|000000002732|17
30.1297297297|2|30.130|0.000|000000002739|17
47.2931506849|2|47.293|0.000|000000002740|17
27.0801619433|3|23.605|24.148|00000000373F|17
41.6368421053|3|38.674|17.561|000000003747|17
46.195620438|3|43.521|14.304|000000003750|17
45.012244898|3|42.986|8.212|000000003756|17
56.5538461538|11|37.465|224.006|0000000051F5|17
17.23125|6|30.207|76.194|000000005209|17
28.5206896552|4|28.755|13.187|000000005213|17
53.9419354839|4|44.056|97.739|00000000521F|17
45.5020408163|4|39.990|30.467|000000005222|17
42.6038216561|3|36.108|84.396|00000000A853|17
30.9196261682|5|32.092|7.700|00000000DA32|17
32.8884422111|4|36.733|45.057|00000000DA8E|17
49.3791044776|5|38.769|119.697|00000000F515|17
51.9044776119|7|42.508|126.540|000000014D0B|17
46.0901408451|9|38.736|30.917|000000017905|17
34.1072164948|6|28.021|32.485|000000017929|17
17.1864935065|5|26.178|70.369|000000017931|17
18.9619834711|2|18.962|0.000|000000026795|17
24.9582089552|7|17.218|29.747|000000026AAD|17
17.3284974093|2|17.328|0.000|0000000285DD|17
13.5590163934|4|17.054|21.131|00000002AF31|17
13.4215010142|8|15.154|13.623|00000002B6FF|17
