43.8198675497|9|36.013|142.018|0000000023FF|17
33.5878172589|3|33.749|0.052|000000002402|17
43.95|1|43.950|0.000|000000002407|17
42.6038216561|2|42.604|0.000|000000002408|17
41.2888888889|3|36.635|43.310|00000000240D|17
42.9662337662|2|42.966|0.000|000000002413|17
18.4311977716|2|18.431|0.000|000000002414|17
47.6028776978|2|47.603|0.000|00000000241A|17
39.9073170732|2|39.907|0.000|000000002421|17
44.5224489796|2|44.522|0.000|000000002422|17
30.5739130435|2|30.574|0.000|000000002423|17
46.5971830986|2|46.597|0.000|000000002424|17
40.8444444444|2|40.844|0.000|000000002426|17
54.2360655738|2|54.236|0.000|000000002428|17
26.7886639676|3|26.399|0.304|0000000033CD|17
25.846875|2|28.792|8.674|0000000033D6|17
31.3148325359|3|26.751|41.665|0000000033EF|17
26.1520661157|7|30.133|80.382|0000000033F0|17
46.5971830986|3|42.621|31.615|000000003409|17
56.5538461538|3|49.355|103.641|000000004938|17
40.4|7|24.974|76.288|00000000496E|17
13.3508982036|8|27.979|133.465|000000004994|17
50.1272727273|5|39.877|78.704|0000000049FD|17
24.9690566038|4|30.019|41.161|0000000049FF|17
34.6429319372|4|33.552|4.543|000000004A17|17
45.5020408163|4|40.489|56.482|000000004A21|17
54.2360655738|4|41.278|169.842|000000004A3F|17
30.5424657534|6|32.447|68.071|000000006A7B|17
38.0511627907|4|36.584|35.776|000000006ACD|17
40.8444444444|5|37.523|35.921|000000006AEA|17
31.9652173913|6|29.597|22.183|000000006B1D|17
52.6677165354|8|32.100|205.783|000000006B24|17
11.3822608696|7|27.511|170.394|000000008B6D|17
25.5011952191|2|25.501|0.000|00000000BA81|17
25.0516853933|2|25.052|0.000|00000000BAC0|17
47.7722627737|2|47.772|0.000|00000000BB0E|17
55.6033613445|8|31.243|252.251|00000000D362|17
33.9532994924|5|34.479|9.665|00000000D3F2|17
32.7882352941|3|32.591|0.078|00000000D417|17
38.4697674419|5|34.763|13.548|00000000D430|17
28.6441558442|4|30.792|14.614|00000000D431|17
37.7898305085|3|35.249|12.907|00000000D451|17
46.5971830986|4|39.458|59.448|00000000EE83|17
30.9196261682|5|25.345|28.199|00000000EE8D|17
33.5878172589|4|32.459|1.934|00000000EE95|17
42.1452229299|4|31.190|120.030|00000000EE96|17
36.5631284916|4|29.924|50.080|00000000EEBC|17
40.8444444444|4|38.058|25.627|00000000EEC1|17
50.1272727273|7|37.636|131.737|000000010A6F|17
34.9989304813|6|30.975|53.263|000000010B03|17
40.8444444444|6|33.249|40.724|000000010B3E|17
35.2285714286|4|33.998|3.441|0000000145E7|17
49.5818181818|6|39.647|209.802|000000015F43|17
33.2776119403|4|33.482|1.907|0000000186F4|17
37.1730337079|5|30.570|74.629|00000001C439|17
41.6150943396|7|37.122|122.615|00000001C445|17
21.6715231788|11|26.244|59.213|00000001DB47|17
14.8358744395|2|14.836|0.000|0000000266E9|17
16.3782178218|2|16.378|0.000|0000000266EA|17
17.9324396783|2|17.932|0.000|0000000266ED|17
18.178021978|3|17.167|2.046|000000026A1F|17
16.8366412214|3|16.394|0.392|000000026A20|17
20.3926829268|2|20.393|0.000|0000000284A7|17
22.7381443299|4|20.664|7.327|00000002951E|17
22.5829351536|6|15.546|25.558|000000029B42|17
18.7444759207|3|17.296|4.194|00000002AE29|17
