44.0052631579|2|44.005|0.000|000000002629|17
23.0450704225|6|32.878|80.558|00000000262B|17
15.3129186603|6|26.797|69.614|00000000262C|17
50.1272727273|2|50.127|0.000|00000000262E|17
27.9692307692|2|27.969|0.000|000000002639|17
40.8444444444|2|40.844|0.000|00000000263A|17
42.9662337662|3|46.513|25.160|000000003652|17
41.1622641509|4|39.685|21.454|000000003659|17
25.1589353612|3|26.350|2.837|00000000365B|17
45.012244898|8|39.362|76.157|000000004EFB|17
31.6173913043|6|34.192|76.318|00000000BE9A|17
38.4413793103|3|37.863|0.669|00000000BEDD|17
52.1007874016|3|47.581|40.865|00000000BEEA|17
33.7818181818|7|32.759|27.807|00000000D87D|17
31.9652173913|4|31.134|2.377|00000000D8B0|17
13.5784232365|9|25.888|106.322|00000000F330|17
24.4116788321|4|27.064|20.217|00000000F34D|17
41.6150943396|15|32.092|76.878|0000000177F4|17
34.4625|1|34.462|0.000|00000001783C|17
45.5020408163|4|39.276|40.833|00000001B230|17
43.5315789474|7|38.246|55.533|00000001B233|17
12.6533333333|2|12.653|0.000|0000000220C7|17
10.8828947368|2|10.883|0.000|000000026760|17
