45.95|4|32.192|91.547|00000000218D|17
41.6866242038|2|41.687|0.000|00000000219A|17
17.9309589041|6|31.486|109.985|0000000021AC|17
27.3421487603|2|27.342|0.000|0000000021AF|17
46.5971830986|2|46.597|0.000|0000000021B5|17
16.7513924051|3|23.922|102.842|0000000021BA|17
42.1452229299|2|42.145|0.000|0000000021C7|17
48.8417910448|2|48.842|0.000|0000000021CD|17
36.356043956|2|36.356|0.000|0000000021D5|17
33.9532994924|3|35.254|3.384|0000000021D6|17
58.6736842105|2|58.674|0.000|0000000021DC|17
51.2930232558|2|51.293|0.000|0000000021DF|17
45.012244898|2|45.012|0.000|0000000021E7|17
47.1042253521|2|47.104|0.000|0000000021ED|17
46.0901408451|2|46.090|0.000|0000000021F3|17
43.4337662338|2|43.434|0.000|0000000021F4|17
47.1042253521|3|41.274|67.988|0000000021F5|17
38.0275862069|2|38.028|0.000|0000000021FD|17
46.195620438|2|46.196|0.000|000000002204|17
42.9662337662|2|42.966|0.000|000000002207|17
42.1024390244|10|28.212|135.860|000000003115|17
33.5878172589|3|31.479|8.894|00000000314D|17
46.4170212766|4|38.481|84.400|000000003155|17
44.5224489796|7|32.293|121.835|000000003158|17
51.5338582677|3|44.086|110.935|000000003168|17
35.9608695652|3|34.281|5.647|00000000316F|17
47.7722627737|4|41.685|57.979|000000003176|17
39.6827586207|3|38.895|1.240|000000003183|17
34.6429319372|2|34.643|0.000|0000000043EC|17
37.3830508475|2|37.383|0.000|000000004422|17
49.9164179104|6|34.489|132.023|000000004436|17
40.3463414634|4|36.028|45.743|000000004485|17
36.5631284916|6|37.230|46.760|00000000448B|17
42.6038216561|4|35.107|56.653|000000004490|17
35.0095238095|8|31.607|29.611|00000000449A|17
36.352173913|6|27.832|78.452|0000000044A9|17
30.4921658986|4|30.799|26.116|00000000450B|17
31.2113207547|4|30.541|10.375|000000004517|17
32.7564356436|4|36.137|40.091|000000004525|17
36.9653631285|3|34.708|10.191|0000000065C5|17
33.5878172589|6|30.997|56.510|000000006623|17
30.4921658986|7|30.932|113.108|00000000662C|17
35.7689839572|9|30.963|77.221|000000006665|17
29.2178571429|6|27.690|26.668|0000000066A7|17
49.7503759398|9|35.992|131.597|0000000066AE|17
34.8375|5|31.917|43.426|0000000086E2|17
38.3281437126|2|38.328|0.000|00000000A3FD|17
18.0294277929|6|33.529|183.142|00000000B73C|17
19.3021276596|2|19.302|0.000|00000000B770|17
15.9057692308|7|29.203|109.105|00000000CFA2|17
45.012244898|4|38.449|52.203|00000000CFFB|17
42.4987012987|3|37.841|43.397|00000000D00D|17
36.3724137931|4|32.552|55.019|00000000D018|17
49.5818181818|3|42.349|104.629|00000000D053|17
48.297810219|3|45.469|16.003|00000000D072|17
42.1452229299|3|39.068|18.936|00000000D073|17
54.368503937|3|50.962|23.211|00000000D078|17
29.5783783784|4|25.953|15.730|00000000EA82|17
47.6028776978|4|33.443|206.541|00000000EAB0|17
47.3142857143|5|32.876|143.269|00000000EAC0|17
48.8417910448|3|47.583|3.167|00000000EADD|17
59.0785714286|6|35.326|294.183|000000010665|17
26.5734939759|5|30.013|122.009|0000000106FC|17
44.4080536913|10|33.307|151.566|0000000183BC|17
41.1622641509|13|31.850|103.327|00000001C081|17
39.1904191617|13|34.688|58.485|00000001EF0C|17
12.8078277886|2|12.808|0.000|000000026678|17
15.3522041763|2|15.352|0.000|000000026679|17
21.072611465|2|21.073|0.000|00000002667A|17
13.550310559|2|13.550|0.000|00000002667E|17
11.0648829431|3|13.282|9.833|00000002698F|17
21.1399361022|4|16.494|23.167|0000000288FD|17
20.8871287129|3|17.324|25.393|00000002ADA6|17
