15.3879069767|6|27.940|106.441|0000000027DF|17
31.9652173913|2|31.965|0.000|0000000027E6|17
43.0578947368|2|43.058|0.000|0000000027E7|17
32.1258883249|2|32.126|0.000|0000000027ED|17
43.5315789474|2|43.532|0.000|0000000027F1|17
49.5818181818|2|49.582|0.000|000000002801|17
15.0962264151|5|24.961|70.723|000000002803|17
42.6038216561|2|42.604|0.000|000000002807|17
50.6727272727|2|50.673|0.000|00000000280C|17
43.4264150943|2|43.426|0.000|00000000280D|17
37.7898305085|2|37.790|0.000|00000000280F|17
31.5509433962|3|31.810|0.135|0000000037EB|17
39.1904191617|3|37.386|6.515|0000000037F7|17
27.6853556485|3|33.432|66.038|000000003806|17
21.072611465|4|26.154|26.921|000000005381|17
40.3463414634|6|35.703|55.494|000000005387|17
39.8037735849|4|36.865|20.335|00000000539C|17
39.6215568862|4|34.151|30.066|0000000053B5|17
32.7564356436|4|37.538|42.584|0000000053C0|17
18.5931818182|2|18.593|0.000|00000000C1C5|17
48.297810219|3|45.335|17.556|00000000C1CE|17
39.0666666667|5|30.863|97.123|00000000DB83|17
37.3675977654|4|33.119|18.606|00000000DBB3|17
40.0526946108|6|33.383|58.848|00000001132B|17
53.3612903226|12|36.449|87.136|0000000179CE|17
32.1203883495|6|30.532|5.930|000000019F61|17
44.0052631579|5|38.492|59.191|000000019F8C|17
42.9662337662|7|35.192|183.121|00000001B4AB|17
15.9644859813|4|14.684|1.719|000000027060|17
16.8060301508|4|14.617|5.592|000000027688|17
10.9494809689|6|13.735|9.913|0000000282DE|17
18.1268292683|2|18.127|0.000|000000028B63|17
19.6540540541|5|15.675|13.529|000000028B66|17
19.0810495627|7|16.171|14.894|00000002BBDC|17
