46.5971830986|2|46.597|0.000|000000002707|17
35.3839572193|2|35.384|0.000|00000000270A|17
34.1072164948|2|34.107|0.000|00000000270D|17
36.9762711864|2|36.976|0.000|00000000270F|17
40.8444444444|3|35.230|63.052|000000002710|17
55.6033613445|2|55.603|0.000|000000002716|17
42.4153846154|2|42.415|0.000|000000002719|17
16.5043478261|5|26.737|88.214|00000000271A|17
42.4751677852|5|34.906|155.960|00000000271D|17
36.356043956|2|36.356|0.000|00000000271E|17
24.7733333333|2|24.773|0.000|000000002722|17
30.8716981132|2|30.872|0.000|000000002725|17
46.9714285714|2|46.971|0.000|000000002732|17
27.0801619433|3|23.605|24.148|00000000373F|17
41.6368421053|3|38.674|17.561|000000003747|17
46.195620438|3|43.521|14.304|000000003750|17
56.5538461538|10|39.415|204.582|0000000051F5|17
23.8873646209|6|35.399|73.958|0000000092A3|17
42.6038216561|3|36.108|84.396|00000000A853|17
30.9196261682|5|32.092|7.700|00000000DA32|17
53.6459016393|4|40.777|166.833|00000000DA53|17
49.3791044776|5|38.769|119.697|00000000F515|17
51.9044776119|7|42.508|126.540|000000014D0B|17
42.9662337662|6|37.775|34.597|000000016228|17
46.0901408451|9|38.736|30.917|000000017905|17
34.1072164948|6|28.021|32.485|000000017929|17
54.2360655738|8|38.718|116.488|000000018ADD|17
11.5074782609|2|11.507|0.000|000000022109|17
18.9619834711|2|18.962|0.000|000000026795|17
24.9582089552|7|17.218|29.747|000000026AAD|17
17.3284974093|2|17.328|0.000|0000000285DD|17
12.6104046243|3|14.671|8.493|000000029075|17
25.9802281369|4|20.733|27.672|00000002909B|17
11.8580645161|5|15.119|9.417|00000002968B|17
13.4215010142|8|15.154|13.623|00000002B6FF|17
