34.7736263736|2|34.774|0.000|0000000026B4|17
39.1526627219|2|39.153|0.000|0000000026B8|17
21.4384615385|2|21.438|0.000|0000000026BB|17
42.6038216561|2|42.604|0.000|0000000026CA|17
41.6150943396|2|41.615|0.000|0000000026CB|17
36.9653631285|2|36.965|0.000|0000000026CE|17
38.4697674419|9|37.056|74.256|0000000036D7|17
45.95|2|37.180|76.906|0000000036F4|17
36.356043956|3|36.970|0.755|0000000036FE|17
36.356043956|3|33.523|16.053|000000003700|17
35.3839572193|4|32.645|17.135|0000000050D6|17
48.8233576642|8|38.612|135.407|000000005118|17
30.2136986301|4|30.840|13.427|00000000511F|17
41.6150943396|4|37.897|14.890|00000000512E|17
47.0848920863|7|35.431|84.592|000000007205|17
33.5878172589|2|33.588|0.000|00000000BFEC|17
35.7559322034|4|35.361|85.814|00000000D9BA|17
50.4|7|35.348|124.415|00000000F405|17
44.4080536913|8|38.202|41.811|000000016C7B|17
36.5631284916|3|34.605|7.669|000000018A96|17
13.7389221557|2|13.739|0.000|000000026785|17
12.3954545455|3|11.790|0.733|000000026ABA|17
21.8376237624|4|17.550|20.159|000000029078|17
