15.6949640288|6|27.434|74.399|000000002A46|17
33.7818181818|2|33.782|0.000|000000002A49|17
33.5878172589|2|33.588|0.000|000000002A54|17
29.1488986784|2|29.149|0.000|000000002A5D|17
41.2888888889|2|41.289|0.000|000000002A5F|17
45.95|1|45.950|0.000|000000002A65|17
14.6713968958|5|24.316|71.521|000000002A79|17
58.0421052632|2|58.042|0.000|000000002A7C|17
48.297810219|3|42.025|78.688|000000002A7E|17
42.6038216561|2|42.604|0.000|000000002A80|17
52.1007874016|2|52.101|0.000|000000002A88|17
51.5338582677|2|51.534|0.000|000000002A89|17
47.6028776978|3|41.800|67.352|000000002A8C|17
43.8198675497|2|43.820|0.000|000000002A90|17
45.5020408163|2|45.502|0.000|000000002A92|17
34.9989304813|7|32.715|139.858|000000003A6D|17
50.1272727273|3|42.027|131.226|000000003A92|17
33.6120603015|3|36.873|21.272|000000003A93|17
33.1128712871|3|34.515|3.935|000000003AA5|17
35.1957446809|3|35.827|0.796|000000003AA9|17
30.1603686636|4|34.065|18.962|000000003AB0|17
26.026459144|4|28.367|89.809|000000003AC7|17
42.0679245283|4|35.658|84.810|000000003ACB|17
19.7845272206|6|31.647|163.141|000000003ACC|17
26.2571428571|5|34.575|52.772|000000005818|17
33.5878172589|7|26.891|62.117|000000005820|17
50.1272727273|4|43.470|59.079|00000000582A|17
29.1341772152|5|31.284|7.899|000000005850|17
42.9662337662|4|36.800|47.769|000000005867|17
40.1441860465|7|33.573|21.733|00000000586F|17
36.352173913|5|33.087|40.475|000000005878|17
31.2113207547|4|34.344|98.532|00000000587D|17
28.8317180617|4|35.294|71.367|0000000058BB|17
41.4227848101|4|39.153|6.185|0000000058F8|17
35.0095238095|8|32.135|64.373|000000007912|17
42.6222222222|7|37.228|78.029|000000007926|17
32.0727272727|5|36.096|58.696|000000007952|17
36.7516483516|6|30.280|46.308|000000007985|17
51.5338582677|3|39.465|291.294|0000000098BD|17
19.1108571429|7|27.748|78.252|000000009900|17
26.026459144|7|33.281|51.076|00000000992C|17
31.6173913043|6|33.133|74.303|00000000DECE|17
47.9454545455|4|36.894|141.631|00000000DF73|17
45.012244898|3|38.364|88.406|00000000DFC1|17
34.4625|3|38.545|21.510|00000000DFCD|17
40.3463414634|3|39.573|1.197|00000000DFD0|17
39.8602409639|3|40.458|0.715|00000000E013|17
36.356043956|4|35.746|6.693|00000000FAA0|17
29.9943127962|4|28.587|6.739|00000000FB2D|17
52.1007874016|4|39.986|174.189|00000000FB47|17
30.8716981132|5|24.015|33.958|00000001178B|17
29.8054054054|9|26.482|94.001|000000015217|17
18.58|8|30.383|69.928|000000017C60|17
56.5538461538|5|37.107|316.019|000000018E3D|17
17.5935483871|7|28.175|85.378|000000018E8B|17
19.5763313609|4|23.636|39.309|000000018E92|17
42.6038216561|5|32.749|170.228|00000001A292|17
23.2085106383|15|26.656|103.484|00000001B797|17
44.5690140845|7|30.305|114.163|00000001B7F4|17
38.663583815|8|27.686|63.628|00000001CE8C|17
39.6215568862|10|31.152|47.268|00000001F62D|17
52.6677165354|9|37.685|104.125|00000001F655|17
16.0019559902|2|16.002|0.000|00000002682F|17
30.7267605634|2|30.727|0.000|000000026832|17
17.7893617021|2|17.789|0.000|000000026835|17
24.8093023256|2|24.809|0.000|000000026B7E|17
19.4785714286|3|19.823|0.237|000000026B82|17
13.8426778243|4|17.065|11.150|000000027143|17
25.1589353612|5|19.229|29.732|00000002778D|17
19.0255813953|3|16.791|9.986|0000000286E8|17
13.7495798319|3|12.926|1.355|000000028C12|17
19.6928571429|3|20.060|0.270|000000028C31|17
17.0097686375|4|14.936|4.375|0000000291A7|17
21.1399361022|8|17.240|11.631|00000002BC41|17
