30.8239631336|2|30.824|0.000|0000000029F5|17
30.2136986301|2|30.214|0.000|0000000029FB|17
40.3463414634|2|40.346|0.000|0000000029FC|17
39.6215568862|2|39.622|0.000|000000002A00|17
45.8577181208|6|39.178|186.579|000000002A04|17
49.6748201439|2|49.675|0.000|000000002A11|17
16.2176470588|5|26.540|90.618|000000002A13|17
29.2778761062|2|29.278|0.000|000000002A14|17
24.7820224719|2|24.782|0.000|000000002A19|17
42.9662337662|2|42.966|0.000|000000002A1E|17
18.8416901408|3|26.042|103.675|000000002A22|17
32.3130434783|2|32.313|0.000|000000002A23|17
35.5917525773|2|35.592|0.000|000000002A27|17
45.4263157895|3|43.150|10.361|000000002A29|17
32.4|1|32.400|0.000|000000002A2F|17
42.1452229299|2|42.145|0.000|000000002A32|17
46.0901408451|2|46.090|0.000|000000002A3B|17
45.5020408163|2|45.502|0.000|000000002A3E|17
33.5878172589|9|29.303|128.401|000000003A30|17
38.0511627907|6|36.749|61.637|000000003A34|17
39.9073170732|3|34.659|55.081|000000003A76|17
34.9989304813|3|39.022|32.373|000000003A85|17
30.3|3|27.913|21.833|0000000057A0|17
27.0446280992|4|38.102|148.117|0000000057B0|17
43.5315789474|4|34.837|86.529|0000000057CE|17
42.1452229299|4|36.586|44.426|00000000582E|17
30.0220183486|4|31.266|1.617|000000007735|17
47.1042253521|5|40.758|38.357|000000009899|17
43.5315789474|2|43.532|0.000|00000000C4F3|17
34.1265306122|3|33.418|1.005|00000000C54B|17
42.1452229299|7|31.297|153.342|00000000DEFB|17
44.4080536913|5|34.233|99.298|00000000DEFD|17
30.5739130435|3|30.230|0.236|00000000DF03|17
45.012244898|9|36.866|115.350|00000000DF23|17
47.1042253521|3|35.174|284.649|00000000DF32|17
31.5287671233|3|33.064|4.717|00000000DF52|17
45.1294117647|5|37.377|89.773|00000000FA27|17
34.4625|3|31.813|56.777|00000000FA88|17
31.2113207547|4|35.594|20.151|00000000FAA2|17
28.1973568282|7|36.878|36.717|000000011600|17
43.0578947368|6|33.757|90.332|00000001169A|17
19.5008746356|6|33.328|111.463|0000000116EC|17
29.6717488789|6|26.120|11.031|000000011707|17
38.0275862069|6|36.001|23.036|000000011708|17
45.5020408163|6|33.742|86.442|00000001173C|17
40.0526946108|4|35.713|20.058|00000001519B|17
26.8229508197|6|26.425|65.278|000000017C1A|17
36.9653631285|4|31.873|26.530|000000017C56|17
40.8444444444|7|34.338|47.042|000000018DA9|17
32.6226804124|6|37.538|23.465|000000018DDB|17
35.0095238095|4|29.579|36.467|000000018E34|17
46.0901408451|5|36.801|69.711|00000001A201|17
12.2533333333|2|12.253|0.000|00000002060B|17
28.6441558442|2|28.644|0.000|000000026821|17
18.2280991736|2|18.228|0.000|000000026823|17
19.9560693642|3|17.867|8.727|000000026B5E|17
16.4188585608|4|15.914|11.538|000000026B71|17
15.1068493151|6|15.785|6.467|00000002776F|17
20.6444444444|3|18.554|8.743|000000028BFE|17
16.6251256281|3|14.756|6.986|000000028C03|17
14.9363431151|4|15.103|0.043|000000029797|17
25.0516853933|4|22.387|23.037|0000000297A3|17
17.2762402089|8|16.908|11.893|00000002A388|17
20.7083591331|5|20.400|22.790|00000002AFCF|17
15.4723404255|5|13.648|3.499|00000002B3A0|17
16.4188585608|5|17.141|2.703|00000002B7BC|17
