21.2493506494|4|29.583|125.520|000000002C6B|17
47.3142857143|2|47.314|0.000|000000002C73|17
31.3592417062|2|31.359|0.000|000000002C74|17
32.3130434783|2|32.313|0.000|000000002C77|17
51.5338582677|3|45.023|84.794|000000002C7C|17
26.5734939759|2|26.573|0.000|000000002C7F|17
32.8884422111|2|32.888|0.000|000000002C81|17
45.5020408163|2|45.502|0.000|000000002C82|17
34.1265306122|2|34.127|0.000|000000002C83|17
45.012244898|2|45.012|0.000|000000002C89|17
39.1526627219|4|36.758|8.052|000000002C92|17
40.3463414634|2|40.346|0.000|000000002CA5|17
35.356424581|3|35.901|0.594|000000002CA7|17
38.6947368421|3|35.623|18.868|000000002CAE|17
31.2113207547|2|31.211|0.000|000000002CB4|17
37.1863636364|2|37.186|0.000|000000002CB8|17
28.5206896552|2|28.521|0.000|000000002CB9|17
30.9196261682|3|25.479|59.201|000000003CC9|17
32.1203883495|3|30.515|5.155|000000003D14|17
34.1072164948|3|33.575|0.566|000000003D6F|17
52.6677165354|3|44.397|136.796|000000003D80|17
51.5338582677|2|51.534|0.000|000000005CB4|17
51.2930232558|7|39.438|169.231|000000005D2E|17
41.6866242038|6|35.781|72.184|000000007D44|17
15.9440963855|7|28.117|141.427|000000007D63|17
28.2769230769|8|29.307|95.644|000000007D8B|17
28.8310344828|6|34.466|43.769|000000007DA9|17
40.8444444444|8|32.642|125.434|00000000AC8A|17
50.2917293233|3|37.588|322.752|00000000B358|17
59.0785714286|3|54.415|43.491|00000000C8FE|17
35.7689839572|4|35.324|8.865|00000000E2E4|17
32.7882352941|3|30.078|14.688|00000000E321|17
31.9652173913|3|30.706|3.170|00000000E368|17
36.9653631285|3|36.080|1.569|00000000E379|17
48.297810219|7|32.571|228.082|00000000FECC|17
29.4810810811|5|29.572|13.446|00000000FF4B|17
36.3724137931|8|30.355|64.345|000000011B30|17
36.9762711864|6|32.069|33.785|000000011B6E|17
31.5509433962|5|26.378|53.450|000000011BAE|17
41.6150943396|7|33.757|49.740|000000011BAF|17
39.0666666667|8|32.778|145.507|000000017F44|17
15.525|9|26.990|76.097|00000001910F|17
27.8801762115|4|26.561|21.374|00000001911B|17
44.0052631579|11|34.197|120.998|00000001A520|17
34.6974874372|6|32.465|43.309|00000001A549|17
52.1007874016|6|32.111|230.610|00000001A566|17
30.2136986301|6|25.815|15.134|00000001A572|17
38.4697674419|6|33.927|54.153|00000001A594|17
16.911627907|8|26.399|101.627|00000001BAB1|17
32.7564356436|7|24.688|39.240|00000001BACA|17
41.2888888889|5|33.574|72.968|00000001BB1D|17
35.3839572193|8|28.734|49.006|00000001D1AA|17
14.9303571429|2|14.930|0.000|0000000268A6|17
19.2348837209|2|19.235|0.000|000000026BF5|17
14.2899563319|3|15.152|1.486|000000026BFA|17
24.7597122302|3|21.149|26.071|000000026C06|17
20.2|3|21.523|30.604|000000027228|17
12.1186813187|2|12.119|0.000|000000027852|17
17.9804347826|5|21.178|7.941|000000028321|17
24.8751879699|4|19.393|31.456|000000028CF6|17
21.0443729904|4|18.636|8.239|00000002928A|17
