35.7689839572|2|35.769|0.000|000000002746|17
34.4625|1|34.462|0.000|000000002753|17
41.2888888889|6|35.078|142.246|000000002756|17
41.6150943396|2|41.615|0.000|00000000275B|17
32.9625|1|32.962|0.000|00000000275C|17
40.8444444444|2|40.844|0.000|00000000276C|17
31.6173913043|4|32.844|2.259|00000000276D|17
50.1272727273|2|50.127|0.000|000000002776|17
35.7559322034|2|35.756|0.000|000000002778|17
47.1042253521|2|47.104|0.000|00000000277B|17
50.4|1|50.400|0.000|00000000277C|17
36.1591160221|3|35.583|0.663|000000003767|17
31.5509433962|3|30.767|1.228|000000003769|17
34.4625|2|36.680|4.917|00000000377B|17
42.4987012987|7|41.140|51.691|00000000521F|17
58.4|9|27.051|189.434|00000000524E|17
40.3463414634|4|40.249|15.995|000000005272|17
45.95|1|45.950|0.000|00000000529F|17
36.356043956|6|38.139|34.782|000000007346|17
37.3830508475|6|31.508|82.759|00000000931D|17
31.2113207547|4|29.704|55.599|000000009334|17
35.9608695652|6|33.648|45.002|000000009343|17
45.012244898|3|45.257|0.119|00000000C0E8|17
49.4362204724|3|45.068|38.169|00000000C0EB|17
31.9652173913|2|31.965|0.000|00000000C0F1|17
42.9662337662|3|44.410|4.170|00000000C0F5|17
31.6593301435|2|31.659|0.000|00000000C102|17
51.5338582677|9|39.011|148.812|00000000DA99|17
20.9562913907|4|25.282|41.307|00000000DAB7|17
35.7559322034|5|34.198|13.341|00000000DAD2|17
42.1452229299|3|39.475|14.265|00000000DAE0|17
54.2360655738|4|41.281|179.575|000000018B23|17
41.2888888889|4|34.726|87.205|000000018B25|17
37.3830508475|9|35.891|28.924|00000001CA57|17
20.0278481013|2|20.028|0.000|00000002679D|17
11.0464106845|4|12.584|2.744|000000027018|17
22.975|4|15.517|23.015|00000002765D|17
24.6256809339|3|24.320|0.187|00000002961C|17
20.8373831776|10|17.971|18.823|000000029C7E|17
