00000000B684,21.7321100917,1477867943
00000000B687,28.8782608696,1477868010
00000000B681,38.9288135593,1477867876
00000000B682,41.3694915254,1477867884
00000002A886,13.4590909091,1477868286
00000000B6B2,20.2461538462,1477868565
00000000B6B0,28.887804878,1477868536
0000000288DF,17.0685314685,1477868512
00000000B6B5,31.0378378378,1477868562
000000029A3C,16.8,1477868094
0000000171F7,26.3392405063,1477868466
0000000283D0,14.1086705202,1477868266
00000000CF03,26.3392405063,1477867855
0000000283D8,29.4072289157,1477868486
00000000B69D,34.3304347826,1477868327
00000000B69C,43.8666666667,1477868320
00000000B69B,10.17,1477868397
00000001963E,48.3428571429,1477868582
00000000B6AF,26.2536585366,1477868528
00000000B6AB,37.0451612903,1477868490
0000000105E1,38.2064516129,1477868166
00000000B67F,20.601980198,1477867831
0000000171DD,32.9,1477867971
00000000B695,39.3677419355,1477868221
00000000B694,38.2064516129,1477868208
00000000B6C1,34.3304347826,1477868617
00000000B690,40.1491525424,1477868142
0000000171EF,28.9,1477868131
000000012320,29.0734177215,1477868383
000000017202,33.9,1477868655
0000000288B8,20.4206896552,1477868521
00000000E99F,41.5578947368,1477868073
0000000171DE,29.8285714286,1477867912
000000018330,34.2805970149,1477868565
0000000169C9,41.5578947368,1477868395
00000001832A,42.8210526316,1477868429
00000000B68A,20.8615384615,1477868067
00000000CF31,11.28,1477868500
00000001AA79,23.2,1477867876
00000001831E,23.3052631579,1477868166
00000000B6BE,30.8962025316,1477868613
0000000283C8,15.1846153846,1477868109
