00000000CC65,41.3694915254,1477926851
00000000CC66,29.8285714286,1477926630
00000000E6DF,36.5052631579,1477926866
000000019423,41.5578947368,1477926361
000000019425,46.9384615385,1477926374
00000000E6EB,49.812244898,1477927160
000000013D60,44.2723404255,1477926611
0000000102E0,38.5333333333,1477927117
00000002B4F3,12.735483871,1477926653
00000000CC73,51.2571428571,1477927036
00000000CC72,35.8909090909,1477927044
00000001BE02,26.821978022,1477926360
000000018173,42.8210526316,1477927126
00000002AD44,14.5325153374,1477926793
00000002AD47,17.6869565217,1477927000
00000000CC6B,38.1375,1477926719
00000000CC6C,32.9,1477926789
