00000001774C,33.3633802817,1477883600
000000028A8C,15.3818181818,1477883520
00000001774D,40.2947368421,1477883469
00000001C70E,30.7636363636,1477883609
000000016C0F,35.8875,1477883063
000000010E24,39.1636363636,1477882845
000000017742,41.5578947368,1477883248
000000016C16,29.0426966292,1477882987
000000029BE9,17.1652173913,1477883479
00000000F199,40.2947368421,1477882832
000000012BB5,20.7789473684,1477883446
00000001B0E7,38.1375,1477883228
00000000D730,20.5071428571,1477882931
00000000D746,22.7769230769,1477883252
000000018900,31.0378378378,1477883562
00000000BDB0,26.8363636364,1477883422
00000000BDB2,38.9288135593,1477883420
00000000BDB3,25.747826087,1477883442
00000000BDB4,44.1692307692,1477883447
00000000BDB9,33.3633802817,1477883569
00000000D74C,31.6285714286,1477883444
00000000BD9B,41.5578947368,1477882988
00000000BD9F,32.0108108108,1477883068
00000000BD91,20.2461538462,1477882817
00000000BD93,46.6105263158,1477882807
00000000BD92,32.8,1477882810
00000000BD96,28.8,1477882887
00000000D757,31.0378378378,1477883369
00000002853C,18.50625,1477883304
00000002AEBF,12.5508196721,1477883208
00000000BD8B,20.4206896552,1477883096
00000000F16C,37.0125,1477882825
00000000D76B,33.9,1477883647
00000000BDA9,20.1719008264,1477883273
00000000BDA2,30.8962025316,1477883164
00000000BDA7,33.2852459016,1477883234
00000000F19E,21.15,1477883009
00000000BDB6,28.2,1477883488
00000000BDAC,38.2064516129,1477883344
00000000BDAB,13.4590909091,1477883388
00000000D6E7,35.9027027027,1477883109
