00000000D3B1,26.3755102041,1477875799
00000000D38A,26.4,1477875760
00000000BA04,23.7214285714,1477875161
0000000174E9,26.0307692308,1477875136
00000001753A,32.9,1477875770
00000000BA17,33.6303797468,1477875068
00000000BA19,28.0097560976,1477875077
00000001AE0F,38.2064516129,1477875486
0000000289C0,16.0054054054,1477875820
00000000D391,32.3492957746,1477875846
0000000174FA,15.8979865772,1477875354
0000000174F3,43.8666666667,1477875606
00000000BA05,38.2064516129,1477875110
000000018646,29.7658536585,1477875186
00000000BA1A,21.4105263158,1477875096
00000000BA1B,43.8666666667,1477875063
000000017532,30.7636363636,1477875720
00000000BA2E,45.5538461538,1477875170
00000000EDAF,42.8210526316,1477875171
00000000D383,42.8210526316,1477875485
00000000D380,34.3304347826,1477875486
00000000BA92,40.2947368421,1477875797
00000001ADEC,32.0108108108,1477875587
00000000BA39,40.2947368421,1477875233
00000000BA36,27.2275862069,1477875224
00000000BA37,26.0307692308,1477875521
000000018670,32.0108108108,1477875694
000000018674,29.9848101266,1477875846
000000018675,36.4881355932,1477875828
000000017527,32.5125,1477875601
00000000BA88,42.8210526316,1477875730
0000000284A9,10.4814159292,1477875320
00000000BA83,50.4,1477875674
0000000284A4,16.565034965,1477875127
00000000BA2C,43.8666666667,1477875146
00000000BA87,36.4298507463,1477875734
0000000284A3,10.8,1477875114
00000000BA2F,28.887804878,1477875192
00000000BA25,34.3304347826,1477875105
00000000BA27,38.1375,1477875121
00000000BA26,24.675,1477875127
0000000284AC,17.1887323944,1477875380
000000024874,10.208,1477875752
000000017512,30.7636363636,1477875686
0000000289AD,16.565034965,1477875116
000000017510,27.3428571429,1477875444
000000017514,25.806741573,1477875473
00000000BA95,23.4692307692,1477875831
00000000BA3F,20.7789473684,1477875308
00000000BA3E,28.887804878,1477875288
00000000BA3B,38.2064516129,1477875493
00000000BA3A,20.808,1477875266
000000018610,24.4206185567,1477875310
00000000D34C,28.0551724138,1477875140
00000000BA56,40.8413793103,1477875449
00000000EDDF,32.0108108108,1477875491
00000000D352,24.6545454545,1477875225
0000000199C4,38.5333333333,1477875578
00000000BA68,33.6303797468,1477875568
00000002B1E6,12.9442622951,1477875570
00000002AAC7,11.4990291262,1477875290
00000000BA48,40.1491525424,1477875362
00000000BA43,31.0378378378,1477875323
00000000BA1F,33.2869565217,1477875087
00000000BA40,17.8105263158,1477875326
0000000284B1,12.9033707865,1477875632
0000000284B3,11.2265402844,1477875713
00000000ED32,29.2444444444,1477875500
00000000BA78,24.4206185567,1477875643
00000002AAD7,17.1652173913,1477875700
00000002AAD0,13.6137931034,1477875548
000000016B4D,38.9288135593,1477875515
0000000289A5,20.4206896552,1477875550
00000000BA6B,25.2,1477875585
000000018682,38.1375,1477875811
0000000284A1,12.4020942408,1477875060
0000000174DB,38.5333333333,1477875022
00000000EDFB,41.5578947368,1477875721
00000000EDF4,38.9288135593,1477875777
00000000BA65,27.3428571429,1477875561
0000000289AF,17.0307692308,1477875678
00000000BA66,34.2805970149,1477875551
00000000BA69,12.3375,1477875634
00000000D374,26.6157303371,1477875704
0000000109CC,41.0142857143,1477875131
00000000BA7D,38.2064516129,1477875651
