0000000174E9,26.0307692308,1477875136
00000000BA04,23.7214285714,1477875161
00000000BA10,25.6285714286,1477874975
00000000BA17,33.6303797468,1477875068
00000000BA19,28.0097560976,1477875077
00000001AE0F,38.2064516129,1477875486
00000000D300,37.0451612903,1477874974
00000000BA0D,34.3304347826,1477874938
0000000174FA,15.8979865772,1477875354
00000000BA40,17.8105263158,1477875326
00000000BA02,38.9288135593,1477874856
00000000BA07,41.3694915254,1477874899
00000000BA05,38.2064516129,1477875110
00000002ADFD,14.1,1477874972
000000018646,29.7658536585,1477875186
00000000BA1B,43.8666666667,1477875063
00000000BA1F,33.2869565217,1477875087
00000000BA11,36.9818181818,1477874971
00000000EDAF,42.8210526316,1477875171
00000000D383,42.8210526316,1477875485
00000000D380,34.3304347826,1477875486
00000000B9F9,35.3552238806,1477874794
00000000BA39,40.2947368421,1477875233
00000000BA36,27.2275862069,1477875224
00000000BA37,26.0307692308,1477875521
0000000284A9,10.4814159292,1477875320
0000000284A4,16.565034965,1477875127
00000000BA2C,43.8666666667,1477875146
00000000BA2E,45.5538461538,1477875170
0000000284A3,10.8,1477875114
00000000BA2F,28.887804878,1477875192
00000000BA1A,21.4105263158,1477875096
00000000BA25,34.3304347826,1477875105
00000000BA27,38.1375,1477875121
00000000BA26,24.675,1477875127
0000000284AC,17.1887323944,1477875380
00000000D326,38.2064516129,1477874906
000000016AFC,35.3552238806,1477874800
000000017510,27.3428571429,1477875444
000000017514,25.806741573,1477875473
00000000EDCF,37.0125,1477875360
00000000BA3F,20.7789473684,1477875308
00000000BA3E,28.887804878,1477875288
00000000BA3B,38.2064516129,1477875493
00000000BA3A,20.808,1477875266
000000018610,24.4206185567,1477875310
00000000D34C,28.0551724138,1477875140
00000000BA56,40.8413793103,1477875449
00000000B9F8,36.4298507463,1477874790
00000000EDDF,32.0108108108,1477875491
00000000D352,24.6545454545,1477875225
00000000BA4C,28.2,1477875397
00000002849D,19.3714285714,1477874825
00000002AAC3,15.4465116279,1477874947
00000002AAC7,11.4990291262,1477875290
0000000174B7,37.0451612903,1477874741
00000000BA48,40.1491525424,1477875362
00000000BA43,31.0378378378,1477875323
0000000174AA,35.3552238806,1477874799
00000002AE26,10.0372881356,1477874716
0000000174C9,45.2,1477874878
00000000ED32,29.2444444444,1477875500
0000000174C4,23.9272727273,1477874854
0000000174C1,37.0451612903,1477874762
0000000284A1,12.4020942408,1477875060
0000000174DB,38.5333333333,1477875022
000000016B4D,38.9288135593,1477875515
000000016B07,31.9,1477874879
0000000289AD,16.565034965,1477875116
00000000B9FE,46.6105263158,1477874838
00000000BA66,34.2805970149,1477875551
00000000D360,32.0108108108,1477875353
0000000109CC,41.0142857143,1477875131
00000000B9FB,40.2947368421,1477874803
00000000BA01,33.9,1477874860
