00000000F74F,29.7658536585,1477901489
00000000F74C,11.4990291262,1477901426
00000000C282,32.4493150685,1477901450
00000000C2C0,11.7490909091,1477902109
00000000C2C6,22.8112149533,1477902096
00000000DCA2,28.1189189189,1477901988
00000000DC91,41.3694915254,1477901745
00000000C28C,42.8516129032,1477901426
00000000C2CA,31.9,1477902142
00000000C2B5,26.3688311688,1477901894
00000000C2B4,33.6303797468,1477901894
00000000C2B9,24.9652173913,1477901935
000000018C6A,45.2,1477902116
00000002ABD8,19.6838709677,1477901529
000000016D19,29.7494505495,1477901638
000000018C42,27.2275862069,1477901532
00000001F4AC,42.8516129032,1477901466
00000000C2D5,42.8210526316,1477902239
00000002B348,13.7720930233,1477901913
00000000DC8C,36.4298507463,1477901659
000000011385,35.3552238806,1477901452
00000001CBAB,32.9,1477901857
000000017A91,24.4206185567,1477901810
000000028657,15.5189189189,1477902135
000000028650,14.2736842105,1477901401
000000016D22,30.8962025316,1477901986
00000002218E,12.4673684211,1477901453
000000014F01,38.2064516129,1477901867
00000000C29E,33.6303797468,1477901612
00000000C29F,17.8046511628,1477901645
00000000C2A4,32.9,1477901714
00000000C2A6,34.8,1477901750
00000000F777,29.9848101266,1477901899
00000001E327,33.2869565217,1477901838
00000000C2AF,26.5304347826,1477901853
00000000C2AB,32.0108108108,1477901795
00000000C295,38.1375,1477901534
00000000C290,28.2,1477901494
00000000C291,37.0125,1477901507
