00000000BF7B,48.8680851064,1477890799
00000000F3D1,36.4881355932,1477890890
00000000BF69,24.9652173913,1477890526
00000000F3D7,30.7636363636,1477890573
00000000BF86,40.3875,1477891006
00000000BF87,48.8680851064,1477891003
00000002AF0B,10.8660550459,1477890891
00000000BF5E,38.2064516129,1477890302
00000000BF66,35.3739130435,1477890430
00000000F38D,35.3552238806,1477890871
00000001105C,37.0125,1477890904
00000001105F,36.4298507463,1477890718
00000000BF67,31.6987012987,1477890465
000000018A3C,38.5791044776,1477890944
00000000BF88,27.2506329114,1477891021
00000000BF7E,38.2064516129,1477890810
000000011069,23.6783505155,1477890756
00000000BF61,25.747826087,1477890364
000000017893,23.9272727273,1477890760
000000017897,34.3304347826,1477890607
00000000D93A,26.6157303371,1477890360
000000017899,26.4,1477890895
00000000D93E,35.8909090909,1477890434
0000000285AF,14.9258426966,1477890592
00000000BF94,45.5538461538,1477891132
000000019DCB,42.3,1477890380
00000002261A,10.208,1477890564
0000000285B1,10.3423728814,1477890762
0000000285B3,14.5325153374,1477890983
00000000D96B,31.6285714286,1477891116
00000000BF5F,29.9848101266,1477890331
