00000002B2F9,13.4315789474,1477895526
00000000C0DC,38.2064516129,1477895894
00000000C0E6,33.2869565217,1477895607
00000000C100,44.1692307692,1477896118
000000018B14,28.0097560976,1477895605
00000000C0FE,25.2395604396,1477895890
00000000DAB1,29.9848101266,1477895612
00000000F582,36.5052631579,1477896076
000000028B3B,18.0824427481,1477896104
00000000C0D8,26.6157303371,1477895460
00000000C105,49.812244898,1477895967
00000001B39E,35.3552238806,1477895840
00000000C116,28.2,1477896200
000000019EE2,21.15,1477895742
00000000C0E3,29.9848101266,1477895579
00000000C0EA,23.6783505155,1477895671
000000017956,36.4298507463,1477895854
00000000DAAE,32.5125,1477895946
000000016CB3,35.3552238806,1477896033
000000028B2F,11.6117647059,1477896138
00000000DAA9,30.8962025316,1477895556
00000000DAA6,46.6105263158,1477895500
0000000285FA,15.9529411765,1477896107
0000000285F9,16.4918918919,1477896099
000000017965,31.9,1477895648
0000000285F5,14.7230769231,1477895779
000000011220,19.2188976378,1477896013
00000000DAC1,46.9384615385,1477895905
000000018B0F,36.5052631579,1477895505
00000000C0F8,30.8962025316,1477895843
00000000F554,26.6474226804,1477895775
00000000C0F2,26.0307692308,1477895782
00000000C0F0,50.4,1477895727
00000000C0F7,31.0378378378,1477896065
00000000C109,25.9659574468,1477896040
000000017969,35.3552238806,1477895751
0000000285F2,17.1652173913,1477895469
