000000018CB6,32.1313432836,1477903608
000000017AF1,24.4340425532,1477903555
00000000C358,22.6173913043,1477903931
00000000C354,32.0108108108,1477903849
00000000C353,29.0571428571,1477904331
000000018CC9,32.4,1477904019
00000000C35E,29.9848101266,1477904026
00000000C35A,38.5043478261,1477903959
000000028681,14.8981132075,1477904019
000000028683,10.6224215247,1477904108
000000018CBF,29.9848101266,1477903860
00000000F801,34.2805970149,1477903730
00000001B5C4,33.9,1477903671
00000002B355,13.1225806452,1477903906
00000000C334,28.887804878,1477903527
00000000C362,44.1692307692,1477904059
00000000F810,27.5441860465,1477903537
00000000F812,41.0142857143,1477903501
00000002B7A5,18.8,1477903824
000000017B0D,33.3633802817,1477904177
00000000C36D,26.0307692308,1477904235
00000000C36F,32.0108108108,1477904231
00000000C36B,28.887804878,1477904184
000000018CA7,16.7847133758,1477903504
00000000C367,34.3304347826,1477904112
00000000C360,19.5768595041,1477904071
00000000C34B,31.0378378378,1477903972
00000000C34C,26.7069767442,1477903755
00000000C34E,24.4206185567,1477903768
00000000DD5A,36.5052631579,1477904320
000000016D57,28.0097560976,1477904125
00000000C373,29.8285714286,1477904280
00000002867B,13.8526315789,1477903692
00000000DD42,27.2275862069,1477903950
00000000C379,38.2064516129,1477904332
000000028BB0,13.8526315789,1477903821
00000002911D,17.4176470588,1477903539
000000028678,11.6689655172,1477903526
000000016D5E,41.3694915254,1477904176
00000000C344,29.9,1477903667
00000000C348,43.5857142857,1477903719
000000018CDA,38.9288135593,1477904233
000000013201,30.7636363636,1477904358
