00000000D3B1,26.3755102041,1477875799
0000000199FD,35.3552238806,1477875921
00000000BA9B,38.2064516129,1477875881
00000000D38A,26.4,1477875760
00000001753A,32.9,1477875770
00000001AE0F,38.2064516129,1477875486
0000000289C0,16.0054054054,1477875820
00000000BAB9,19.6838709677,1477876057
0000000174FA,15.8979865772,1477875354
00000000BAB6,23.2235294118,1477876023
0000000174F3,43.8666666667,1477875606
00000000BABC,36.5052631579,1477876033
00000000BABB,26.4,1477876048
0000000289CB,10.5090909091,1477875944
000000012768,33.3633802817,1477876036
00000000D383,42.8210526316,1477875485
00000000D380,34.3304347826,1477875486
0000000186AE,32.9837837838,1477876120
00000002894C,18.6731707317,1477875887
00000000BA92,40.2947368421,1477875797
00000000BA94,41.5578947368,1477876024
00000001455F,29.7658536585,1477876024
00000000BA37,26.0307692308,1477875521
000000018670,32.0108108108,1477875694
000000018674,29.9848101266,1477875846
000000018675,36.4881355932,1477875828
000000017527,32.5125,1477875601
000000016B4D,38.9288135593,1477875515
00000000EE13,25.1628865979,1477875898
00000000BA88,42.8210526316,1477875730
0000000284A9,10.4814159292,1477875320
00000000BA83,50.4,1477875674
00000000BA87,36.4298507463,1477875734
00000002B60C,17.2519480519,1477875947
000000024874,10.208,1477875752
000000017512,30.7636363636,1477875686
000000017510,27.3428571429,1477875444
000000017514,25.806741573,1477875473
00000002B1E6,12.9442622951,1477875570
00000000BA95,23.4692307692,1477875831
00000000BA66,34.2805970149,1477875551
00000000BA3F,20.7789473684,1477875308
00000000BAA0,36.4298507463,1477875904
00000000BAA3,48.3428571429,1477875902
00000000BAA7,28.2,1477875943
00000000BAA8,20.2461538462,1477875972
000000018610,24.4206185567,1477875310
00000000BA56,40.8413793103,1477875449
00000000EDDF,32.0108108108,1477875491
00000000BAB8,47.8588235294,1477876013
0000000199C4,38.5333333333,1477875578
0000000289A5,20.4206896552,1477875550
0000000284AC,17.1887323944,1477875380
00000000BA48,40.1491525424,1477875362
00000000BA43,31.0378378378,1477875323
00000000BA40,17.8105263158,1477875326
00000000BAAB,19.06875,1477875989
00000000BAAC,31.1684210526,1477875964
000000010A4B,21.4654205607,1477876044
000000018694,34.3304347826,1477875954
0000000284B7,20.9628318584,1477875953
0000000284B1,12.9033707865,1477875632
0000000284B3,11.2265402844,1477875713
00000000ED32,29.2444444444,1477875500
0000000284B9,14.1086705202,1477876083
00000002AAD7,17.1652173913,1477875700
00000002AAD0,13.6137931034,1477875548
000000017563,38.2064516129,1477876112
000000017561,25.1628865979,1477876107
000000017532,30.7636363636,1477875720
00000000D374,26.6157303371,1477875704
00000001755A,40.8413793103,1477876001
000000018682,38.1375,1477875811
00000000EDFB,41.5578947368,1477875721
00000000D3C3,43.8666666667,1477875925
00000000D3C1,37.0451612903,1477875898
00000000EDF4,38.9288135593,1477875777
00000000BA65,27.3428571429,1477875561
0000000289AF,17.0307692308,1477875678
00000000BA69,12.3375,1477875634
00000000BA68,33.6303797468,1477875568
000000017559,36.9,1477876021
00000000BA3B,38.2064516129,1477875493
00000000BA6B,25.2,1477875585
00000000BA7D,38.2064516129,1477875651
00000000BAC9,45.5538461538,1477876112
00000000BAC6,24.4340425532,1477876118
00000000EE21,25.747826087,1477875915
00000000BAC4,19.843902439,1477876128
00000000EE23,45.5538461538,1477875922
00000000BAC1,40.2947368421,1477876064
