000000022309,11.488,1477915201
00000000C993,33.2869565217,1477915289
00000000C990,41.5578947368,1477915218
00000000C995,27.5441860465,1477915348
00000000C998,33.2869565217,1477915398
0000000287D2,12.9442622951,1477915958
000000017FF0,50.4,1477916048
0000000287CE,14.7130434783,1477915886
00000002B04A,15.1846153846,1477915801
0000000287C6,13.6714285714,1477915329
00000000E41A,41.3694915254,1477915853
00000001E96A,28.887804878,1477915819
00000000E403,50.4,1477916000
00000000C99D,36.4298507463,1477915521
00000000C99B,28.887804878,1477915513
00000000C9A9,56.5276595745,1477915921
00000000C9A6,37.0125,1477915639
00000000C9A1,39.6537313433,1477915574
0000000191AB,31.0378378378,1477915487
00000000E3FD,31.9,1477915481
000000017FD5,31.6987012987,1477915681
00000001BBC0,35.3552238806,1477915370
00000000C9BE,50.4,1477916000
00000000C9B7,33.3633802817,1477915934
00000000C9B4,34.8,1477915855
00000000C9B5,29.9848101266,1477915930
00000000FFD6,33.9,1477915517
000000017FE8,37.0125,1477915959
00000000E3EF,25.747826087,1477915388
00000000E3EB,28.2,1477915326
00000000E3F2,37.0125,1477915351
00000000E3F0,33.9,1477915300
00000000FFCA,31.9,1477915468
00000000C9AF,36.5052631579,1477915798
00000000C9AD,28.887804878,1477915762
0000000191CE,29.0571428571,1477915441
00000002B0AD,10.1628318584,1477915903
00000001A62E,35.3552238806,1477915768
000000017FC8,28.1189189189,1477915466
000000017FC2,38.2064516129,1477915352
0000000191C6,20.4206896552,1477915447
0000000191C5,38.2064516129,1477915316
00000000E3F1,31.9,1477915335
00000000C9BF,29.8285714286,1477916044
000000013923,24.4340425532,1477915731
0000000298C8,13.8681818182,1477915355
000000028D30,12.9033707865,1477915808
0000000191E3,28.887804878,1477915873
