000000028609,10.7185520362,1477897031
000000028602,19.3714285714,1477896724
00000000DB10,27.2506329114,1477897145
00000000C15B,33.5612903226,1477897104
00000000C16B,33.5612903226,1477897453
00000000C16C,38.2064516129,1477897459
00000002A926,14.090797546,1477897131
000000028604,12.2735751295,1477896813
00000000F5C3,44.1692307692,1477897099
00000000DAF1,36.4298507463,1477897111
00000000F5C1,37.0451612903,1477896939
000000022676,11.9063414634,1477896984
00000000C138,25.747826087,1477896728
00000000C134,18.2285714286,1477896655
00000000C137,33.5612903226,1477896707
00000000DB11,35.3552238806,1477897193
00000000C133,33.3633802817,1477896621
0000000179A4,26.2536585366,1477897088
00000000C15D,34.8352941176,1477897164
00000000DB21,45.5538461538,1477897429
00000002ABAF,20.4206896552,1477896870
000000012FD9,30.4695652174,1477896767
00000000C13D,30.7636363636,1477896745
00000000C13C,32.9837837838,1477896741
000000019F07,41.0142857143,1477896825
00000000C163,34.3304347826,1477897260
00000000C161,32.0108108108,1477897235
00000000C142,45.5538461538,1477896831
00000000C146,27.4247191011,1477896928
00000000C147,31.2,1477896919
00000000C140,38.2064516129,1477896792
000000029691,11.7183673469,1477896826
000000018B67,51.9319148936,1477897247
0000000179B3,25.2,1477897434
