00000000D90F,24.7714285714,1477889501
000000017870,29.9,1477889933
00000000BF3D,39.3677419355,1477889752
00000000BF1E,32.9,1477889152
00000000BF1B,23.2235294118,1477889147
00000000BF29,38.5333333333,1477889317
00000000BF45,51.9319148936,1477889973
000000010FD4,29.9848101266,1477889396
0000000285A5,15.8294117647,1477889845
00000000D902,46.9384615385,1477889307
0000000189FE,22.7769230769,1477889367
000000019D9C,25.1628865979,1477889453
00000000BF2A,25.806741573,1477889383
000000019D9E,44.1692307692,1477889516
00000000BF30,26.5304347826,1477889498
00000000F37F,29.8285714286,1477889902
00000000F386,42.8210526316,1477889340
000000017862,21.3405405405,1477889622
00000000BF33,45.5538461538,1477889726
000000014B12,32.9,1477889182
000000010FE7,42.3,1477889161
000000016C5F,37.0451612903,1477889287
00000001C88A,34.3304347826,1477889625
