28.887804878|2|28.888|0.000|00000000C99B|41
36.4298507463|3|38.151|5.925|00000000C99D|41
39.6537313433|2|39.654|0.000|00000000C9A1|41
37.0125|1|37.013|0.000|00000000C9A6|41
28.887804878|5|31.781|16.024|00000000C9AD|41
36.5052631579|2|36.505|0.000|00000000C9AF|41
34.8|4|36.800|5.002|00000000C9B4|41
29.9848101266|2|29.985|0.000|00000000C9B5|41
33.3633802817|3|32.700|0.880|00000000C9B7|41
50.4|2|50.400|0.000|00000000C9BE|41
29.8285714286|2|29.829|0.000|00000000C9BF|41
25.747826087|3|29.274|24.872|00000000C9C8|41
20.1473684211|2|20.147|0.000|00000000C9CD|41
50.4|2|50.400|0.000|00000000E403|41
41.3694915254|6|35.452|56.907|00000000E41A|41
34.3304347826|3|31.687|13.976|00000000E432|41
33.9|2|33.900|0.000|00000000FFD6|41
39.3677419355|4|35.647|78.561|00000001003B|41
31.0567164179|2|31.057|0.000|000000011CAE|41
24.4340425532|8|28.484|115.611|000000013923|41
31.6987012987|3|36.611|48.260|000000017FD5|41
37.0125|2|41.314|18.499|000000017FE8|41
50.4|3|48.805|5.089|000000017FF0|41
28.887804878|4|33.231|25.079|0000000191E3|41
35.3552238806|4|36.846|4.996|00000001A62E|41
28.887804878|18|27.176|90.819|00000001E96A|41
14.7130434783|2|14.713|0.000|0000000287CE|41
13.0872928177|2|13.087|0.000|0000000287D3|41
12.9033707865|3|13.589|0.940|000000028D30|41
22.3471698113|3|20.050|10.557|0000000292BA|41
15.1846153846|3|15.452|0.143|00000002B04A|41
12.1476923077|3|11.524|0.778|00000002B0A8|41
10.1628318584|4|12.766|17.021|00000002B0AD|41
17.2905109489|7|16.492|2.997|00000002C4C2|41
