41.5125|1|41.513|0.000|00000000B5BA|41
33.9|2|33.900|0.000|00000000B5C8|41
32.9|2|32.900|0.000|00000000B5C9|41
14.6222222222|4|28.766|202.290|00000000B5CA|41
32.0108108108|2|32.011|0.000|00000000B5D3|41
32.5125|2|38.988|41.932|00000000B5D4|41
35.3552238806|2|35.355|0.000|00000000B5D8|41
29.9848101266|2|29.985|0.000|00000000B5DE|41
32.9|5|34.964|6.341|00000000B5E0|41
28.0097560976|2|28.010|0.000|00000000B5EB|41
33.9|2|33.900|0.000|00000000B5ED|41
51.9319148936|2|51.932|0.000|00000000B5F3|41
39.3677419355|2|39.368|0.000|00000000B5F4|41
33.5612903226|2|33.561|0.000|00000000B5F5|41
42.4653061224|2|42.465|0.000|00000000B5FD|41
41.5578947368|2|41.558|0.000|00000000B5FF|41
39.3677419355|3|33.718|63.842|00000000CE4F|41
31.9|7|29.975|69.080|00000000CE68|41
25.6888888889|4|28.401|9.637|00000000CE80|41
28.887804878|3|29.164|0.153|00000000CE8F|41
34.3304347826|4|33.875|67.633|00000000E8AF|41
13.3534883721|2|13.353|0.000|0000000104D1|41
36.5052631579|7|35.649|12.135|0000000104E4|41
31.2923076923|4|31.717|37.300|00000001716E|41
46.9384615385|4|47.092|5.887|000000017178|41
20.9628318584|6|28.552|36.879|00000001A9F7|41
27.3428571429|4|29.059|55.220|00000001A9FC|41
23.4534653465|4|29.551|58.415|00000001AA03|41
13.5105882353|2|13.511|0.000|0000000223FA|41
11.1211267606|2|11.121|0.000|0000000283A4|41
17.1652173913|2|17.165|0.000|0000000283A5|41
14.2658385093|2|14.266|0.000|0000000283AA|41
13.4590909091|2|13.459|0.000|0000000283AE|41
18.579020979|2|18.579|0.000|0000000283B0|41
11.4990291262|3|12.796|3.364|0000000288B4|41
17.4176470588|3|17.407|0.000|00000002AA06|41
18.0824427481|5|16.906|2.638|00000002B14D|41
