42.5032258065|2|42.503|0.000|00000000C4B7|41
33.9|2|33.900|0.000|00000000C4FE|41
25.806741573|2|25.807|0.000|00000000C50D|41
35.3552238806|2|35.355|0.000|00000000C50E|41
32.9|3|35.724|15.947|00000000C513|41
43.8666666667|4|39.103|39.961|00000000C518|41
41.5578947368|4|37.667|31.319|00000000C519|41
28.1189189189|7|30.598|56.577|00000000C51C|41
25.9659574468|2|25.966|0.000|00000000C51D|41
37.0451612903|3|40.507|23.971|00000000C51F|41
34.2805970149|2|34.281|0.000|00000000C522|41
27.2275862069|2|27.228|0.000|00000000C525|41
34.7225806452|2|34.723|0.000|00000000C527|41
20.9628318584|2|20.963|0.000|00000000C52F|41
49.812244898|2|49.812|0.000|00000000C530|41
42.8210526316|2|42.821|0.000|00000000C534|41
35.8909090909|2|35.891|0.000|00000000C538|41
40.0153846154|4|39.291|6.928|00000000C539|41
22.138317757|2|22.138|0.000|00000000C53D|41
34.3304347826|2|34.330|0.000|00000000C53E|41
45.5538461538|4|41.675|24.504|00000000C53F|41
28.2|3|35.292|100.596|00000000C542|41
32.9|2|32.900|0.000|00000000C544|41
45.0305084746|2|45.031|0.000|00000000C546|41
16.3812080537|2|16.381|0.000|00000000C54A|41
34.2805970149|2|34.281|0.000|00000000C54D|41
38.9288135593|2|38.929|0.000|00000000C55D|41
23.4|2|23.400|0.000|00000000C55F|41
33.5688311688|2|33.569|0.000|00000000C560|41
28.2|2|28.200|0.000|00000000C562|41
50.4|3|48.174|9.906|00000000C568|41
39.3677419355|2|39.368|0.000|00000000C56F|41
35.3552238806|2|35.355|0.000|00000000C575|41
32.8|2|32.800|0.000|00000000C576|41
28.3813953488|2|28.381|0.000|00000000C57D|41
39.6537313433|2|39.654|0.000|00000000C57E|41
29.2|2|29.200|0.000|00000000C57F|41
45.0305084746|2|45.031|0.000|00000000C583|41
35.3552238806|4|37.188|65.041|00000000DECE|41
29.8285714286|4|33.865|16.827|00000000DEE8|41
41.5578947368|3|39.442|8.955|00000000DF0C|41
28.0097560976|3|32.373|38.079|00000000DF12|41
50.4|3|43.522|94.623|00000000DF21|41
46.9384615385|4|44.737|134.673|00000000DF25|41
28.887804878|2|28.888|0.000|00000000DF2A|41
27.9584415584|3|23.592|38.133|00000000DF3E|41
28.887804878|3|25.541|22.398|00000000DF4B|41
51.9319148936|3|43.875|129.824|00000000DF55|41
32.9|5|33.311|3.254|00000000F9FD|41
34.3304347826|4|33.051|2.302|00000000FA18|41
41.5578947368|4|32.970|80.026|00000000FA7D|41
30.7636363636|4|27.310|15.913|00000000FA7E|41
41.5578947368|2|41.558|0.000|00000000FAA1|41
42.8210526316|7|30.212|150.493|000000017C14|41
26.6157303371|3|29.732|19.426|000000017C28|41
29.0571428571|5|36.127|119.968|000000017C2C|41
31.0567164179|3|33.049|7.939|000000017C33|41
32.9|5|30.785|107.392|000000017C49|41
36.4298507463|4|34.607|8.443|000000017C60|41
35.3552238806|3|31.938|23.356|000000017C69|41
30.7636363636|3|29.706|2.236|000000017C6A|41
41.5578947368|3|36.655|48.085|000000017C6E|41
27.2275862069|3|28.207|1.917|000000017C6F|41
28.0551724138|6|27.520|78.858|000000018DDA|41
23.9294117647|4|25.487|22.599|000000018DE6|41
28.0956521739|5|30.495|56.627|000000018DF3|41
38.2064516129|5|37.168|129.321|000000018DFA|41
45.2|5|38.997|97.312|00000001A215|41
29.9848101266|7|35.489|34.182|00000001B7B2|41
45.5538461538|7|32.490|126.626|00000001CE03|41
10.9666666667|3|14.068|19.236|0000000286D1|41
17.1652173913|3|16.858|0.189|0000000286E4|41
18.6320610687|2|18.632|0.000|0000000286E9|41
10.8660550459|2|10.866|0.000|00000002A954|41
15.6461538462|2|15.646|0.000|00000002AC2B|41
14.5285714286|4|15.148|0.447|00000002B3A4|41
