26.821978022|2|26.822|0.000|00000000C21A|41
35.2677966102|2|35.268|0.000|00000000C226|41
32.9|2|32.900|0.000|00000000C22D|41
33.3633802817|2|33.363|0.000|00000000C23A|41
51.0923076923|2|51.092|0.000|00000000C244|41
24.9652173913|2|24.965|0.000|00000000C252|41
35.3552238806|2|35.355|0.000|00000000C253|41
50.4|2|50.400|0.000|00000000C258|41
25.8352941176|3|24.074|6.208|00000000DBF8|41
24.4206185567|3|29.402|49.638|00000000DC0A|41
25.1628865979|3|28.518|22.515|00000000DC32|41
26.0307692308|3|27.523|4.453|00000000DC36|41
28.1189189189|2|28.119|0.000|00000000F6C4|41
35.8909090909|3|33.643|10.103|000000011369|41
31.6987012987|8|34.619|46.136|00000001138C|41
35.3552238806|2|35.355|0.000|000000016CFD|41
26.0307692308|12|33.195|132.009|000000017A07|41
23.9294117647|3|27.100|20.109|000000017A32|41
38.7428571429|3|39.568|1.361|000000017A36|41
34.2805970149|3|35.460|2.782|000000017A39|41
38.2064516129|4|35.753|36.637|000000017A4F|41
34.2805970149|3|36.667|11.388|000000017A5F|41
38.1375|5|32.732|131.837|000000018BEE|41
39.3677419355|4|35.521|18.341|000000018C1A|41
32.0108108108|5|29.579|6.305|000000019FA4|41
12.9442622951|2|12.944|0.000|000000028637|41
13.4590909091|2|13.459|0.000|000000028638|41
13.2652173913|2|13.265|0.000|00000002863E|41
18.0824427481|2|18.082|0.000|000000028640|41
12.9442622951|4|14.504|9.056|0000000290F9|41
