25.2|2|25.200|0.000|00000000C6E2|41
30.8962025316|4|34.316|19.500|00000000C6FC|41
33.2869565217|4|39.555|44.406|00000000C709|41
45.3473684211|3|36.502|156.484|00000000C70A|41
41.0142857143|2|41.014|0.000|00000000C70D|41
35.3552238806|2|35.355|0.000|00000000C710|41
28.887804878|3|31.862|17.687|00000000C713|41
22.5176470588|3|29.671|102.353|00000000C716|41
35.8875|1|35.888|0.000|00000000C717|41
41.5578947368|2|41.558|0.000|00000000C71C|41
29.8285714286|4|37.632|98.462|00000000C721|41
28.0097560976|2|28.010|0.000|00000000C723|41
32.4|2|32.400|0.000|00000000C726|41
27.3428571429|3|26.814|0.560|00000000C728|41
20.5071428571|2|20.507|0.000|00000000C735|41
35.3552238806|2|35.355|0.000|00000000C737|41
27.3789473684|2|27.379|0.000|00000000C739|41
28.2|2|28.200|0.000|00000000C73C|41
29.9848101266|3|33.171|20.305|00000000C73D|41
35.3739130435|2|35.374|0.000|00000000C742|41
20.7789473684|2|20.779|0.000|00000000C746|41
48.3428571429|4|42.431|34.973|00000000C747|41
32.9|2|32.900|0.000|00000000C749|41
28.0097560976|3|27.277|1.075|00000000C74B|41
43.8666666667|2|43.867|0.000|00000000C74C|41
27.2275862069|2|27.228|0.000|00000000C753|41
22.138317757|4|31.409|135.843|00000000C756|41
38.2064516129|2|38.206|0.000|00000000C757|41
40.0153846154|4|41.492|74.428|00000000C75A|41
36.4298507463|3|40.687|36.239|00000000C75B|41
34.2805970149|3|37.865|25.689|00000000C75E|41
19.6307692308|3|28.488|156.914|00000000C760|41
28.887804878|2|28.888|0.000|00000000C763|41
36.4298507463|3|37.907|4.363|00000000C765|41
31.3791044776|2|31.379|0.000|00000000C767|41
19.446728972|2|19.447|0.000|00000000C768|41
24.4206185567|2|24.421|0.000|00000000C76E|41
26.4|2|26.400|0.000|00000000C76F|41
31.0378378378|2|31.038|0.000|00000000C772|41
28.887804878|2|28.888|0.000|00000000C775|41
23.2235294118|2|23.224|0.000|00000000C777|41
35.3552238806|2|35.355|0.000|00000000C779|41
28.2|2|28.200|0.000|00000000C77B|41
38.2064516129|2|38.206|0.000|00000000C77C|41
41.5125|1|41.513|0.000|00000000C78D|41
24.4206185567|4|34.447|146.898|00000000E0CC|41
25.9659574468|5|32.301|140.814|00000000E0E7|41
35.3552238806|6|30.916|235.638|00000000E134|41
40.1491525424|3|36.251|30.396|00000000E13D|41
41.5578947368|7|36.786|38.644|00000000E13E|41
25.3411764706|3|27.100|6.188|00000000E170|41
38.2064516129|4|39.608|33.015|00000000E185|41
35.3552238806|3|34.653|0.985|00000000E19F|41
19.0899082569|4|20.746|3.146|00000000FBBB|41
22.8659340659|4|25.155|35.544|00000000FC8F|41
39.3677419355|7|33.920|72.369|00000000FCB2|41
41.5578947368|6|30.700|122.932|0000000135EB|41
35.8875|3|34.039|11.600|00000001360B|41
32.9|3|25.878|98.625|000000016E7F|41
27.4247191011|3|22.624|46.090|000000016E89|41
41.5578947368|6|34.431|86.936|000000017D8A|41
40.1491525424|4|39.045|28.030|000000017DB6|41
35.3552238806|3|33.275|8.655|000000017DC2|41
37.0125|3|37.645|35.748|000000017DD3|41
40.2947368421|3|42.645|11.052|000000017DE7|41
32.9|3|33.586|0.940|000000017DEC|41
28.3813953488|6|27.759|27.380|000000018F3D|41
29.4461538462|5|24.036|45.961|000000018F52|41
27.5441860465|4|31.095|23.087|000000018F9F|41
28.2|5|29.137|51.519|000000018FB0|41
38.8327868852|4|38.798|29.871|000000018FCE|41
37.6|3|40.026|27.809|000000018FD2|41
37.0125|5|28.487|76.925|00000001A3DF|41
24.1953488372|8|25.372|61.995|00000001CF78|41
15.2825806452|2|15.283|0.000|00000002227B|41
16.8|1|16.800|0.000|00000002874B|41
15.6874172185|2|15.687|0.000|00000002874D|41
13.276300578|2|13.276|0.000|000000028750|41
12.7730769231|2|12.773|0.000|000000028757|41
14.5325153374|2|14.533|0.000|00000002875A|41
17.8105263158|2|17.811|0.000|00000002875D|41
14.805|3|16.866|8.493|000000028C2B|41
11.0680851064|3|11.438|0.274|000000028C79|41
20.0745762712|3|17.282|15.598|000000028C81|41
17.4176470588|2|17.418|0.000|000000028C88|41
14.805|8|14.659|3.840|000000029D8A|41
15.4877697842|5|15.464|6.804|00000002B031|41
12.9442622951|4|12.712|0.063|00000002B037|41
13.3078651685|4|14.176|6.751|00000002B039|41
14.7130434783|6|16.115|4.736|00000002B3F4|41
11.6689655172|7|13.828|3.175|00000002B838|41
