20.2461538462|2|20.246|0.000|00000000C0B4|41
32.1157894737|2|32.116|0.000|00000000C0BF|41
26.6157303371|2|26.616|0.000|00000000C0C1|41
29.1956043956|2|29.196|0.000|00000000C0C3|41
19.7504587156|2|19.750|0.000|00000000C0CD|41
29.2444444444|3|29.082|0.053|00000000C0D2|41
36.5052631579|2|36.505|0.000|00000000C0D3|41
26.6157303371|2|26.616|0.000|00000000C0D8|41
29.9848101266|2|29.985|0.000|00000000C0E3|41
33.2869565217|2|33.287|0.000|00000000C0E6|41
35.3552238806|2|35.355|0.000|00000000DA69|41
30.8930232558|3|29.589|3.399|00000000DA72|41
46.6105263158|3|41.037|62.121|00000000DAA6|41
30.8962025316|3|32.055|2.684|00000000DAA9|41
29.9848101266|3|32.876|16.713|00000000DAB1|41
20.5071428571|6|30.286|119.461|00000000F51C|41
19.5352941176|4|30.230|117.646|00000000F543|41
24.675|5|32.017|19.129|000000012F71|41
37.0125|2|26.112|118.821|000000016CA1|41
45.8847457627|3|40.810|51.516|000000017948|41
31.9|3|30.530|3.752|000000017965|41
35.3552238806|4|36.504|3.607|000000018AF5|41
32.9|7|33.831|82.301|000000018B0A|41
36.5052631579|4|36.087|31.212|000000018B0F|41
28.0097560976|4|31.442|26.066|000000018B14|41
26.4|8|30.288|12.611|00000001B36A|41
28.1189189189|6|35.675|69.134|00000001B38D|41
21.7321100917|3|18.068|26.856|0000000285E7|41
13.0872928177|2|13.087|0.000|0000000285EB|41
14.5325153374|2|14.533|0.000|0000000285EC|41
11.7850746269|2|11.785|0.000|0000000285EF|41
17.1652173913|2|17.165|0.000|0000000285F2|41
11.1211267606|3|10.863|0.133|000000028B2B|41
13.4315789474|4|12.010|2.052|00000002B2F9|41
