26.8363636364|2|26.836|0.000|00000000BDB0|41
38.9288135593|2|38.929|0.000|00000000BDB2|41
25.747826087|2|25.748|0.000|00000000BDB3|41
44.1692307692|3|41.160|18.109|00000000BDB4|41
28.2|2|28.200|0.000|00000000BDB6|41
33.3633802817|2|33.363|0.000|00000000BDB9|41
32.9|2|32.900|0.000|00000000BDBD|41
28.887804878|2|28.888|0.000|00000000BDC0|41
37.0451612903|2|37.045|0.000|00000000BDC1|41
18.9818181818|2|18.982|0.000|00000000BDC4|41
32.3492957746|2|32.349|0.000|00000000BDCD|41
31.1684210526|2|31.168|0.000|00000000BDD2|41
45.5538461538|3|47.193|5.376|00000000BDD4|41
15.1105263158|2|15.111|0.000|00000000BDDA|41
29.0571428571|2|29.057|0.000|00000000BDDC|41
31.6285714286|4|33.437|17.610|00000000D74C|41
33.9|3|33.583|0.201|00000000D76B|41
33.9|5|34.048|39.698|00000000D780|41
28.887804878|3|29.534|0.834|00000000D786|41
35.3552238806|3|36.056|0.983|00000000D788|41
42.3|3|40.382|7.355|00000000D789|41
27.3428571429|5|29.412|64.129|00000000F1FC|41
27.4247191011|5|29.972|17.290|000000010E74|41
20.7789473684|6|27.855|62.612|000000012BB5|41
33.3633802817|7|31.469|97.601|00000001774C|41
40.2947368421|4|40.439|2.923|00000001774D|41
24.7609756098|5|31.493|85.317|000000017753|41
26.821978022|3|32.062|54.915|000000017768|41
31.0378378378|7|29.157|56.749|000000018900|41
37.0451612903|6|33.149|38.731|000000018908|41
32.9|6|30.168|94.488|00000001891E|41
40.1491525424|4|35.908|18.035|00000001B141|41
30.7636363636|9|30.576|22.168|00000001C70E|41
34.3304347826|15|31.783|121.541|00000001DE80|41
12.6|2|12.600|0.000|000000028554|41
15.6461538462|2|15.646|0.000|000000028556|41
19.5768595041|2|19.577|0.000|000000028557|41
14.8981132075|2|14.898|0.000|000000028559|41
15.6874172185|2|15.687|0.000|00000002855E|41
15.3818181818|2|15.382|0.000|000000028A8C|41
15.4823529412|2|15.482|0.000|000000028F64|41
17.1652173913|4|15.048|5.922|000000029BE9|41
