37.0125|1|37.013|0.000|00000000C498|41
35.3552238806|2|35.355|0.000|00000000C4A9|41
19.3008403361|2|19.301|0.000|00000000C4AA|41
37.0451612903|3|40.171|19.540|00000000C4B0|41
32.9|5|35.285|128.595|00000000C4B4|41
25.425|2|31.957|42.671|00000000C4B5|41
42.5032258065|2|42.503|0.000|00000000C4B7|41
46.9384615385|2|46.938|0.000|00000000C4BA|41
37.0451612903|3|35.740|3.407|00000000C4BF|41
33.3633802817|6|36.945|17.673|00000000C4C5|41
28.4108108108|2|28.411|0.000|00000000C4CA|41
45.5538461538|5|38.909|75.324|00000000C4CE|41
15.8979865772|2|15.898|0.000|00000000C4D3|41
28.0097560976|5|32.954|26.028|00000000C4D6|41
33.6375|1|33.638|0.000|00000000C4D7|41
34.3304347826|2|34.330|0.000|00000000C4D9|41
45.8042553191|2|45.804|0.000|00000000C4E1|41
41.5578947368|2|41.558|0.000|00000000C4E4|41
22.138317757|2|22.138|0.000|00000000C4E8|41
33.2869565217|2|33.287|0.000|00000000C4EB|41
27.4247191011|2|27.425|0.000|00000000C4F6|41
31.725|3|40.283|37.470|00000000C4F7|41
31.6987012987|2|31.699|0.000|00000000C4F8|41
28.2638297872|3|31.371|19.312|00000000C4FC|41
33.9|2|33.900|0.000|00000000C4FE|41
26.3392405063|2|26.339|0.000|00000000C501|41
31.6987012987|2|31.699|0.000|00000000C504|41
25.806741573|2|25.807|0.000|00000000C50D|41
35.3552238806|2|35.355|0.000|00000000C50E|41
32.9|3|35.724|15.947|00000000C513|41
43.8666666667|2|43.867|0.000|00000000C518|41
41.5578947368|2|41.558|0.000|00000000C519|41
28.1189189189|2|28.119|0.000|00000000C51C|41
25.9659574468|2|25.966|0.000|00000000C51D|41
37.0451612903|2|37.045|0.000|00000000C51F|41
34.2805970149|2|34.281|0.000|00000000C522|41
27.2275862069|2|27.228|0.000|00000000C525|41
34.7225806452|2|34.723|0.000|00000000C527|41
49.812244898|2|49.812|0.000|00000000C530|41
42.8210526316|5|39.098|36.122|00000000DE3D|41
23.2235294118|3|25.943|14.793|00000000DE95|41
27.2275862069|3|35.610|140.523|00000000DEA5|41
35.3552238806|3|35.599|0.119|00000000DEA6|41
35.3552238806|8|36.248|83.898|00000000DEB2|41
32.9|2|32.900|0.000|00000000DEB7|41
35.3552238806|2|35.355|0.000|00000000DECE|41
29.8516853933|3|29.373|0.457|00000000DEDA|41
29.8285714286|4|33.865|16.827|00000000DEE8|41
41.5578947368|3|39.442|8.955|00000000DF0C|41
32.0108108108|4|31.881|9.424|00000000F9D1|41
32.9|3|32.350|0.605|00000000F9FD|41
34.3304347826|4|33.051|2.302|00000000FA18|41
38.4428571429|6|40.032|8.176|000000011600|41
37.0125|4|27.986|41.578|000000011620|41
32.0108108108|5|32.519|27.718|000000011684|41
32.3492957746|5|28.765|40.880|0000000116B3|41
28.0097560976|4|28.998|44.966|000000013393|41
20.2461538462|3|17.402|16.178|000000016DB7|41
26.7069767442|3|22.902|28.954|000000016DB9|41
46.9384615385|4|41.814|39.089|000000017BFC|41
35.3552238806|3|39.638|36.679|000000017C0C|41
42.8210526316|4|32.164|173.362|000000017C14|41
26.6157303371|3|29.732|19.426|000000017C28|41
29.0571428571|3|36.688|116.463|000000017C2C|41
30.7636363636|3|30.136|0.787|000000017C2E|41
40.2947368421|3|38.851|4.166|000000017C32|41
31.0567164179|3|33.049|7.939|000000017C33|41
23.4534653465|6|25.050|5.537|000000018DBC|41
28.0551724138|5|25.346|66.254|000000018DDA|41
23.9294117647|4|25.487|22.599|000000018DE6|41
38.2064516129|2|38.206|0.000|000000018DFA|41
32.0108108108|6|25.450|75.644|00000001A17D|41
23.9272727273|6|33.246|99.117|00000001A19C|41
25.747826087|5|30.141|18.008|00000001A1C7|41
26.4|7|26.009|19.897|00000001CD5D|41
15.2661654135|3|13.859|3.963|0000000286CE|41
10.7052631579|2|10.705|0.000|0000000286D2|41
13.3078651685|2|13.308|0.000|0000000286D3|41
12.8981595092|2|12.898|0.000|0000000286DB|41
11.28|2|11.280|0.000|0000000286DE|41
17.1652173913|2|17.165|0.000|0000000286E4|41
16.2893617021|2|16.289|0.000|00000002A952|41
