35.3552238806|3|38.896|25.075|00000000BC73|41
35.3552238806|4|31.403|87.337|00000000BC75|41
38.1375|2|39.505|1.869|00000000BC77|41
19.2188976378|4|29.321|114.942|00000000BC7D|41
24.4340425532|2|24.434|0.000|00000000BC82|41
36.4298507463|2|36.430|0.000|00000000BC89|41
37.0125|1|37.013|0.000|00000000BC8E|41
17.9454545455|4|24.550|43.976|00000000BC8F|41
30.7636363636|4|35.047|37.571|00000000BC91|41
24.4206185567|3|29.742|56.637|00000000BC92|41
26.0307692308|5|32.211|134.322|00000000BC93|41
26.6157303371|2|26.616|0.000|00000000BC9D|41
33.2869565217|2|33.287|0.000|00000000BC9E|41
29.0571428571|4|33.794|32.579|00000000BCA0|41
43.8666666667|2|43.867|0.000|00000000BCA2|41
25.747826087|2|25.748|0.000|00000000BCA9|41
42.4653061224|2|42.465|0.000|00000000BCAB|41
41.4|2|41.400|0.000|00000000BCBF|41
40.1491525424|3|37.849|10.579|00000000D5B7|41
28.2|7|36.278|65.311|00000000D5D3|41
25.2|3|26.804|5.149|00000000D5F2|41
26.0307692308|6|31.733|128.210|00000000D619|41
35.3552238806|3|36.576|2.978|00000000D61C|41
37.0125|4|23.329|133.140|00000000F03B|41
42.3|7|33.640|74.082|00000000F065|41
41.5578947368|6|34.034|34.905|000000010D1E|41
45.5538461538|5|37.470|61.309|000000010D28|41
32.9837837838|4|29.664|34.418|0000000129EC|41
29.9848101266|4|29.956|19.289|000000012A04|41
37.0125|2|30.650|40.476|000000017688|41
31.0378378378|5|33.575|164.746|00000001768F|41
28.0551724138|5|30.387|145.313|000000017699|41
36.9|4|29.405|114.259|0000000187EE|41
23.2235294118|5|30.692|71.588|000000018808|41
20.2461538462|4|25.337|28.126|000000018818|41
28.0551724138|6|31.063|100.550|000000019BC0|41
25.747826087|7|21.517|48.933|00000001AFF5|41
24.4206185567|6|27.178|17.313|00000001AFFC|41
34.3304347826|6|28.803|37.253|00000001AFFE|41
19.446728972|14|27.206|80.176|00000001DCFD|41
41.5578947368|8|37.111|70.361|00000001DD80|41
16.565034965|2|16.565|0.000|0000000284D0|41
15.6874172185|3|15.170|0.535|000000028510|41
17.3647058824|2|17.365|0.000|000000028512|41
10.8853080569|2|10.885|0.000|000000028516|41
12.6|5|14.364|8.425|000000028A00|41
15.4481012658|2|15.448|0.000|000000028A26|41
11.1495145631|2|11.150|0.000|000000028A3A|41
17.8105263158|3|15.336|12.251|000000028F9F|41
17.0685314685|4|14.855|4.947|00000002AB08|41
13.6714285714|4|14.492|1.060|00000002AB23|41
18.3627906977|3|18.998|0.806|00000002AB2B|41
17.6869565217|7|14.634|7.273|00000002BACA|41
