26.2536585366|2|26.254|0.000|00000000C11C|41
29.7658536585|3|36.336|86.334|00000000C11E|41
27.5441860465|2|27.544|0.000|00000000C11F|41
32.0108108108|4|31.442|0.341|00000000C125|41
22.5176470588|2|22.518|0.000|00000000C129|41
28.3813953488|2|28.381|0.000|00000000C12A|41
39.3677419355|2|39.368|0.000|00000000C12F|41
33.3633802817|2|33.363|0.000|00000000C133|41
18.2285714286|2|18.229|0.000|00000000C134|41
33.5612903226|2|33.561|0.000|00000000C137|41
25.747826087|3|28.591|16.165|00000000C138|41
32.9837837838|2|32.984|0.000|00000000C13C|41
30.7636363636|2|30.764|0.000|00000000C13D|41
38.2064516129|2|38.206|0.000|00000000C140|41
45.5538461538|2|45.554|0.000|00000000C142|41
27.4247191011|2|27.425|0.000|00000000C146|41
31.2|2|31.200|0.000|00000000C147|41
33.5612903226|2|33.561|0.000|00000000C15B|41
34.8352941176|2|34.835|0.000|00000000C15D|41
19.4163934426|4|25.002|47.689|00000000DAE3|41
36.4298507463|2|36.430|0.000|00000000DAF1|41
27.2506329114|3|33.248|71.929|00000000DB10|41
37.0451612903|4|29.782|52.765|00000000F5C1|41
44.1692307692|3|43.962|0.086|00000000F5C3|41
24.7714285714|7|35.669|121.941|000000012F9C|41
30.4695652174|6|30.172|82.935|000000012FD9|41
26.2536585366|3|28.439|9.554|0000000179A4|41
40.1491525424|4|36.652|12.707|000000018B36|41
28.887804878|7|30.101|18.883|000000019F02|41
41.0142857143|3|42.431|4.012|000000019F07|41
11.9063414634|2|11.906|0.000|000000022676|41
19.3714285714|2|19.371|0.000|000000028602|41
12.2735751295|2|12.274|0.000|000000028604|41
10.7185520362|2|10.719|0.000|000000028609|41
14.7036144578|2|14.704|0.000|000000028B47|41
11.7183673469|4|15.280|18.668|000000029691|41
20.4206896552|2|20.421|0.000|00000002ABAF|41
