25.3756097561|5|31.242|38.637|00000000BD40|41
44.1692307692|3|42.502|5.557|00000000BD43|41
28.0097560976|2|28.010|0.000|00000000BD46|41
31.6285714286|2|31.629|0.000|00000000BD4C|41
19.446728972|2|19.447|0.000|00000000BD53|41
35.8909090909|4|35.212|1.071|00000000BD55|41
37.0125|3|41.673|46.290|00000000BD5C|41
25.0641509434|2|25.064|0.000|00000000BD5E|41
46.9384615385|2|46.938|0.000|00000000BD64|41
31.6987012987|3|38.786|100.459|00000000BD6B|41
42.3|2|42.300|0.000|00000000BD6D|41
37.0451612903|2|37.045|0.000|00000000BD6E|41
32.0108108108|2|32.011|0.000|00000000BD70|41
40.1491525424|2|40.149|0.000|00000000BD71|41
28.887804878|2|28.888|0.000|00000000BD72|41
38.2064516129|2|38.206|0.000|00000000BD76|41
34.3304347826|2|34.330|0.000|00000000BD79|41
32.0108108108|2|32.011|0.000|00000000BD7D|41
32.9837837838|3|31.169|6.590|00000000D6D3|41
33.9|3|32.035|6.954|00000000D6D9|41
37.0125|2|31.998|25.147|00000000D6F6|41
29.8285714286|3|30.120|0.170|00000000D6F7|41
31.6987012987|4|34.679|9.182|00000000F143|41
31.0567164179|2|31.057|0.000|00000000F168|41
45.5538461538|3|45.855|0.181|000000010DE2|41
36.5052631579|9|33.114|73.807|0000000148BC|41
36.9|3|29.753|102.169|000000016C04|41
25.2|3|30.855|63.962|000000017700|41
32.1313432836|3|32.553|0.356|000000017704|41
12.2653266332|7|24.844|130.480|000000018894|41
16.7806451613|2|16.781|0.000|00000001889F|41
17.8105263158|2|17.811|0.000|00000002853C|41
11.6898876404|2|11.690|0.000|00000002853E|41
16.565034965|2|16.565|0.000|00000002853F|41
15.6874172185|3|14.902|1.235|000000028A70|41
13.3078651685|2|13.308|0.000|000000028F7C|41
10.8660550459|4|12.114|2.296|000000028FD1|41
12.3272727273|8|12.932|1.214|00000002A8F4|41
14.2736842105|5|16.346|3.128|00000002A8F6|41
