51.0923076923|4|52.200|4.050|00000000BE10|41
45.8042553191|6|40.849|73.135|00000000BE11|41
30.8962025316|2|30.896|0.000|00000000BE14|41
25.747826087|2|25.748|0.000|00000000BE15|41
32.0108108108|2|32.011|0.000|00000000BE18|41
35.3739130435|2|35.374|0.000|00000000BE1D|41
20.5071428571|2|20.507|0.000|00000000BE1E|41
30.7636363636|2|30.764|0.000|00000000BE21|41
24.4206185567|5|30.201|108.556|00000000BE24|41
31.0567164179|2|31.057|0.000|00000000BE2D|41
31.1684210526|4|34.303|11.149|00000000BE2F|41
24.4206185567|2|24.421|0.000|00000000BE30|41
31.9|2|31.900|0.000|00000000BE33|41
35.3552238806|2|35.355|0.000|00000000BE34|41
29.9848101266|3|32.100|8.948|00000000BE35|41
32.5125|1|32.513|0.000|00000000BE41|41
38.2064516129|2|38.206|0.000|00000000BE44|41
41.5125|1|41.513|0.000|00000000BE47|41
22.3471698113|2|22.347|0.000|00000000BE48|41
32.9|2|32.900|0.000|00000000BE4A|41
34.2805970149|2|34.281|0.000|00000000BE4B|41
30.7636363636|7|30.695|74.374|00000000F238|41
28.5397590361|5|25.916|28.261|000000010EDA|41
29.7658536585|3|30.827|2.250|000000016C2D|41
39.3677419355|4|35.220|19.159|00000001779B|41
26.2451612903|3|24.963|3.290|0000000177A4|41
35.8909090909|13|31.353|79.320|000000018916|41
32.9|7|36.106|51.801|000000018937|41
16.7649635036|4|24.316|67.970|000000018945|41
42.8516129032|4|36.423|42.644|00000001895E|41
34.3304347826|6|34.272|52.594|000000019CCC|41
40.2947368421|5|35.209|31.450|000000019CEE|41
35.6338983051|9|31.715|145.461|000000019CF8|41
22.138317757|10|32.843|125.312|00000001B179|41
30.7636363636|5|38.819|44.250|00000001C7A6|41
44.1692307692|19|33.819|73.056|00000001F2C7|41
16.1864661654|2|16.186|0.000|00000002856E|41
22.7405940594|2|22.741|0.000|000000028A9D|41
10.0372881356|5|17.202|47.534|000000029001|41
