00000001AF68,19.0089171975,1477877977
00000002AB0D,14.7014778325,1477877766
0000000187C0,30.1454545455,1477878486
000000018772,26.6192307692,1477877908
00000001760E,10.3310344828,1477878050
00000001761E,23.4992125984,1477878001
000000017621,38.45,1477877987
000000017627,27.3798165138,1477878357
000000019B04,26.1230769231,1477878370
000000017647,35.1310344828,1477878469
000000017644,26.0035714286,1477878422
00000001DC74,41.45,1477878088
000000019B08,34.3034482759,1477878208
00000001763A,41.3027027027,1477878308
00000001763F,38.7584415584,1477878379
00000001878B,34.3034482759,1477878122
0000000175D8,43.252173913,1477877914
000000017646,25.8728971963,1477878481
00000001764A,52.3578947368,1477878498
000000018784,41.45,1477878051
000000017607,28.685106383,1477877722
000000019B0A,34.3034482759,1477878396
000000017638,42.1105263158,1477878287
000000017614,37.7772151899,1477877821
00000001AF3C,39.3567567568,1477878015
000000018767,41.45,1477877851
000000017632,30.0913043478,1477878201
000000017630,36.3857142857,1477878195
00000001AF63,42.2086956522,1477877833
000000017635,31.7489361702,1477878256
00000002AE84,20.725,1477878016
00000001760B,44.5432835821,1477877732
00000001877E,48.135483871,1477878021
000000019AD0,41.45,1477877861
00000001AF49,30.2966292135,1477877894
000000019B19,51.13125,1477878271
00000002AB17,11.9430656934,1477878198
000000018774,35.5285714286,1477877971
00000001875D,31.0875,1477877775
000000017612,40.3297297297,1477877801
0000000187AB,34.3415730337,1477878279
0000000187CB,43.252173913,1477878538
