0000000172D6,32.4391304348,1477870458
000000018405,34.3034482759,1477870378
0000000172D0,34.3034482759,1477870405
0000000172E8,37.2731707317,1477870613
000000018446,11.7960474308,1477870971
0000000172FE,10.4467924528,1477870929
0000000172F9,22.0636363636,1477870808
0000000172D2,35.5285714286,1477870415
0000000172CA,37.8233766234,1477870305
0000000172D1,44.5432835821,1477870403
0000000172AA,38.7584415584,1477870438
00000002ADB2,19.7642384106,1477870355
0000000172AB,26.410619469,1477870244
0000000172D8,32.7956043956,1477870656
000000017306,27.891588785,1477870959
00000001730B,45.50625,1477870993
00000001730A,36.3857142857,1477871004
00000001843C,46.63125,1477870761
00000002AA4E,18.7509202454,1477870540
000000018451,28.6961538462,1477870975
00000002AA45,18.4120481928,1477870210
0000000183D8,30.0913043478,1477870448
00000002AA5B,14.4895522388,1477870896
000000017304,38.1,1477870925
0000000172BF,32.4391304348,1477870228
00000002AA5C,16.2195652174,1477870912
0000000172BA,28.6961538462,1477870616
0000000172BB,34.3034482759,1477870206
00000002AA55,19.7642384106,1477870689
00000002AA53,14.7014778325,1477870656
0000000172DF,38.45,1477870553
00000002AA4D,12.5402843602,1477870540
00000002AA60,20.6513513514,1477870997
00000002AA47,15.4914893617,1477870380
00000002AA48,14.7344262295,1477870383
00000002AA49,15.3835051546,1477870435
00000001840C,28.0038461538,1477870800
00000002AA5E,16.9568181818,1477870955
000000019716,37.8233766234,1477870404
