00000001784F,43.252173913,1477889163
00000002AF0C,16.7662921348,1477889648
000000018A04,32.4391304348,1477889652
00000002AB7C,18.309202454,1477889900
000000018A06,29.2588235294,1477889496
00000002AB7A,15.4363636364,1477889726
0000000189F7,35.5285714286,1477889175
000000017856,35.1310344828,1477889252
000000017852,27.9692307692,1477889207
000000017859,29.3884615385,1477889309
00000001785D,31.5,1477889327
00000002B2C8,10.0082474227,1477889489
000000017860,34.6714285714,1477889412
000000017861,25.5076923077,1477889503
000000017867,32.4391304348,1477889634
000000017864,39.6935064935,1477889515
000000017865,34.3034482759,1477889583
