0000000188AA,35.1310344828,1477881978
00000001771D,37.8233766234,1477882241
00000002AEBC,16.3081967213,1477882196
00000001C6B4,36.3951219512,1477882178
00000001770F,32.4391304348,1477881989
00000001770C,29.2588235294,1477881947
00000001770A,29.9647058824,1477881918
000000018895,21.0169014085,1477881709
000000017718,38.347826087,1477882063
000000017716,30.1924528302,1477882071
00000002AB41,17.3659090909,1477881765
0000000188B7,34.6714285714,1477882166
00000001B0AC,32.1,1477881628
00000002AB38,10.3625,1477881934
00000001771E,10.9720588235,1477882361
00000001771F,20.3558823529,1477882301
000000017725,46.9741935484,1477882399
000000017727,46.9741935484,1477882442
000000017721,37.8233766234,1477882294
0000000188A3,25.0789915966,1477881767
000000017715,37.7772151899,1477882039
00000002B284,14.4895522388,1477881710
