00000001AD2E,41.45,1477873862
00000001ACEE,35.5395348837,1477873825
0000000185CD,28.5402061856,1477874010
00000001AD55,23.4992125984,1477873886
000000017420,28.0038461538,1477873435
00000001ACF4,29.2588235294,1477873924
000000017426,34.6714285714,1477873486
000000017427,49.2967741935,1477873493
00000001743F,38.7584415584,1477873767
00000001743A,28.0038461538,1477873693
000000017430,39.6935064935,1477873567
000000024812,10.3606779661,1477873668
0000000185CB,32.514893617,1477874007
00000001742F,33.2217391304,1477873558
00000001742E,32.7235955056,1477873553
000000017437,39.0782608696,1477873600
00000002AAAA,11.3475285171,1477873905
000000017432,36.8444444444,1477873572
0000000198B1,31.5092783505,1477873428
000000017448,38.7584415584,1477873853
000000018567,31.6565217391,1477873212
000000017442,27.4991596639,1477873829
00000001745B,33.475862069,1477874017
00000001745F,48.135483871,1477874058
00000002AAAB,21.2493506494,1477873907
0000000198C3,41.45,1477873564
00000002AAAD,18.8886075949,1477874011
00000002AAA2,15.7904761905,1477873649
00000002AAA1,17.6591715976,1477873573
0000000198CC,27.891588785,1477873740
00000002AAA6,19.5058823529,1477873696
00000002AAA4,13.6374384236,1477873691
000000017458,39.2684210526,1477873993
000000017453,45.6179104478,1477873958
000000017452,39.6935064935,1477873961
000000017456,33.2217391304,1477873994
00000001744D,31.8375,1477873904
00000002AA83,16.2574468085,1477873473
00000002AE16,16.8346820809,1477873424
0000000198A9,40.45,1477873850
00000002AA9C,11.0125461255,1477873557
00000002AA9B,17.6235294118,1477873354
00000002AE1C,16.3081967213,1477873510
00000002AE15,19.5923076923,1477873647
00000002B5CE,11.8307692308,1477873730
00000002AE13,10.8671641791,1477873353
00000001741B,22.0636363636,1477873416
00000001741C,20.725,1477873430
0000000198DF,12.332231405,1477873884
000000017406,27.891588785,1477873200
0000000185B2,22.4390977444,1477873871
000000017415,40.45,1477873354
000000017411,28.6961538462,1477873302
000000017410,38.7584415584,1477873278
000000017439,48.135483871,1477873658
