00000002BC86,11.5114624506,1477908799
000000017C82,46.9741935484,1477908885
00000002AC48,11.2447876448,1477908540
00000002AC44,14.7095022624,1477908435
00000001A2B2,36.3951219512,1477908696
000000017CB2,26.0035714286,1477908792
00000002AC52,18.8886075949,1477908880
00000002AC55,15.5147208122,1477908944
00000002AC56,11.7712230216,1477909033
000000018EB4,26.8864864865,1477908854
000000017D1A,41.3027027027,1477909148
000000018EB0,46.9741935484,1477908865
000000017D16,42.45,1477909111
00000002AC4D,13.2053097345,1477908774
00000002AC4C,20.0168674699,1477908707
00000002AFFB,11.288372093,1477908529
00000002AFFE,15.0727272727,1477908440
00000001A28A,37.8233766234,1477908746
000000018EC4,18.1975609756,1477909072
000000017CFA,25.1068965517,1477908926
000000018E75,37.2731707317,1477908323
000000017D18,32.4391304348,1477909146
00000002AC38,16.2574468085,1477909023
000000017CBC,29.2588235294,1477908328
000000017CBB,52.3578947368,1477908301
000000017CC2,40.3297297297,1477908391
000000017CC0,31.6565217391,1477908400
000000017CC8,28.8339622642,1477908481
000000017CC9,31.7489361702,1477908487
00000002AFED,16.5477272727,1477908886
000000017C72,36.3951219512,1477908885
000000017CCB,35.1310344828,1477908497
000000017CCC,40.2447761194,1477908489
000000017CCA,22.7816793893,1477908697
00000002AC16,13.7571428571,1477908462
000000017CB5,27.7979381443,1477908301
00000002B000,12.6077922078,1477908934
00000002B003,20.2736842105,1477908876
00000002B3C6,15.8362694301,1477909005
000000017D0D,22.0636363636,1477909063
000000017D0E,44.5432835821,1477909033
000000017CE6,29.4181818182,1477908767
000000017CEF,37.8233766234,1477908818
000000017CEA,38.7584415584,1477908779
000000017D04,34.3034482759,1477908959
000000017D06,56.0076923077,1477908956
000000017D07,34.6714285714,1477908974
000000017D09,36.3951219512,1477908990
00000001B892,31.6565217391,1477909143
000000017CD7,31.6565217391,1477908656
