0000000178D6,27.891588785,1477892181
0000000178D0,23.4870967742,1477892066
0000000178D1,55.2666666667,1477892045
000000018A83,47.3714285714,1477892366
0000000178D9,21.0169014085,1477892407
0000000178D7,29.3086956522,1477892217
000000019E23,34.3034482759,1477891989
0000000178C9,31.7489361702,1477891930
000000018A7F,45.45,1477892212
0000000178E7,25.0524590164,1477892597
0000000178CC,24.0677419355,1477891905
0000000178E4,37.45,1477892539
0000000178E2,33.2217391304,1477892530
0000000178E1,28.6961538462,1477892534
00000001B2FD,36.7685393258,1477892340
0000000178E8,48.135483871,1477892570
0000000178DC,30.1454545455,1477892437
000000018A6C,44.5432835821,1477891910
