36.3951219512|11|38.679|102.748|000000017EAD|71
37.8233766234|4|30.823|59.203|000000017EF8|71
37.2731707317|2|37.273|0.000|000000017F2E|71
11.2294736842|5|25.865|154.476|000000017F30|71
34.3415730337|2|34.342|0.000|000000017F35|71
40.3297297297|2|40.330|0.000|000000017F3C|71
42.45|3|36.558|221.954|000000017F3D|71
29.2588235294|2|29.259|0.000|000000017F3E|71
41.3027027027|3|40.349|1.819|000000017F43|71
38.6886075949|4|42.677|23.923|000000017F49|71
30.8727272727|2|30.873|0.000|000000017F4B|71
42.4987012987|2|42.499|0.000|000000017F4F|71
45.6179104478|4|32.673|185.462|000000017F52|71
43.4903225806|4|43.004|16.398|000000017F55|71
44.5432835821|4|44.673|4.817|000000017F5C|71
50.5830508475|3|47.170|23.300|000000017F63|71
46.63125|2|40.207|41.275|000000017F64|71
37.9232876712|3|31.421|84.551|000000017F6A|71
36.3951219512|3|40.643|36.083|000000017F6F|71
34.6714285714|3|39.182|40.687|000000017F71|71
32.4391304348|2|32.439|0.000|000000017F74|71
34.1316455696|5|30.014|19.146|000000019104|71
37.8233766234|5|26.707|85.705|00000001910C|71
41.4227848101|3|39.286|9.128|000000019117|71
32.4391304348|5|33.975|41.819|000000019136|71
42.45|5|39.920|69.986|000000019138|71
36.3951219512|3|34.654|6.065|00000001913A|71
37.8233766234|3|33.178|43.155|000000019146|71
30.7670103093|4|32.048|53.852|000000019149|71
28.6961538462|3|32.205|24.630|000000019161|71
37.7772151899|4|42.902|87.779|000000019171|71
28.575|2|30.751|4.735|00000001917C|71
39.3567567568|7|36.331|89.110|00000001A565|71
52.3578947368|4|40.731|137.201|00000001A58F|71
45.6179104478|7|35.970|102.523|00000001A598|71
52.3578947368|6|40.124|132.866|00000001A59D|71
34.3034482759|7|31.213|67.316|00000001BAEF|71
13.5040723982|2|13.504|0.000|00000002ACBB|71
14.0201834862|2|14.020|0.000|00000002ACBD|71
12.231147541|2|12.231|0.000|00000002ACBE|71
17.5215189873|3|15.628|7.168|00000002B08F|71
10.6068965517|3|14.024|23.348|00000002B090|71
10.185665529|5|13.782|13.748|00000002B455|71
18.3169811321|12|15.434|13.576|00000002BCDE|71
