36.3951219512|11|38.679|102.748|000000017EAD|71
41.3027027027|4|37.602|23.996|000000017F43|71
38.6886075949|4|42.677|23.923|000000017F49|71
30.8727272727|2|30.873|0.000|000000017F4B|71
42.4987012987|2|42.499|0.000|000000017F4F|71
45.6179104478|5|28.848|206.877|000000017F52|71
43.4903225806|4|43.004|16.398|000000017F55|71
44.5432835821|4|44.673|4.817|000000017F5C|71
50.5830508475|3|47.170|23.300|000000017F63|71
46.63125|4|43.346|57.257|000000017F64|71
37.9232876712|5|27.624|80.360|000000017F6A|71
36.3951219512|6|32.743|118.441|000000017F6F|71
34.6714285714|3|39.182|40.687|000000017F71|71
32.4391304348|5|27.747|72.562|000000017F74|71
32.514893617|2|32.515|0.000|000000017F7F|71
40.45|4|32.594|118.194|000000017F80|71
36.3951219512|2|36.395|0.000|000000017F83|71
43.252173913|3|44.215|1.855|000000017F84|71
32.0903225806|3|33.901|6.555|000000017F85|71
30.7670103093|3|36.172|58.430|000000017F89|71
42.45|1|42.450|0.000|000000017F8D|71
35.9555555556|3|36.972|2.068|000000017F90|71
33.5325842697|2|33.533|0.000|000000017F93|71
32.514893617|3|38.056|61.404|000000017F94|71
39.0292682927|2|39.029|0.000|000000017F95|71
37.7772151899|2|37.777|0.000|000000017F98|71
32.4391304348|5|33.975|41.819|000000019136|71
37.8233766234|3|33.178|43.155|000000019146|71
30.7670103093|4|32.048|53.852|000000019149|71
28.6961538462|3|32.205|24.630|000000019161|71
37.7772151899|5|40.537|92.600|000000019171|71
10.8919708029|5|26.468|173.711|000000019172|71
28.575|2|30.751|4.735|00000001917C|71
35.1310344828|3|32.452|14.359|000000019197|71
39.3567567568|7|36.331|89.110|00000001A565|71
52.3578947368|4|40.731|137.201|00000001A58F|71
45.6179104478|7|35.970|102.523|00000001A598|71
36.3951219512|4|32.182|18.965|00000001A5B3|71
17.5215189873|3|15.628|7.168|00000002B08F|71
