36.3951219512|3|30.263|75.196|000000017C72|71
46.9741935484|8|28.744|131.274|000000017C82|71
26.0035714286|2|26.004|0.000|000000017CB2|71
22.7816793893|2|22.782|0.000|000000017CCA|71
31.6565217391|2|31.657|0.000|000000017CD7|71
29.4181818182|2|29.418|0.000|000000017CE6|71
38.7584415584|3|44.305|61.520|000000017CEA|71
37.8233766234|2|37.823|0.000|000000017CEF|71
25.1068965517|5|26.688|78.196|000000017CFA|71
45.6179104478|3|41.345|36.511|000000017D00|71
34.3034482759|3|37.598|21.702|000000017D04|71
56.0076923077|2|56.008|0.000|000000017D06|71
34.6714285714|4|37.708|13.657|000000017D07|71
36.3951219512|2|36.395|0.000|000000017D09|71
22.0636363636|2|22.064|0.000|000000017D0D|71
44.5432835821|2|44.543|0.000|000000017D0E|71
42.45|1|42.450|0.000|000000017D16|71
32.4391304348|2|32.439|0.000|000000017D18|71
41.3027027027|3|44.718|23.335|000000017D1A|71
34.3034482759|5|32.028|83.963|000000017D1D|71
38.7584415584|2|38.758|0.000|000000017D1E|71
37.2731707317|5|35.381|96.592|000000017D25|71
41.45|1|41.450|0.000|000000017D26|71
36.3951219512|2|36.395|0.000|000000017D2C|71
32.7235955056|2|32.724|0.000|000000017D34|71
31.5092783505|4|27.823|23.391|000000018E98|71
46.9741935484|3|37.710|171.640|000000018EB0|71
26.8864864865|8|30.596|101.789|000000018EB4|71
40.45|4|31.953|64.038|000000018EC1|71
18.1975609756|3|19.953|6.164|000000018EC4|71
29.5485148515|3|32.415|16.438|000000018EE9|71
37.8233766234|8|31.179|66.547|00000001A28A|71
36.3951219512|8|35.650|38.916|00000001A2B2|71
36.3951219512|7|29.726|55.288|00000001A2D5|71
44.5432835821|4|35.530|104.027|00000001A2FF|71
31.6565217391|8|32.759|65.678|00000001B892|71
41.45|5|36.541|25.754|00000001B8AC|71
36.3857142857|9|26.642|111.515|00000001CE76|71
13.6732394366|4|17.043|15.817|00000002AC34|71
16.2574468085|3|17.883|5.284|00000002AC38|71
20.0168674699|2|20.017|0.000|00000002AC4C|71
13.2053097345|3|13.783|0.668|00000002AC4D|71
18.8886075949|3|18.867|0.001|00000002AC52|71
15.5147208122|3|13.818|5.755|00000002AC55|71
11.7712230216|2|11.771|0.000|00000002AC56|71
14.3467980296|2|14.347|0.000|00000002AC58|71
13.6899082569|2|13.690|0.000|00000002AC59|71
23.6857142857|2|23.686|0.000|00000002AC5B|71
12.6077922078|2|12.608|0.000|00000002B000|71
20.2736842105|2|20.274|0.000|00000002B003|71
15.8362694301|7|17.872|12.193|00000002B3C6|71
11.5114624506|4|13.926|18.000|00000002BC86|71
