42.45|6|36.870|24.188|000000018053|71
28.5402061856|2|28.540|0.000|000000018070|71
48.8417910448|6|43.396|119.114|000000018079|71
41.45|4|37.911|121.620|000000018084|71
41.45|2|50.077|74.418|000000018086|71
44.5432835821|2|44.543|0.000|000000018089|71
36.3951219512|4|39.220|8.039|000000019288|71
27.6333333333|3|26.530|2.433|00000001928F|71
39.4925373134|4|37.820|14.617|000000019296|71
33.475862069|3|33.000|0.453|0000000192A4|71
39.9073170732|9|39.432|154.852|00000001A6E4|71
48.135483871|4|39.500|74.571|00000001A6E5|71
11.7435483871|2|11.744|0.000|00000002ACFB|71
14.3480769231|3|15.660|3.442|00000002ACFE|71
13.0600896861|3|15.687|13.800|00000002ACFF|71
14.7014778325|2|14.701|0.000|00000002AD01|71
21.3734265734|3|20.702|0.901|00000002AD03|71
16.0023121387|2|16.002|0.000|00000002AD05|71
18.4120481928|3|17.326|2.359|00000002B0CF|71
