000000017AD1,52.747826087,1477902792
00000002ABDF,14.6125984252,1477902894
000000016D44,40.8943820225,1477902987
000000016D38,59.864516129,1477902626
000000016D32,34.014953271,1477902352
000000016D33,55.55,1477902349
00000001B59F,44.9333333333,1477902877
000000016D34,45.2634146341,1477902369
000000018C7E,34.8947368421,1477902443
000000018C90,41.7033707865,1477902733
000000017ACE,43.4896551724,1477903073
000000018C81,32.3384615385,1477902435
00000001A051,34.6878504673,1477903045
000000017AC6,41.2329896907,1477902626
000000017AAD,46.1414634146,1477902375
00000002A940,13.3032258065,1477902542
000000016D43,52.276056338,1477902970
00000002ABE4,14.9661290323,1477902419
000000016D41,37.4909090909,1477902914
000000016D40,35.2948453608,1477902894
000000016D46,41.1260869565,1477903058
000000016D45,42.6620689655,1477903053
000000016D3A,42.5123595506,1477902677
000000016D3D,27.6175182482,1477902784
00000001A028,38.7191489362,1477902391
000000018C88,40.7868131868,1477902721
