000000016E06,54.3223880597,1477908421
000000016E03,47.2675324675,1477908318
000000016E01,44.1303370787,1477908315
000000016E22,39.5608695652,1477909082
000000016E23,33.7764705882,1477909101
000000016E25,46.6615384615,1477909116
000000016E09,41.1260869565,1477908492
000000017CBB,46.1414634146,1477908373
00000002AC44,16.7415929204,1477908671
00000002AC42,20.1255319149,1477908677
000000017CFA,40.3434782609,1477909032
00000002AC41,12.9776223776,1477908667
00000001A28A,45.2634146341,1477908828
000000017CAC,40.8943820225,1477908416
00000001A2B2,50.1567567568,1477908774
000000017CC0,51.1297297297,1477908483
000000016E14,44.1857142857,1477908762
00000002A961,11.1644171779,1477908943
000000017CA4,14.6651162791,1477908399
000000016E16,55.55,1477908824
000000016E1C,40.3434782609,1477908924
000000016E1B,41.8344827586,1477908915
000000018E75,45.1448275862,1477908411
000000016E13,49.1376623377,1477908751
000000016E12,34.6878504673,1477908758
000000017CEA,55.3970149254,1477908851
000000016E17,36.0349514563,1477908878
000000017CC2,29.2615384615,1477908486
000000017D04,44.1857142857,1477909047
000000017D07,37.7653846154,1477909070
000000018E97,45.2634146341,1477908918
000000017CCC,42.6620689655,1477908570
00000002AC52,18.823880597,1477909065
000000018EB4,35.6625,1477908960
00000002AC16,17.1833333333,1477908680
00000002AC4D,14.9384615385,1477909013
00000002AFFB,15.529707113,1477908786
00000002AFFE,19.6041450777,1477908644
000000017CCB,46.982278481,1477908582
000000016E0E,39.9956043956,1477908663
