00000001801B,27.5244094488,1477917143
000000016F9C,35.6823529412,1477917075
00000001801F,45.2634146341,1477917175
000000019260,48.7756097561,1477917800
00000001801E,51.55,1477917139
000000016FA6,46.1414634146,1477917523
000000016FA5,45.2634146341,1477917319
000000016F9E,38.6625,1477917073
000000019220,31.1899159664,1477917176
000000016FAA,33.3908256881,1477917560
00000002ACEE,18.4656716418,1477917461
000000018039,38.7191489362,1477917599
000000016FB1,36.3882352941,1477917808
000000016FB0,46.982278481,1477917792
00000002A9B5,16.4230088496,1477917246
00000002A9B3,13.7443298969,1477917109
