35.0150943396|4|31.683|111.043|0000000169C7|43
35.6823529412|4|30.115|50.015|0000000169CF|43
43.4739130435|2|43.474|0.000|0000000169D0|43
34.0513761468|2|34.051|0.000|0000000169D5|43
36.7636363636|3|36.276|0.475|0000000169D7|43
40.3434782609|3|34.776|61.992|0000000169D8|43
45.5056179775|4|42.150|14.296|0000000169DA|43
45.724137931|2|45.724|0.000|0000000169DB|43
13.7086956522|3|21.282|114.722|0000000169DC|43
16.2789473684|3|20.204|30.818|0000000169DD|43
13.5459854015|3|22.462|158.999|0000000169E0|43
48.2025974026|2|48.203|0.000|0000000169E1|43
55.3970149254|2|55.397|0.000|0000000169E2|43
36.3882352941|3|33.117|21.399|0000000169E3|43
39.485106383|2|39.485|0.000|0000000169E4|43
28.1181818182|3|29.328|2.929|0000000171EE|43
50.55|5|34.774|136.110|0000000171F1|43
40.3434782609|5|33.738|101.690|000000017204|43
22.9111111111|5|27.275|112.337|000000017210|43
51.55|10|34.149|63.123|0000000182CE|43
39.3517241379|4|30.262|88.044|000000018314|43
49.1376623377|4|43.384|80.525|000000018323|43
46.1414634146|4|40.044|72.788|000000018341|43
46.982278481|5|36.885|82.492|00000001963D|43
45.2634146341|8|35.217|123.981|000000019649|43
36.3882352941|7|32.311|55.895|000000019656|43
50.1567567568|11|37.132|180.095|00000001C024|43
11.2472727273|2|11.247|0.000|000000024447|43
17.120361991|3|15.199|7.383|00000002AA1B|43
