39.485106383|2|39.485|0.000|0000000169C2|43
35.0150943396|3|37.506|12.410|0000000169C7|43
18.7454545455|4|32.430|197.632|0000000169C9|43
35.6823529412|3|34.027|5.479|0000000169CF|43
43.4739130435|2|43.474|0.000|0000000169D0|43
36.7636363636|3|36.276|0.475|0000000169D7|43
40.3434782609|2|40.343|0.000|0000000169D8|43
45.5056179775|2|45.506|0.000|0000000169DA|43
45.724137931|2|45.724|0.000|0000000169DB|43
48.2025974026|3|49.588|3.837|0000000171E4|43
46.1414634146|5|37.179|67.762|0000000171E6|43
28.1181818182|3|29.328|2.929|0000000171EE|43
50.55|4|33.960|166.829|0000000171F1|43
51.55|10|34.149|63.123|0000000182CE|43
39.3517241379|4|30.262|88.044|000000018314|43
49.1376623377|4|43.384|80.525|000000018323|43
46.982278481|5|36.885|82.492|00000001963D|43
10.9297297297|2|10.930|0.000|00000002A887|43
21.8705202312|2|21.871|0.000|00000002A888|43
