59.864516129|5|44.907|246.630|000000016BB3|43
48.2025974026|2|48.203|0.000|000000016BB5|43
44.9393258427|7|38.706|72.099|000000016BB8|43
40.7571428571|2|40.757|0.000|000000016BB9|43
16.7242718447|3|26.011|172.489|000000016BBE|43
49.1376623377|3|42.530|87.326|000000016BC0|43
48.2025974026|2|48.203|0.000|000000016BC1|43
39.006185567|2|39.006|0.000|000000016BC2|43
44.1857142857|3|40.692|24.419|000000016BC3|43
35.3607476636|2|35.361|0.000|000000016BC7|43
52.747826087|2|52.748|0.000|000000016BCA|43
39.485106383|3|39.333|0.046|000000017677|43
51.1297297297|5|38.200|189.623|000000017680|43
46.0708860759|5|40.538|44.727|0000000187CB|43
41.7033707865|5|38.467|56.611|0000000187F4|43
39.3517241379|4|37.223|9.014|000000018801|43
50.1567567568|8|35.782|125.451|000000019B83|43
49.1376623377|6|42.079|45.777|000000019B98|43
15.8309623431|3|14.725|2.445|00000002A8F0|43
17.3439252336|2|17.344|0.000|00000002A8F2|43
20.8516853933|2|20.852|0.000|00000002A8F3|43
13.9533834586|5|11.910|2.863|00000002B257|43
