35.6884615385|2|35.688|0.000|000000016E65|43
46.1414634146|3|40.668|59.911|000000016E67|43
44.1857142857|2|44.186|0.000|000000016E68|43
40.3434782609|5|38.402|42.382|000000016E69|43
42.6620689655|4|33.096|106.535|000000016E6F|43
49.1376623377|2|49.138|0.000|000000016E71|43
53.7913043478|2|53.791|0.000|000000016E72|43
41.7033707865|3|36.372|56.851|000000016E74|43
34.6878504673|2|34.688|0.000|000000016E77|43
45.2634146341|5|32.646|151.187|000000016E78|43
40.8943820225|2|40.894|0.000|000000016E79|43
40.9125|2|30.052|117.961|000000016E7A|43
11.8331360947|3|18.855|98.625|000000016E7F|43
45.2634146341|3|43.949|3.454|000000016E81|43
43.4896551724|4|37.398|76.936|000000016E85|43
13.0231578947|3|17.824|46.090|000000016E89|43
51.55|1|51.550|0.000|000000016E8B|43
48.2025974026|3|43.085|52.378|000000016E8F|43
36.3882352941|2|36.388|0.000|000000016E91|43
51.55|4|36.650|133.421|000000017D56|43
51.55|4|33.030|165.256|000000017DAC|43
48.2025974026|3|40.638|114.457|000000017DAD|43
42.6620689655|3|40.573|8.728|000000017DB8|43
47.2675324675|5|34.645|172.112|000000017DBC|43
45.2634146341|6|36.267|79.411|000000017DC0|43
39.223255814|3|36.511|14.709|000000017DCB|43
45.2634146341|3|45.719|0.416|000000017DEE|43
46.982278481|3|42.395|42.078|000000017DF3|43
48.55|2|39.819|76.235|000000017DF5|43
12.0916943522|5|20.565|56.590|000000018F52|43
38.2639175258|6|30.993|71.728|000000018F68|43
55.3970149254|6|45.273|75.702|000000018F7A|43
46.1414634146|6|33.805|157.975|000000018FB4|43
43.1581395349|6|32.926|101.293|000000018FC6|43
48.2025974026|4|41.389|47.379|000000018FDF|43
34.6153846154|13|30.310|108.271|00000001CECE|43
40.3434782609|5|32.376|59.415|00000001CFE9|43
18.7454545455|3|18.700|0.004|00000002A971|43
10.3966386555|2|10.397|0.000|00000002A976|43
10.0819944598|2|10.082|0.000|00000002A977|43
20.8516853933|2|20.852|0.000|00000002A978|43
14.3860465116|2|14.386|0.000|00000002A979|43
12.6170347003|4|14.361|4.587|00000002AC73|43
17.1833333333|2|17.183|0.000|00000002AC76|43
12.2495049505|5|13.015|0.932|00000002B033|43
12.8154929577|4|14.395|6.794|00000002B3EC|43
15.0741035857|7|13.514|4.762|00000002B3F0|43
