49.1376623377|2|49.138|0.000|000000016A86|43
39.5608695652|4|40.084|2.068|000000016A87|43
34.014953271|3|34.802|1.239|000000016A88|43
19.7804347826|5|29.311|77.194|000000016A89|43
48.2025974026|3|43.544|43.405|000000016A8A|43
35.3607476636|2|35.361|0.000|000000016A8B|43
47.2675324675|2|47.268|0.000|000000016A8F|43
41.7033707865|2|41.703|0.000|000000016A90|43
47.8936708861|2|47.894|0.000|000000016A91|43
10.9164705882|3|13.861|17.342|000000016A93|43
38.7191489362|2|38.719|0.000|000000016A96|43
29.9322580645|2|29.932|0.000|000000016A98|43
57.99375|2|42.292|246.553|000000016A9C|43
54.3223880597|3|53.790|0.567|000000016A9D|43
27.6985074627|4|28.872|53.251|000000016AA1|43
34.5818181818|2|34.582|0.000|000000016AA2|43
59.864516129|2|59.865|0.000|000000016AA3|43
54.8347826087|2|54.835|0.000|000000016AA5|43
46.5069767442|3|43.730|15.428|000000016AA6|43
46.1414634146|3|45.014|2.544|000000016AA8|43
44.1857142857|3|41.401|15.510|000000016AA9|43
34.7119266055|2|34.712|0.000|000000016AAD|43
41.1260869565|3|36.276|47.050|000000016AAE|43
38.7191489362|2|38.719|0.000|000000016AB0|43
50.6278481013|2|50.628|0.000|000000016AB1|43
46.7111111111|3|39.809|95.289|00000001738E|43
44.3853658537|4|42.722|2.984|0000000173B3|43
39.9956043956|5|31.103|90.822|0000000173B7|43
40.1793103448|3|37.694|12.353|0000000173BD|43
50.55|2|49.696|0.729|0000000173BE|43
41.8344827586|3|42.737|1.631|0000000173C1|43
55.3970149254|3|52.081|21.987|0000000173CA|43
42.6292682927|3|42.909|0.157|0000000173D2|43
39.5608695652|9|32.020|86.476|0000000184D4|43
41.7512195122|2|41.751|0.000|00000001852A|43
48.2025974026|5|35.163|121.294|0000000197D4|43
34.014953271|7|29.467|44.971|0000000197F2|43
51.55|5|32.687|158.501|000000019809|43
37.2130434783|9|34.060|102.072|000000019820|43
14.3262295082|3|13.226|2.422|00000002A8A7|43
19.432460733|2|19.432|0.000|00000002A8AD|43
18.3818181818|4|17.389|3.509|00000002AA79|43
14.5552941176|4|14.300|1.198|00000002ADF8|43
