43.9953488372|4|37.843|153.043|0000000169AC|43
43.4896551724|2|43.490|0.000|0000000169AE|43
45.0428571429|2|45.043|0.000|0000000169AF|43
40.3434782609|4|42.879|6.938|0000000169B0|43
40.3434782609|3|41.763|4.028|0000000169B3|43
41.1260869565|3|36.803|37.376|0000000169B9|43
39.485106383|2|39.485|0.000|0000000169BA|43
32.0697247706|3|34.626|13.069|0000000169BB|43
45.9724137931|2|45.972|0.000|0000000169BE|43
55.3970149254|2|55.397|0.000|0000000169BF|43
38.7191489362|3|39.044|0.211|0000000171BB|43
29.2251968504|3|27.986|3.071|0000000171BE|43
40.8943820225|5|29.105|117.993|0000000171C7|43
41.7033707865|3|40.722|1.927|0000000171C8|43
51.55|3|47.040|37.974|00000001AA49|43
59.11875|7|34.782|172.013|00000001C024|43
13.8593406593|2|13.859|0.000|00000002A885|43
