41.8344827586|2|41.834|0.000|000000016E1B|43
40.3434782609|3|39.214|2.550|000000016E1C|43
39.5608695652|5|41.063|7.904|000000016E22|43
33.7764705882|7|31.743|61.176|000000016E23|43
46.6615384615|4|43.405|33.181|000000016E25|43
45.2634146341|5|31.729|143.855|000000016E29|43
40.8943820225|2|40.894|0.000|000000016E2A|43
12.8429065744|3|18.732|69.361|000000016E2D|43
42.6620689655|4|33.786|100.330|000000016E30|43
44.3853658537|2|44.385|0.000|000000016E31|43
39.5608695652|3|43.590|32.472|000000016E34|43
47.2675324675|3|45.764|4.519|000000016E3B|43
47.8936708861|2|47.894|0.000|000000016E3D|43
44.1857142857|2|44.186|0.000|000000016E3E|43
40.3434782609|5|29.735|105.705|000000017CFA|43
36.3882352941|4|37.799|22.526|000000017D00|43
44.1857142857|3|40.892|21.702|000000017D04|43
37.7653846154|4|38.481|10.755|000000017D07|43
51.55|2|46.426|26.252|000000017D1A|43
44.3853658537|5|36.803|110.069|000000017D25|43
48.55|2|40.637|62.619|000000017D34|43
30.4229508197|3|33.178|15.182|000000017D3F|43
45.2634146341|5|36.673|63.956|000000018E97|43
35.6625|7|31.126|114.083|000000018EB4|43
43.1581395349|6|36.446|87.067|000000018F08|43
34.6878504673|7|29.482|52.391|00000001A2D5|43
50.55|4|37.228|105.161|00000001A300|43
33.1392857143|8|32.944|65.510|00000001B892|43
39.5608695652|9|32.554|109.876|00000001B8AC|43
11.1644171779|3|13.891|14.864|00000002A961|43
12.6375|1|12.637|0.000|00000002A963|43
20.9172413793|2|20.917|0.000|00000002A967|43
16.2789473684|5|17.411|10.480|00000002AC34|43
10.4847457627|4|14.590|19.827|00000002AC38|43
14.9384615385|4|14.233|0.550|00000002AC4D|43
18.823880597|4|17.654|4.258|00000002AC52|43
16.2789473684|2|16.279|0.000|00000002AC54|43
10.4258426966|4|14.500|21.280|00000002AC55|43
11.2188365651|3|11.403|0.068|00000002AC56|43
20.2819672131|7|18.507|12.027|00000002B3C6|43
