00000002A6C5,12.05,1477879767
000000016064,29.6615384615,1477879439
000000016066,35.7773195876,1477879484
000000016060,30.9857142857,1477879339
000000016063,16.6309859155,1477879451
00000001DDBA,25.8985074627,1477879964
00000001605D,28.5579831933,1477879272
00000001605E,32.4336448598,1477879299
00000001607A,36.9191489362,1477879907
00000001605A,33.3692307692,1477879237
00000001F231,14.581512605,1477879859
0000000187B4,33.1065420561,1477879215
00000002A6B5,10.1177842566,1477879478
000000016070,35.0350515464,1477879724
000000016077,41.3142857143,1477879820
000000016074,27.8929133858,1477879767
000000016078,28.5579831933,1477879896
00000001DD97,31.6285714286,1477879569
00000001C5F6,38.5043478261,1477879795
00000001607E,37.7217391304,1477879974
00000001DD71,33.1065420561,1477879363
00000002C38A,12.5866666667,1477879823
00000001606E,30.9857142857,1477879706
00000001606A,23.1183673469,1477879598
