00000001DE9F,38.5043478261,1477882825
0000000160DC,13.1454545455,1477882713
0000000160E5,31.8385321101,1477882918
00000001F2B0,29.1630252101,1477882707
00000001F2B5,23.6,1477883013
00000001F2AD,29.8568807339,1477882632
00000002A6D7,12.4483516484,1477882365
00000002BF82,10.0075471698,1477882920
0000000160D4,31.7607476636,1477882465
00000001F2A8,31.7607476636,1477882419
0000000160D2,22.1044585987,1477882419
00000001DE96,33.1065420561,1477882744
0000000160CE,18.6580645161,1477882329
0000000160CC,43.9291139241,1477882223
0000000160D1,29.8105263158,1477882382
0000000160E3,28.4459016393,1477882842
00000001C6DD,29.7680672269,1477882874
