00000002A756,19.4966292135,1477901581
00000002A751,13.4709677419,1477901518
00000001B537,29.1630252101,1477901586
00000002A758,12.606405694,1477901738
00000002C0C8,18.4595744681,1477902003
00000001E35A,27.5428571429,1477901710
000000016342,47.5746835443,1477901643
00000001635E,35.4,1477902245
00000001633D,28.1142857143,1477901559
00000001E349,34.0235294118,1477901561
00000001F4D7,29.7290322581,1477901811
000000016345,48.2,1477901731
00000001F4D9,33.3176470588,1477901710
00000001F4D8,32.4336448598,1477901687
000000016341,41.443902439,1477901641
000000016343,39.8896551724,1477901706
00000001CBB0,24.4394366197,1477901833
00000001E348,28.0859504132,1477901539
00000001CBB5,25.8985074627,1477901967
00000001E36E,27.325984252,1477902097
00000001B567,42.3219512195,1477902220
00000001E34C,34.0235294118,1477901516
00000001633B,37.3450549451,1477901477
00000001F4DB,31.6363636364,1477901744
00000001F4DE,36.1411764706,1477901833
000000016348,35.7773195876,1477901801
00000001633C,34.7294117647,1477901511
000000016337,27.9870967742,1477901410
000000016339,28.1142857143,1477901448
00000001F4E2,25.3611940299,1477902039
000000016356,27.9870967742,1477902070
000000016354,29.0360655738,1477902042
000000016350,24.1021276596,1477901972
00000001F4E3,30.4421052632,1477901922
00000002C0CA,18.6580645161,1477902176
00000001F4DC,33.5571428571,1477901765
000000016346,32.4990825688,1477901766
