000000016083,22.8080536913,1477880202
00000002A6C5,12.05,1477879767
00000001C627,29.0461538462,1477880135
00000001F23C,43.2,1477880156
00000001C634,22.8315789474,1477880292
00000001606E,30.9857142857,1477879706
00000001DDBA,25.8985074627,1477879964
000000016081,30.2769230769,1477880072
00000001607A,36.9191489362,1477879907
000000019B43,15.2881057269,1477880255
00000002591F,12.0081355932,1477879980
00000002A6C9,11.0080924855,1477880210
000000019BAE,31.9058823529,1477880244
00000002BF85,17.2656716418,1477880223
00000001C631,29.6615384615,1477880287
000000016070,35.0350515464,1477879724
000000016077,41.3142857143,1477879820
000000016074,27.8929133858,1477879767
00000001DDD1,25.8985074627,1477880325
000000016078,28.5579831933,1477879896
00000001DDCC,29.6615384615,1477880179
00000001C5F6,38.5043478261,1477879795
00000001DD97,31.6285714286,1477879569
00000001606A,23.1183673469,1477879598
00000001607E,37.7217391304,1477879974
000000019B2B,34.7294117647,1477880304
00000002A6CA,13.1454545455,1477880171
00000002C38A,12.5866666667,1477879823
