0000000163B5,34.3603960396,1477903891
00000002A767,11.6145985401,1477903784
00000002BC2E,21.3735849057,1477903877
0000000163BE,42.3219512195,1477904294
00000001E3FB,34.3272727273,1477903799
00000001F543,21.6489795918,1477903727
0000000163C0,12.3501779359,1477904235
00000001E417,37.7217391304,1477904116
0000000163C7,31.6285714286,1477904241
0000000163A2,38.1842696629,1477903559
00000001F541,33.3692307692,1477903996
0000000163A5,25.8985074627,1477903616
0000000163A0,36.1531914894,1477903502
00000001CC2C,32.7396226415,1477903657
00000001E41F,34.0235294118,1477904237
00000002A768,10.5573033708,1477904011
0000000163AF,52.871641791,1477903730
00000002A765,10.484592145,1477903675
00000002A766,11.7243243243,1477903727
00000001CC40,31.4666666667,1477903989
000000016396,15.6,1477903651
00000001E3F2,35.0350515464,1477903668
0000000163B9,36.15,1477903966
0000000163B6,39.9829787234,1477903890
00000001F532,22.2461538462,1477903554
0000000163B4,36.9391304348,1477903888
00000001A083,29.1630252101,1477904320
000000016363,32.4990825688,1477903667
00000002C432,10.8789968652,1477904223
00000001E3EA,39.0620689655,1477904111
