33.3692307692|2|33.369|0.000|00000001605A|39
28.5579831933|2|28.558|0.000|00000001605D|39
32.4336448598|3|31.796|0.814|00000001605E|39
30.9857142857|2|30.986|0.000|000000016060|39
16.6309859155|2|16.631|0.000|000000016063|39
29.6615384615|2|29.662|0.000|000000016064|39
35.7773195876|2|35.777|0.000|000000016066|39
23.1183673469|2|23.118|0.000|00000001606A|39
30.9857142857|3|35.057|33.153|00000001606E|39
35.0350515464|5|30.539|105.448|000000016070|39
27.8929133858|2|27.893|0.000|000000016074|39
41.3142857143|2|41.314|0.000|000000016077|39
28.5579831933|2|28.558|0.000|000000016078|39
36.9191489362|3|41.413|40.385|00000001607A|39
37.7217391304|2|37.722|0.000|00000001607E|39
33.1065420561|8|28.321|71.775|0000000187B4|39
38.5043478261|9|32.321|82.992|00000001C5F6|39
33.1065420561|3|26.932|76.251|00000001DD71|39
31.6285714286|4|34.065|6.969|00000001DD97|39
25.8985074627|4|32.648|49.477|00000001DDBA|39
14.581512605|6|29.958|149.728|00000001F231|39
10.1177842566|2|10.118|0.000|00000002A6B5|39
12.05|1|12.050|0.000|00000002A6C5|39
12.5866666667|4|13.606|1.950|00000002C38A|39
