10.9671826625|5|22.635|143.465|000000015D1D|39
37.685106383|2|37.685|0.000|000000015D22|39
32.7396226415|4|25.426|56.983|000000015D27|39
26.6345864662|4|21.031|32.479|000000015D2D|39
36.8470588235|4|35.451|71.912|000000015D30|39
27.325984252|6|24.825|37.932|000000015D33|39
29.0360655738|3|26.766|10.306|000000015D34|39
47.5746835443|4|32.309|236.525|000000015D40|39
19.7581395349|3|19.957|0.079|000000015D41|39
16.1061611374|2|16.106|0.000|000000015D43|39
29.0360655738|3|26.137|16.812|000000015D44|39
36.5195876289|2|36.520|0.000|000000015D47|39
34.0235294118|4|33.523|86.987|000000015D48|39
42.3219512195|3|34.585|119.729|000000015D4B|39
33.3692307692|3|30.263|19.302|000000015D4C|39
30.3428571429|2|30.343|0.000|000000015D4D|39
32.4336448598|3|28.507|30.833|000000015D4E|39
22.0675324675|2|22.068|0.000|000000015D51|39
37.685106383|3|32.614|51.442|000000015D54|39
26.3441860465|2|26.344|0.000|000000015D5B|39
38.5043478261|2|38.504|0.000|000000015D5C|39
25.1234042553|2|25.123|0.000|000000015D5D|39
28.5677419355|2|28.568|0.000|000000015D5F|39
37.7217391304|3|32.674|50.956|00000001C0FB|39
24.2685314685|3|22.479|6.405|00000001D877|39
37.7217391304|4|35.430|39.130|00000001D8A6|39
39.0620689655|3|33.868|53.961|00000001D8A7|39
29.6615384615|4|25.761|15.506|00000001EF20|39
41.3298701299|3|36.264|51.325|00000001EF2C|39
24.1090909091|3|29.990|69.169|00000001EF3F|39
34.7294117647|3|34.261|0.438|00000001EF54|39
20.176744186|3|22.073|7.192|00000001EF5C|39
36.9191489362|3|32.330|42.116|00000001EF5F|39
24.4394366197|3|28.057|26.180|00000001EF74|39
12.1342657343|2|12.134|0.000|00000002B9E0|39
15.7980582524|3|15.517|0.157|00000002BE8A|39
14.581512605|3|18.432|29.654|00000002C2F1|39
