38.7463917526|2|38.746|0.000|0000000167B3|39
52.871641791|2|52.872|0.000|0000000167B5|39
28.4459016393|2|28.446|0.000|0000000167B9|39
27.8929133858|4|32.912|43.072|0000000167BC|39
30.9857142857|2|30.986|0.000|0000000167BD|39
41.443902439|2|41.444|0.000|0000000167BE|39
21.8264150943|11|27.425|105.986|000000016F00|39
35.0545454545|10|31.232|75.324|000000016F1D|39
33.3692307692|6|27.127|70.836|00000001A5ED|39
37.3450549451|4|36.395|24.294|00000001BBA4|39
33.4188679245|7|30.603|197.808|00000001D237|39
25.9419847328|4|25.846|90.448|00000001D27B|39
32.7396226415|3|32.433|0.188|00000001D28F|39
31.5089108911|4|32.953|74.382|00000001EA39|39
17.8813186813|5|24.680|119.796|00000001EA7B|39
10.7776397516|4|19.995|115.467|00000001F8CA|39
37.7217391304|3|41.184|23.977|00000001F8CD|39
41.443902439|5|33.711|50.806|00000001F8DA|39
35.0545454545|3|38.355|21.791|00000001F8E8|39
38.1362637363|11|33.187|129.964|00000001F8ED|39
33.3176470588|4|32.191|2.291|00000001F8F2|39
27.325984252|3|28.594|3.215|00000001F8F9|39
10.0300578035|3|10.516|0.472|00000002A817|39
15.5623318386|3|14.980|0.678|00000002BD52|39
15.8852017937|3|15.666|0.096|00000002BD57|39
12.3501779359|2|12.350|0.000|00000002C20B|39
13.4692015209|3|14.552|2.346|00000002C50C|39
15.5178082192|3|16.936|4.021|00000002C514|39
11.6783505155|3|16.889|54.309|00000002C516|39
17.0307692308|3|18.196|2.714|00000002C517|39
