22.1044585987|2|22.104|0.000|0000000160EF|39
30.5379310345|2|30.538|0.000|0000000160F3|39
26.4358208955|2|26.436|0.000|0000000160FC|39
35.7573033708|2|35.757|0.000|0000000160FD|39
34.7773584906|3|35.143|0.267|0000000160FE|39
10.484592145|2|10.485|0.000|000000016100|39
30.3428571429|6|28.456|25.355|000000017745|39
30.9857142857|3|26.957|32.459|00000001B122|39
35.7773195876|7|31.244|61.541|00000001DED3|39
40.7172413793|3|37.148|25.477|00000001DEF2|39
25.8569343066|3|27.202|3.616|00000001DF09|39
27.8557377049|3|33.270|58.639|00000001F2CD|39
38.5043478261|5|36.890|9.272|00000001F2CF|39
41.3142857143|7|33.223|109.215|00000001F2D0|39
26.4358208955|3|28.940|12.540|00000001F2D7|39
11.5295681063|3|12.691|2.696|00000002B6A5|39
22.7076923077|8|18.786|27.017|00000002BB19|39
15.0101694915|3|14.581|0.368|00000002C3B0|39
20.6571428571|3|19.082|4.962|00000002C3B3|39
12.4834532374|3|14.405|7.385|00000002C3B5|39
