25.8569343066|3|21.621|35.887|0000000161EC|39
35.0350515464|2|35.035|0.000|0000000161F2|39
40.7172413793|5|38.673|36.464|0000000161F5|39
34.0235294118|4|33.164|0.844|0000000161FF|39
26.4916030534|2|26.492|0.000|000000016200|39
25.3313868613|2|25.331|0.000|000000016202|39
36.9391304348|3|36.193|1.113|000000016203|39
25.7454545455|3|30.328|41.996|00000001C942|39
31.1779816514|4|33.862|8.876|00000001C948|39
41.8120481928|2|41.812|0.000|00000001C955|39
31.7607476636|4|35.709|15.643|00000001E0F2|39
23.7698630137|3|31.504|119.625|00000001E0FE|39
45.0701298701|4|45.251|0.522|00000001E100|39
40.7172413793|3|36.679|32.620|00000001F3A5|39
16.1018181818|6|31.807|199.277|00000001F3A6|39
12.2823529412|3|13.123|1.412|00000002A70D|39
19.0921348315|3|17.853|3.071|00000002A711|39
21.397752809|3|17.871|24.873|00000002B6F3|39
10.502970297|2|10.503|0.000|00000002B6F9|39
10.4216216216|7|16.071|22.293|00000002C3D8|39
15.3557522124|3|15.118|0.113|00000002C3E0|39
