26.4916030534|4|26.999|8.068|000000015C56|39
34.3603960396|3|31.647|14.723|000000015C59|39
36.9191489362|7|36.209|80.324|00000001D6F8|39
14.4|5|23.280|76.088|00000001D6FA|39
36.9191489362|6|37.170|122.412|00000001D700|39
27.2|4|30.402|9.798|00000001D702|39
34.0235294118|4|32.578|2.656|00000001D70E|39
48.8103896104|3|46.383|11.783|00000001EE55|39
25.5673469388|6|32.762|81.057|00000001EE56|39
30.3428571429|7|36.290|19.904|00000001EE59|39
29.6615384615|3|28.232|4.088|00000001EE5A|39
34.6212765957|3|33.005|5.222|00000001EE5E|39
30.5379310345|7|33.445|7.250|00000001EE62|39
32.4336448598|3|28.638|28.809|00000001EE6C|39
12.0901023891|5|12.802|5.088|00000002A5E5|39
15.3081081081|4|14.335|2.310|00000002A5EF|39
12.1315068493|2|12.132|0.000|00000002A5F1|39
17.5272727273|4|18.254|0.681|00000002C2D5|39
