34.0235294118|5|34.174|4.753|0000000161FF|39
26.4916030534|2|26.492|0.000|000000016200|39
25.3313868613|2|25.331|0.000|000000016202|39
36.9391304348|4|37.170|3.698|000000016203|39
28.4459016393|2|28.446|0.000|00000001620A|39
14.2071428571|2|14.207|0.000|00000001620B|39
24.1090909091|3|28.719|42.500|00000001620E|39
41.443902439|2|41.444|0.000|000000016210|39
30.9857142857|2|30.986|0.000|00000001B324|39
31.1779816514|4|33.862|8.876|00000001C948|39
41.8120481928|2|41.812|0.000|00000001C955|39
30.4421052632|6|34.584|116.692|00000001C979|39
31.7607476636|4|35.709|15.643|00000001E0F2|39
23.7698630137|3|31.504|119.625|00000001E0FE|39
45.0701298701|4|45.251|0.522|00000001E100|39
16.1018181818|6|31.807|199.277|00000001F3A6|39
38.5043478261|3|36.998|4.538|00000001F3B1|39
12.2823529412|4|14.980|11.412|00000002A70D|39
19.0921348315|4|18.624|4.087|00000002A711|39
21.7846153846|2|21.785|0.000|00000002A717|39
21.397752809|4|19.098|23.166|00000002B6F3|39
10.4216216216|7|16.071|22.293|00000002C3D8|39
