18.3953757225|4|32.386|205.889|000000015CA1|39
31.1779816514|2|31.178|0.000|000000015CA5|39
23.1183673469|5|25.277|11.336|000000015CA6|39
34.0235294118|2|34.024|0.000|000000015CA9|39
27.5428571429|4|33.447|46.099|000000015CAF|39
34.7294117647|5|31.321|109.720|000000015CB4|39
51.7970149254|3|48.384|23.298|000000019613|39
20.9777777778|3|25.150|34.811|00000001C00E|39
43.2|5|33.581|75.592|00000001C026|39
33.3176470588|4|33.096|53.659|00000001D779|39
39.8896551724|6|32.887|96.038|00000001D784|39
45.0701298701|3|40.423|43.187|00000001EEA9|39
17.7|2|21.450|14.062|00000001EEB9|39
40.7172413793|6|31.655|110.146|00000001EEBE|39
37.7217391304|3|39.914|9.609|00000001EEC4|39
10.0591304348|2|10.059|0.000|000000024047|39
13.1954372624|3|12.265|1.730|00000002C2E6|39
