27.9870967742|4|23.904|17.894|000000015E3D|39
49.2|1|49.200|0.000|000000015E42|39
24.8058394161|3|26.447|5.389|000000015E45|39
30.9857142857|4|31.625|114.137|000000015E46|39
10.8789968652|5|17.739|43.292|000000015E48|39
10.6236311239|5|22.922|167.851|000000015E4E|39
24.0979591837|2|24.098|0.000|000000015E52|39
32.4336448598|3|26.906|61.106|000000015E53|39
26.4358208955|4|22.161|21.142|000000015E58|39
32.4336448598|4|26.894|31.920|000000015E5B|39
39.0620689655|4|28.936|102.580|000000015E5E|39
20.2285714286|4|20.036|1.025|000000015E61|39
39.8896551724|2|39.890|0.000|000000015E63|39
35.7818181818|2|35.782|0.000|000000015E67|39
33.1065420561|2|33.107|0.000|000000015E6B|39
35.7818181818|3|29.623|75.863|000000015E6C|39
12.3428571429|2|12.343|0.000|000000015E6D|39
46.0051948052|3|36.923|164.960|000000015E73|39
19.0681318681|3|17.445|5.266|000000015E76|39
22.5350649351|2|22.535|0.000|000000015E7A|39
33.1065420561|3|27.897|54.286|000000015E7D|39
45.9243243243|2|45.924|0.000|000000015E7E|39
22.279245283|2|22.279|0.000|000000015E84|39
24.8058394161|2|24.806|0.000|000000015E87|39
37.7217391304|2|37.722|0.000|000000015E89|39
31.7607476636|8|24.702|39.482|00000001AC5D|39
20.1088757396|5|24.579|135.827|00000001ACB3|39
22.0675324675|6|25.236|190.445|00000001ACEC|39
47.2|7|24.493|117.180|00000001C210|39
35.7773195876|5|31.350|141.731|00000001C27E|39
42.3219512195|5|32.289|116.342|00000001C2DB|39
36.15|1|36.150|0.000|00000001C2F0|39
26.2909090909|5|20.570|34.760|00000001DA0A|39
27.9272727273|2|27.927|0.000|00000001DA33|39
50.7223880597|2|50.722|0.000|00000001DA34|39
35.7773195876|6|28.411|80.620|00000001DA38|39
26.2909090909|4|28.840|35.460|00000001DA48|39
45.0701298701|2|45.070|0.000|00000001DA66|39
23.6081632653|4|27.041|52.453|00000001DA74|39
26.9023255814|2|26.902|0.000|00000001DA7E|39
25.7454545455|5|23.738|74.533|00000001F062|39
42.9517241379|5|31.585|127.295|00000001F06F|39
29.6615384615|5|35.280|117.232|00000001F071|39
24.9669064748|4|24.562|37.352|00000001F074|39
35.7818181818|3|36.085|0.184|00000001F077|39
17.7230769231|2|17.723|0.000|00000002A65E|39
11.2675324675|2|11.268|0.000|00000002A664|39
15.7031674208|2|15.703|0.000|00000002A668|39
11.8443686007|2|11.844|0.000|00000002A669|39
18.0765957447|4|15.765|10.229|00000002BA2F|39
12.805904059|2|12.806|0.000|00000002BA33|39
10.5428571429|2|10.543|0.000|00000002BEBE|39
