34.480733945|2|34.481|0.000|000000016036|39
39.8896551724|3|32.739|102.267|00000001604B|39
35.7773195876|2|35.777|0.000|00000001604C|39
35.0350515464|2|35.035|0.000|00000001604E|39
42.3219512195|7|30.413|125.275|000000016054|39
15.424|4|32.874|110.499|000000016055|39
33.3692307692|2|33.369|0.000|00000001605A|39
28.5579831933|2|28.558|0.000|00000001605D|39
32.4336448598|3|31.796|0.814|00000001605E|39
30.9857142857|2|30.986|0.000|000000016060|39
16.6309859155|2|16.631|0.000|000000016063|39
29.6615384615|2|29.662|0.000|000000016064|39
35.7773195876|2|35.777|0.000|000000016066|39
23.1183673469|2|23.118|0.000|00000001606A|39
30.9857142857|2|30.986|0.000|00000001606E|39
35.0350515464|2|35.035|0.000|000000016070|39
33.1065420561|8|28.321|71.775|0000000187B4|39
29.6615384615|2|29.662|0.000|00000001AFDD|39
28.4459016393|7|25.209|18.441|00000001DCE0|39
16.3244239631|4|25.505|172.774|00000001DD4D|39
43.017721519|7|30.787|166.028|00000001DD50|39
33.1065420561|3|26.932|76.251|00000001DD71|39
31.6285714286|4|34.065|6.969|00000001DD97|39
39.8896551724|6|34.879|168.889|00000001F204|39
30.9857142857|3|35.954|49.362|00000001F20F|39
10.1177842566|2|10.118|0.000|00000002A6B5|39
14.3404958678|4|15.377|17.451|00000002A6BE|39
15.8852017937|2|15.885|0.000|00000002A6C1|39
22.6823529412|6|18.606|16.921|00000002BF7C|39
16.2495412844|3|18.477|9.927|00000002C377|39
12.402919708|4|13.408|4.189|00000002C37D|39
