34.7294117647|4|30.168|28.913|000000016270|39
27.8929133858|2|27.893|0.000|000000016272|39
27.8929133858|5|30.095|15.760|000000016278|39
26.8834532374|6|31.902|27.458|00000001627B|39
23.7744966443|2|23.774|0.000|00000001627C|39
35.7773195876|6|37.491|6.921|000000016284|39
23.1183673469|2|23.118|0.000|000000016288|39
17.706122449|3|24.587|94.684|00000001628B|39
31.2923076923|3|31.783|0.482|000000016290|39
33.3176470588|2|33.318|0.000|00000001B3F5|39
39.8896551724|2|39.890|0.000|00000001CA6E|39
18.943315508|6|24.703|35.590|00000001E1D0|39
46.0051948052|10|35.119|81.750|00000001E1DA|39
38.0041237113|2|38.004|0.000|00000001E207|39
27.5428571429|3|23.767|28.510|00000001F41B|39
11.8040816327|3|20.342|145.796|00000001F41D|39
17.8123222749|5|16.444|2.046|00000002C073|39
14.5777777778|3|14.015|0.634|00000002C3EE|39
