32.6769230769|7|29.311|85.703|000000016493|39
28.5579831933|2|28.558|0.000|0000000164C7|39
29.0461538462|2|29.046|0.000|0000000164C9|39
20.5349112426|2|20.535|0.000|0000000164CF|39
34.0235294118|3|28.179|68.314|0000000164D8|39
42.3219512195|5|31.643|133.860|0000000164DB|39
27.4604651163|3|25.092|11.223|0000000164DE|39
30.4421052632|4|25.696|67.901|0000000164E4|39
16.0301886792|2|16.030|0.000|0000000164EF|39
35.7773195876|3|30.769|50.163|0000000164F2|39
30.9857142857|2|30.986|0.000|0000000164FC|39
23.2912751678|3|23.362|0.010|0000000164FF|39
24.1090909091|3|21.273|16.090|000000016503|39
26.4916030534|2|26.492|0.000|000000016506|39
37.7217391304|3|31.126|87.007|000000016508|39
22.8315789474|2|22.832|0.000|00000001650D|39
29.6615384615|2|29.662|0.000|00000001650E|39
34.3603960396|2|34.360|0.000|000000016510|39
25.8985074627|2|25.899|0.000|000000016512|39
45.8341463415|3|38.069|120.591|00000001A20C|39
28.1628318584|3|25.216|17.365|00000001B7D0|39
35.0545454545|5|30.506|123.185|00000001CE61|39
24.4394366197|2|24.439|0.000|00000001CE7F|39
27.0388489209|2|27.039|0.000|00000001CEB6|39
42.3219512195|9|28.301|101.945|00000001E5BC|39
27.325984252|6|26.970|55.622|00000001E622|39
32.1333333333|3|26.028|74.559|00000001E664|39
26.8363636364|6|24.022|27.906|00000001E666|39
36.9191489362|4|28.640|71.120|00000001E667|39
41.3142857143|4|39.223|145.389|00000001E678|39
31.6363636364|3|26.917|44.553|00000001E688|39
32.4336448598|3|28.540|30.320|00000001E68F|39
22.3578947368|4|29.903|113.644|00000001E697|39
26.8363636364|3|24.551|10.444|00000001F66E|39
29.0461538462|4|27.804|22.760|00000001F670|39
10.1177842566|6|23.200|123.513|00000001F675|39
15.5178082192|4|21.192|62.263|00000001F679|39
25.8985074627|3|23.799|8.816|00000001F695|39
14.8840336134|3|15.659|1.202|00000002A794|39
12.805904059|2|12.806|0.000|00000002A795|39
20.1417721519|2|20.142|0.000|00000002A798|39
12.9216730038|2|12.922|0.000|00000002BC9A|39
19.5712707182|4|17.384|4.808|00000002C153|39
17.9813471503|2|17.981|0.000|00000002C472|39
