36.9391304348|2|36.939|0.000|00000001683B|39
27.4064516129|2|27.406|0.000|00000001683C|39
32.8082474227|4|34.528|38.749|000000016840|39
27.8557377049|2|27.856|0.000|000000016841|39
15.3773755656|5|28.526|124.031|000000016844|39
35.0545454545|2|35.055|0.000|000000016849|39
42.3219512195|3|36.527|67.167|000000016862|39
40.4571428571|2|40.457|0.000|000000016863|39
43.9291139241|2|43.929|0.000|000000016864|39
40.3534883721|3|43.864|24.645|00000001A6DD|39
40.7172413793|3|40.565|0.046|00000001BCAD|39
37.7217391304|4|33.113|40.837|00000001D348|39
37.9636363636|4|34.676|14.599|00000001D37A|39
35.7773195876|2|35.777|0.000|00000001D37B|39
21.3735849057|2|21.374|0.000|00000001EB47|39
25.3313868613|2|25.331|0.000|00000001EB68|39
48.2|2|45.087|9.689|00000001EB6D|39
41.3142857143|6|41.990|111.193|00000001F991|39
26.9023255814|4|34.034|50.961|00000001F99F|39
10.4216216216|3|11.887|4.295|00000002A83C|39
14.7050847458|3|15.316|0.746|00000002A83D|39
19.3877094972|3|18.467|1.697|00000002A83E|39
10.8|1|10.800|0.000|00000002A83F|39
14.7050847458|2|14.705|0.000|00000002C244|39
18.7756906077|3|20.533|6.174|00000002C533|39
11.9257731959|3|12.926|2.001|00000002C53A|39
