000000013318,16.6099009901,1477905494
0000000132B5,19.3627118644,1477905773
00000001334C,21.8292993631,1477905877
00000001334A,19.7694915254,1477905857
00000001334F,19.3627118644,1477905896
00000001334D,21.5547169811,1477905877
000000013359,18.9348066298,1477906001
000000015137,20.9898305085,1477905850
000000013353,19.4727272727,1477905944
000000013357,11.6571428571,1477906048
00000001B67E,18.0387096774,1477905584
00000001CC9B,17.4857142857,1477906028
00000001E4FF,20.4,1477906053
00000001335A,18.1333333333,1477906010
000000015126,18.6260869565,1477905762
00000001335D,22.0075471698,1477906011
00000001335E,18.3272727273,1477906029
000000013348,17.7624365482,1477905839
00000001E49E,19.6965517241,1477905436
000000013342,21.5573964497,1477905782
000000013344,20.8975609756,1477905810
000000016411,20.5221556886,1477905774
00000002A399,17.4857142857,1477905314
00000001E4C1,19.548603352,1477906007
00000001B6A2,20.9532934132,1477905659
0000000150F7,19.9255813953,1477905524
0000000150F0,22.0736842105,1477905771
00000001514E,22.5473684211,1477905935
00000001A11F,17.85,1477905910
00000001B651,19.2539325843,1477905583
000000015140,19.1463687151,1477905895
000000013360,19.6210526316,1477906021
000000013363,16.5565217391,1477906062
00000001E4DF,17.0507462687,1477905869
00000001B66E,20.3441860465,1477905345
000000013320,19.5069767442,1477905518
00000001330D,18.9559322034,1477905405
00000001330B,19.7617021277,1477905390
000000029D83,17.9434554974,1477906078
00000001CCD5,21.1018867925,1477905305
00000002B374,21.4674846626,1477906081
000000029D7D,13.5462450593,1477906059
000000013314,18.4258064516,1477905451
00000002BC56,11.6571428571,1477905566
000000013317,19.5069767442,1477905471
000000029D7F,15.4831858407,1477906070
00000001331D,21.8292993631,1477905489
00000002BC5E,13.3875,1477905686
00000001CD02,20.1103448276,1477905783
00000002BC58,14.4,1477905697
00000001E4BA,17.9422459893,1477905883
00000002B7C9,15.6914798206,1477905708
00000001E4C4,11.7369863014,1477905806
00000002A39E,17.8468085106,1477905732
000000013300,19.3627118644,1477905319
00000001A0D0,14.6410041841,1477905372
00000001E4AD,18.6260869565,1477905586
000000013323,25.3,1477905530
00000001332E,20.9532934132,1477905617
00000001332D,15.3686098655,1477905647
00000001332F,18.3272727273,1477905642
00000001332B,18.8129032258,1477905610
000000015117,20.8975609756,1477905674
00000002BC5B,16.8230769231,1477905750
000000015112,21.1555555556,1477905606
000000029D71,18.1305699482,1477905635
000000029D73,10.8935064935,1477905750
000000029D74,16.8827586207,1477905701
000000029D75,17.9434554974,1477905718
000000018D39,17.5664921466,1477905987
000000013339,13.7508196721,1477905752
00000001B69B,16.5565217391,1477905628
00000001A0E8,14.9659388646,1477905465
00000001333A,19.548603352,1477905715
00000001333E,20.2792899408,1477905745
00000001B690,19.3627118644,1477905677
000000029D7A,14.4,1477905966
00000001640A,20.4,1477905737
0000000150C2,13.4929133858,1477905326
0000000150C7,17.136,1477905300
000000015101,19.3627118644,1477905827
000000015100,16.5838862559,1477905572
000000013325,21.1555555556,1477905561
000000015113,17.9434554974,1477905640
00000001E4A8,20.0421052632,1477905553
00000001B620,19.548603352,1477905484
00000001A0DB,16.3980861244,1477905489
