000000018423,21.1018867925,1477873038
00000001C271,19.3627118644,1477872736
00000001C26C,21.1555555556,1477872729
000000012629,20.5221556886,1477872911
0000000125F9,20.5221556886,1477872640
000000029AE4,15.3,1477872455
000000029AE2,21.2869565217,1477872367
000000012625,22.8244897959,1477872889
00000002BEB7,14.4595041322,1477872537
00000001D989,18.6260869565,1477872813
00000001D981,21.9692307692,1477872415
00000001D97D,15.4378378378,1477872483
0000000125FD,21.8292993631,1477872667
00000001262E,19.3627118644,1477872949
000000012616,19.2263736264,1477872834
000000012617,20.8975609756,1477872822
000000014365,20.2792899408,1477872510
000000029AF5,18.8494382022,1477873001
000000015E01,20.7111111111,1477872485
000000015E00,16.9043478261,1477873070
0000000143C5,23.1735099338,1477872705
00000002BA21,16.6978723404,1477873095
0000000143AC,19.548603352,1477872537
000000029AF6,18.1333333333,1477873015
00000001D996,14.0384937238,1477872602
00000001D995,16.2086956522,1477872482
0000000125D8,22.5473684211,1477872452
00000001C252,20.4585365854,1477872537
0000000125D6,19.8532544379,1477872438
000000012601,17.85,1477872736
00000001C22A,16.9663366337,1477872307
0000000197DC,20.6457831325,1477872725
00000001AC95,19.1463687151,1477872707
000000012607,13.3557251908,1477872796
0000000125EB,16.8,1477872578
0000000125ED,22.2878980892,1477872562
00000001D9F9,16.6099009901,1477873036
0000000125F2,18.9559322034,1477872590
00000001C223,19.5069767442,1477873051
00000001260D,20.3441860465,1477872794
00000001D9E6,20.6457831325,1477872913
0000000125E5,25.0160583942,1477872522
00000001F02D,17.3969543147,1477872691
000000015E24,17.3969543147,1477872879
00000001D9E2,20.8975609756,1477872845
000000012620,21.3365853659,1477872877
00000001C233,18.5142857143,1477872765
00000001AC98,20.2792899408,1477872703
00000001ACB2,17.9434554974,1477872833
00000001C239,18.9348066298,1477872748
00000001C238,18.3272727273,1477872322
00000002B5BD,18.1305699482,1477872846
00000002A0D1,19.44,1477872936
00000001D9E5,16.9663366337,1477872884
00000002A08A,19.8818181818,1477872674
00000001254F,16.1253456221,1477872594
00000001255B,17.9434554974,1477872545
00000001255E,17.7624365482,1477872397
00000001AC75,18.2347826087,1477872361
00000001D940,20.7053254438,1477872340
00000001ACBE,18.8307692308,1477872860
0000000125C0,22.9333333333,1477872316
00000001C29B,17.85,1477873019
0000000143EA,22.2545454545,1477872938
000000029AC0,14.7157894737,1477872708
00000001263E,21.2869565217,1477873048
00000001263F,20.7111111111,1477873054
00000001AC6A,19.9255813953,1477872904
0000000143D7,14.1619834711,1477872896
000000012646,18.0378947368,1477873095
000000012640,18.6127659574,1477873068
00000001C287,18.225,1477872870
00000002C30B,17.0422018349,1477872342
00000001253D,15.1471698113,1477872361
000000012602,19.3627118644,1477872733
000000012638,20.2792899408,1477872997
000000012630,18.4551724138,1477872956
0000000143E4,20.0910179641,1477872915
000000012636,19.0173913043,1477873001
000000012637,19.0173913043,1477873001
00000001C290,16.3668292683,1477872941
