00000001D7D8,19.5069767442,1477869024
0000000169CC,19.0173913043,1477869074
000000014129,19.3627118644,1477869532
00000001240E,20.2792899408,1477869556
0000000234F5,10.6036363636,1477869058
00000001238F,20.1103448276,1477869667
0000000196B0,19.2827586207,1477869801
000000029A37,12.234965035,1477869320
00000001EEF1,23.3142857143,1477869298
00000001235E,17.7624365482,1477869355
00000001EEF2,20.5221556886,1477869365
00000001C090,11.5393939394,1477869711
0000000123A9,21.8155688623,1477869007
00000002B9DD,23.1567567568,1477869238
00000001EF11,16.6099009901,1477869633
0000000123A4,12.8842105263,1477869349
00000002B18A,11.2,1477869682
000000015CFA,13.4746987952,1477869564
00000002B9E4,19.7617021277,1477869701
000000012366,19.9255813953,1477869294
00000001AAFA,18.2511627907,1477869597
00000001235D,20.2792899408,1477869206
00000001236B,21.0257668712,1477869085
00000001836E,17.85,1477869600
0000000123B0,21.7341614907,1477869035
0000000123B6,16.5565217391,1477869107
0000000123B4,20.5221556886,1477869060
000000014157,17.6659793814,1477869265
00000001D7C2,18.6260869565,1477869006
0000000123AD,22.548502994,1477869037
00000001240F,14.9659388646,1477869591
00000001AABC,18.5370165746,1477869172
00000001C0A3,17.7523809524,1477869223
0000000123C0,23.0210526316,1477869145
0000000123C3,18.1333333333,1477869197
0000000123C2,16.32,1477869197
000000014163,17.85,1477869287
000000014166,16.6099009901,1477869344
000000012410,21.1018867925,1477869566
000000012412,18.6260869565,1477869593
000000012417,21.1555555556,1477869620
00000001C0BD,15.3,1477869448
00000001C0B8,21.1555555556,1477869380
0000000141B2,17.5753846154,1477869800
00000001238B,20.0421052632,1477869484
00000001C0B2,22.0075471698,1477869332
00000001C0B3,20.7053254438,1477869295
000000029A6D,22.9808219178,1477869351
00000001416C,17.0314720812,1477869372
0000000123D2,21.0795180723,1477869277
0000000123D6,17.3969543147,1477869313
0000000123D8,19.2827586207,1477869307
0000000123D9,22.5473684211,1477869299
000000014176,14.4607594937,1477869488
000000014172,18.7122994652,1477869426
000000029A74,13.0311787072,1477869045
000000012401,19.7694915254,1477869497
000000012400,18.9559322034,1477869494
000000012409,20.3441860465,1477869522
00000001AAB2,12.1964412811,1477869162
00000001C0C0,19.9255813953,1477869445
00000001241A,20.0910179641,1477869635
00000002BE7E,18.229787234,1477869659
000000012424,21.8292993631,1477869718
0000000123E9,23.0013422819,1477869348
000000029A87,14.6461538462,1477869541
00000001837B,19.7694915254,1477869580
0000000123FE,19.4727272727,1477869472
0000000123FC,22.5473684211,1477869454
0000000123F5,17.6659793814,1477869449
00000001C0B4,22.5473684211,1477869336
00000001968D,19.8818181818,1477869487
00000001AAE3,21.1555555556,1477869466
000000014116,18.6260869565,1477869488
0000000123EC,20.6457831325,1477869767
000000012428,19.8818181818,1477869752
0000000123EF,20.5221556886,1477869399
000000029A8B,17.2,1477869603
00000002BE71,13.0809160305,1477869755
000000029A77,18.1333333333,1477869090
00000001EED0,21.2869565217,1477869483
