00000001269F,16.2873786408,1477873607
00000001269E,17.4857142857,1477873602
000000029B03,10.6105263158,1477873467
000000029AFF,19.8104046243,1477873203
000000029AFE,13.0311787072,1477873249
00000002BA3E,18.3578947368,1477873278
0000000143B0,17.4857142857,1477873286
000000019844,19.3627118644,1477873576
00000001C2F5,16.2426540284,1477873882
00000001DA19,18.3272727273,1477873272
00000001DA24,17.2221105528,1477873356
000000018497,19.584,1477873692
00000001ACE3,19.1463687151,1477873553
000000029B02,11.8216216216,1477873415
000000012610,19.7694915254,1477873279
000000012687,16.5056603774,1477873485
000000012698,17.7624365482,1477873565
000000012697,17.2221105528,1477873565
000000012692,19.2761904762,1477873521
000000012693,21.1555555556,1477873511
00000001C315,18.4351648352,1477873829
00000001267B,19.9255813953,1477873383
0000000126CA,19.3627118644,1477873891
0000000126CB,18.1333333333,1477873902
00000001C319,19.5069767442,1477873875
00000001F04E,15.280349345,1477873484
00000001DA25,19.8532544379,1477873320
00000001AD39,20.5221556886,1477873933
000000012689,17.7624365482,1477873484
00000001C30F,17.6854368932,1477873762
0000000126D5,16.9663366337,1477873968
00000001C2DF,21.1018867925,1477873517
0000000126B2,12.9818181818,1477873824
000000012686,24.1246753247,1477873451
00000001C307,16.5056603774,1477873693
00000001C306,21.6,1477873663
00000001268B,21.8292993631,1477873476
00000001C303,19.6965517241,1477873650
0000000126A0,20.4631578947,1477873616
00000001C309,19.7433962264,1477873703
00000001268F,16.9043478261,1477873529
00000002A62B,14.1037037037,1477873222
0000000126C8,13.9219917012,1477873910
00000001C31E,17.6659793814,1477873947
000000012670,14.4607594937,1477873326
000000012673,19.548603352,1477873321
0000000126C7,20.2120481928,1477873860
0000000126AF,23.2050955414,1477873713
00000001D9AB,17.3969543147,1477873235
0000000126AE,17.3090909091,1477873708
00000001265F,14.0384937238,1477873234
0000000198A6,21.1555555556,1477873632
00000001AD15,21.8292993631,1477873682
00000001C312,12.6464944649,1477873858
000000019869,23.3142857143,1477873749
000000012667,19.6965517241,1477873239
000000012666,18.225,1477873247
0000000126B8,18.4351648352,1477873806
00000002A0D4,16.8827586207,1477873221
0000000126B7,20.6457831325,1477873792
0000000126B4,17.9422459893,1477873802
00000001266D,24.1352112676,1477873269
0000000126BD,16.8827586207,1477873839
00000001DA4D,23.3,1477873588
00000001986F,16.5565217391,1477873598
00000002B1DB,15.0315789474,1477873599
00000001AD1D,17.0507462687,1477873599
0000000126A2,20.0910179641,1477873626
0000000126A3,17.0314720812,1477873649
00000001C2EC,14.4607594937,1477873576
0000000126A8,11.4904109589,1477873725
00000001C29C,18.4351648352,1477873742
00000001262D,15.0827586207,1477873595
000000015E27,20.0910179641,1477873277
00000001263B,20.7709090909,1477873806
00000001445B,20.1281767956,1477873764
00000002BED6,27.7714285714,1477873577
00000002BED9,16.4769230769,1477873841
00000001D9B2,19.9255813953,1477873446
000000016AB1,18.7441340782,1477873912
00000001C322,19.9255813953,1477873937
00000002A0EE,15.5076923077,1477873595
0000000126BE,20.6457831325,1477873825
000000029B12,12.8842105263,1477873778
00000001C201,19.7694915254,1477873757
000000029B16,14.1096774194,1477873806
000000029B17,16.0901408451,1477873839
000000015E66,21.5547169811,1477873772
00000002BEC0,16.8827586207,1477873213
