00000001E9DD,15.7621621622,1477914853
00000001672D,19.2263736264,1477914755
000000013906,14.7806167401,1477914304
00000001A583,21.6,1477914313
00000001397D,20.9898305085,1477914946
00000001D227,16.9663366337,1477914861
000000013985,18.3272727273,1477915016
000000013984,13.0311787072,1477915055
000000013987,16.4769230769,1477915032
00000001E9E3,22.2878980892,1477914831
000000013983,17.9422459893,1477915003
00000001398B,22.5473684211,1477915018
0000000138B3,13.7638554217,1477914714
00000001BB2F,18.3272727273,1477914369
000000013972,14.764556962,1477914926
00000001D22B,19.5069767442,1477914931
000000013975,21.9834319527,1477914896
00000001390F,18.4351648352,1477914350
00000001BB14,20.1103448276,1477914498
00000001390B,15.3,1477914337
00000001E9D1,16.6383419689,1477914976
00000001A5A2,18.0371134021,1477914636
000000013909,16.4470588235,1477914306
000000017F5A,17.2948453608,1477914885
00000001F859,21.8292993631,1477914430
00000001F853,19.0636363636,1477914909
000000013969,23.4739726027,1477914830
000000016739,22.2545454545,1477915075
000000015713,21.2869565217,1477914604
00000001395F,16.6099009901,1477914816
00000001395C,18.1333333333,1477914794
00000001BB88,23.3660377358,1477914979
000000019125,20.2792899408,1477915013
000000013950,20.6457831325,1477914733
00000001BB72,17.7523809524,1477914817
000000013993,19.7694915254,1477915056
00000001E9F2,21.1555555556,1477915018
00000002A4C8,15.0315789474,1477914321
000000013945,19.6965517241,1477914644
00000001393A,19.0636363636,1477914585
00000001393B,19.1463687151,1477914587
00000001393C,20.1103448276,1477914588
000000013949,19.6584269663,1477914693
00000002A4BE,10.6054054054,1477914658
00000001F86B,18.4258064516,1477914662
00000001D1E2,19.9949044586,1477914345
000000013982,16.6099009901,1477915007
00000001577D,17.85,1477915024
00000001577F,18.1333333333,1477915062
00000001577A,17.1183673469,1477915042
00000001BB59,21.8292993631,1477914611
000000013916,16.5565217391,1477914391
00000001394B,18.9559322034,1477914696
000000013931,17.2948453608,1477914551
00000001394F,21.3707006369,1477914724
000000013938,19.3325966851,1477914585
000000013939,19.2263736264,1477914589
00000002A4CC,17.3090909091,1477914427
00000001D212,19.4727272727,1477914783
00000002BD58,10.1396449704,1477914685
00000002C1ED,16.2873786408,1477914735
00000001D1F1,17.7523809524,1477914492
00000001D232,21.8292993631,1477914932
000000016F26,20.7111111111,1477914973
0000000139A1,20.9532934132,1477915115
000000013926,18.3272727273,1477914470
000000013921,20.2792899408,1477914422
000000013920,12.7090909091,1477914472
000000029EC9,16.5280788177,1477914468
000000013965,21.7341614907,1477914804
00000002BD5C,13.5462450593,1477914883
00000001E9CF,21.0257668712,1477914676
00000001392D,20.0910179641,1477914505
00000001392C,17.85,1477914512
00000001392B,18.8307692308,1477914500
000000013968,20.1103448276,1477914842
000000015744,21.1555555556,1477914651
000000013910,14.4607594937,1477914382
00000001D237,12.9544401544,1477914970
000000013919,18.6260869565,1477914402
00000001E9B0,16.0535885167,1477914507
000000029ED1,10.5777777778,1477914676
