00000002C1E3,14.8460176991,1477914100
000000013909,16.4470588235,1477914306
00000001672D,19.2263736264,1477914755
000000013906,14.7806167401,1477914304
000000013900,20.5221556886,1477914222
00000001D201,15.7935483871,1477914619
00000001F7D6,18.3272727273,1477914190
0000000156E4,19.3627118644,1477914134
00000001BB2F,18.3272727273,1477914369
00000002A7F0,10.5777777778,1477914290
00000001F84E,18.9559322034,1477914142
0000000156E8,16.2086956522,1477914143
00000001390F,18.4351648352,1477914350
00000001BB14,20.1103448276,1477914498
00000001390B,15.3,1477914337
00000001E9D3,16.5565217391,1477914735
00000001A5A2,18.0371134021,1477914636
00000002A4C8,15.0315789474,1477914321
00000001F859,21.8292993631,1477914430
000000015631,11.2736842105,1477914124
00000001E984,17.1183673469,1477914289
000000015713,21.2869565217,1477914604
000000013963,21.3517241379,1477914805
000000013962,20.3441860465,1477914805
000000013965,21.7341614907,1477914804
00000001395C,18.1333333333,1477914794
00000001394F,21.3707006369,1477914724
0000000190B0,15.3205479452,1477914065
0000000138DB,18.7793814433,1477914098
0000000138DD,17.7523809524,1477914103
000000013957,18.8307692308,1477914767
000000013950,20.6457831325,1477914733
0000000138CD,15.4378378378,1477914025
00000001392B,18.8307692308,1477914500
000000029EB5,16.1253456221,1477914054
00000001BADB,19.9255813953,1477914290
000000029EB8,11.3108910891,1477914204
0000000138E6,21.5547169811,1477914122
000000013945,19.6965517241,1477914644
00000001393A,19.0636363636,1477914585
00000001393B,19.1463687151,1477914587
00000001393C,20.1103448276,1477914588
000000013949,19.6584269663,1477914693
00000002A4BE,10.6054054054,1477914658
00000001D1C1,18.5370165746,1477914121
00000001D1C3,18.9348066298,1477914175
00000001F86B,18.4258064516,1477914662
00000001A568,21.1555555556,1477914155
0000000138FC,19.6965517241,1477914214
00000001D1E2,19.9949044586,1477914345
0000000138F9,22.2878980892,1477914187
00000001BB59,21.8292993631,1477914611
000000013916,16.5565217391,1477914391
00000001A583,21.6,1477914313
00000001394B,18.9559322034,1477914696
000000013931,17.2948453608,1477914551
000000013938,19.3325966851,1477914585
000000013939,19.2263736264,1477914589
00000002A4CC,17.3090909091,1477914427
000000029EBC,14.1037037037,1477914229
00000001D212,19.4727272727,1477914783
00000002BD58,10.1396449704,1477914685
00000002C1ED,16.2873786408,1477914735
0000000138ED,20.1103448276,1477914167
00000001D1F1,17.7523809524,1477914492
0000000138F3,21.787012987,1477914168
000000013926,18.3272727273,1477914470
000000013921,20.2792899408,1477914422
000000013920,12.7090909091,1477914472
000000029EC9,16.5280788177,1477914468
0000000156C8,19.5069767442,1477914104
00000001E9CF,21.0257668712,1477914676
00000001392D,20.0910179641,1477914505
00000001392C,17.85,1477914512
00000001E979,18.9348066298,1477914297
000000015744,21.1555555556,1477914651
000000016704,18.5370165746,1477914147
000000013910,14.4607594937,1477914382
000000013919,18.6260869565,1477914402
00000001BB30,21.8292993631,1477914245
00000001384F,17.9422459893,1477914220
00000001E9B0,16.0535885167,1477914507
000000029ED1,10.5777777778,1477914676
