00000001AB13,19.2539325843,1477870070
00000001244E,22.6966887417,1477869976
00000001244D,15.1135135135,1477870007
000000012480,20.1103448276,1477870307
000000012458,16.8603015075,1477870056
000000014134,19.2263736264,1477869847
00000001243A,21.1018867925,1477869843
00000001D87F,17.0314720812,1477870352
00000001D87A,20.2792899408,1477870250
0000000141EF,17.8363636364,1477870093
0000000196B0,19.2827586207,1477869801
0000000141EB,19.2263736264,1477870164
0000000141EA,19.9255813953,1477870112
00000002B9F2,15.3686098655,1477870231
00000001C0EE,21.4674846626,1477869874
000000012446,19.1505154639,1477869960
00000001AB31,16.1660377358,1477870103
00000001EF11,16.6099009901,1477869633
00000002B18A,11.2,1477869682
0000000196DA,15.4327868852,1477870267
00000001D850,22.0075471698,1477870119
00000002A622,16.4769230769,1477870146
00000002B9E4,19.7617021277,1477869701
000000012470,16.9663366337,1477870229
00000001C0F0,21.8292993631,1477869902
00000001247C,12.8061068702,1477870331
000000012448,18.5370165746,1477869968
000000019655,16.1660377358,1477870158
00000001242F,19.5069767442,1477869814
000000012461,20.6457831325,1477870087
000000012460,18.6260869565,1477870092
000000012469,16.3514018692,1477870161
00000001239F,21.1555555556,1477869715
000000029A93,14.7157894737,1477869823
00000001836E,17.85,1477869600
00000001248E,21.1555555556,1477870382
000000012417,21.1555555556,1477869620
00000001241A,20.0910179641,1477869635
00000001238F,20.1103448276,1477869667
0000000141B2,17.5753846154,1477869800
0000000141B3,22.2545454545,1477869859
000000012428,19.8818181818,1477869752
00000001421C,19.3627118644,1477870378
000000012482,20.8975609756,1477870306
00000001C122,17.643956044,1477870191
000000012485,18.7278688525,1477870326
00000001D821,23.8040816327,1477869982
000000014207,19.9255813953,1477870190
00000002A61E,10.71,1477869959
0000000141C6,18.5142857143,1477869921
00000002BE7E,18.229787234,1477869659
000000015D1A,12.1531914894,1477869972
00000001C110,18.1305699482,1477870136
00000001242B,14.9538461538,1477869813
00000001C10A,22.5181208054,1477870044
000000012438,21.5516778523,1477869832
000000012431,16.4470588235,1477869835
00000001AB0F,13.3016949153,1477869797
00000001C106,21.3365853659,1477869990
000000029A94,12.1674418605,1477869906
0000000123EC,20.6457831325,1477869767
0000000123EB,19.6584269663,1477869862
000000029A8B,17.2,1477869603
000000012424,21.8292993631,1477869718
0000000141CE,18.9348066298,1477869939
0000000183B5,17.7622641509,1477870329
000000014195,24.1352112676,1477870112
00000002BE71,13.0809160305,1477869755
