00000001C173,19.3942196532,1477870805
0000000124E6,21.3707006369,1477870936
0000000124F5,18.1333333333,1477871027
0000000124F1,19.3627118644,1477870994
00000001ABF4,18.3272727273,1477871536
00000001C189,19.1463687151,1477870907
000000012512,14.1569620253,1477871224
0000000142BF,20.7053254438,1477871231
00000001C1D7,19.6965517241,1477871573
00000001251C,19.3777777778,1477871230
0000000124FD,18.4258064516,1477871061
0000000124FA,18.0371134021,1477871047
00000001C17B,17.6659793814,1477871244
0000000142E5,21.1555555556,1477871376
00000001C1A6,18.6260869565,1477871471
00000002B595,15.3686098655,1477870831
00000001254C,22.0736842105,1477871555
00000002A632,16.0535885167,1477871406
0000000142A1,20.9532934132,1477871116
000000012478,22.2878980892,1477870982
00000001D8F7,17.4089552239,1477871302
00000001D8F2,19.6210526316,1477871275
0000000124F4,14.6410041841,1477871046
00000001ABA9,16.3980861244,1477870842
00000001427E,18.225,1477870840
000000012546,17.8468085106,1477871544
000000012545,18.8307692308,1477871535
000000014268,16.8603015075,1477870851
000000012541,18.5142857143,1477871485
000000029ABF,10.5128834356,1477871390
000000012522,20.9532934132,1477871278
00000001D8E6,16.2086956522,1477871224
0000000142AF,20.6457831325,1477871127
000000014294,19.8532544379,1477871021
00000001252A,20.2792899408,1477871337
00000001252B,18.225,1477871356
00000002BA0F,22.4,1477871571
0000000124ED,19.5069767442,1477870985
0000000124EF,18.6260869565,1477870995
00000002BE8F,23.4739726027,1477870852
000000012551,21.2869565217,1477871602
000000029ABE,12.3808118081,1477871334
00000001D8D4,17.0507462687,1477870986
00000001D8D7,20.0910179641,1477871330
00000001D8D1,16.8,1477870965
00000001ABA4,20.7709090909,1477870847
0000000142F9,18.3272727273,1477871531
0000000142FC,18.8307692308,1477871590
000000019772,16.9663366337,1477871578
000000029AB8,23.9664335664,1477871107
00000001428B,13.9317073171,1477871326
000000029AB3,11.8696485623,1477870968
000000029AB1,13.4068965517,1477870883
00000001ABBF,17.2221105528,1477871030
00000001ABBD,22.5473684211,1477871173
0000000124E9,19.6210526316,1477870953
000000012525,16.014953271,1477871327
00000002BA03,12.5194029851,1477870928
000000012521,17.3969543147,1477871291
00000001250B,20.3441860465,1477871139
000000012543,23.3142857143,1477871463
000000014304,21.0795180723,1477871574
0000000142CF,19.7694915254,1477871349
00000001C1B9,17.85,1477871323
0000000124D5,20.2792899408,1477870820
000000015D73,19.1463687151,1477870955
00000001975C,15.6055813953,1477871256
000000012539,18.7793814433,1477871421
000000012537,16.1253456221,1477871414
000000012536,21.5547169811,1477871382
00000001D8B9,22.6966887417,1477870932
000000012531,14.8363636364,1477871396
00000001253D,19.9255813953,1477871446
00000001253C,14.6461538462,1477871460
0000000124DD,14.9659388646,1477870924
00000001ABE6,16.4769230769,1477871368
000000012506,23.8,1477871073
00000001C19B,23.3142857143,1477871055
000000012508,19.7694915254,1477871123
00000001C19D,20.6457831325,1477871074
000000012500,20.8285714286,1477871058
000000012507,20.5221556886,1477871097
000000012505,18.7441340782,1477871090
