00000001D509,32.8941176471,1477925112
00000001D520,35.3454545455,1477925446
00000001D502,33.6,1477924981
000000013D27,45.3073170732,1477925081
000000013D24,40.2206896552,1477925031
000000013D21,46.3135135135,1477924965
000000013D05,32.8216216216,1477924855
000000013D46,38.3010309278,1477925491
000000013D47,22.6966887417,1477925544
000000013D42,11.5393939394,1477925537
000000013D3F,31.3570093458,1477925426
000000013D1C,32.2615384615,1477924924
000000013D48,23.6281690141,1477925553
000000013D49,49.6695652174,1477925537
000000029F89,16.8,1477925096
00000002BDEF,13.1056179775,1477924904
00000002A58E,13.2148148148,1477924956
000000013D13,12.5194029851,1477925442
000000013D12,37.252173913,1477924808
00000001ECE5,42.4708860759,1477925001
000000013D16,33.8909090909,1477924867
00000001A834,28.1949579832,1477925561
000000013D2B,32.0299065421,1477925384
000000013D2C,29.4050420168,1477925217
00000001ECDE,32.0299065421,1477924905
000000015AE9,38.0347826087,1477925469
00000001BDEF,38.2829268293,1477925521
00000001D4DE,28.0918032787,1477925320
000000015AE5,35.3319587629,1477925484
