00000001D25D,32.0299065421,1477916027
00000001F8FB,30.6,1477916192
00000001F7D6,38.5655172414,1477915870
00000001398E,30.6,1477915540
0000000139F9,37.5272727273,1477915738
0000000139F7,24.6561151079,1477915721
00000002A4F6,19.5069767442,1477915946
000000029EF4,12.0690647482,1477915803
000000029EF8,12.7880597015,1477916230
000000029EF9,17.3844559585,1477916247
0000000139E0,19.5069767442,1477915517
000000013A1B,29.5401869159,1477916173
000000013A1F,28.0918032787,1477916261
000000013A1D,32.8941176471,1477916189
0000000157F3,23.6571428571,1477916122
0000000157F0,26.9858267717,1477915695
0000000157E8,38.5078651685,1477915553
000000017FDB,31.4422018349,1477916132
0000000139EF,40.2206896552,1477915586
0000000139ED,31.2428571429,1477915588
0000000139EB,36.4595744681,1477915547
00000001D271,37.252173913,1477915543
0000000157D6,21.8292993631,1477915507
00000001A648,44.5090909091,1477916154
00000001D2A9,18.6260869565,1477916024
000000013A07,38.5078651685,1477915878
000000013A02,44.4292682927,1477915812
00000001BBA2,24.6561151079,1477915589
0000000157CE,18.7441340782,1477915583
000000013A08,11.4904109589,1477915983
000000015805,30.5018181818,1477915881
00000002B8DA,18.7278688525,1477915553
00000001678B,32.5894736842,1477915945
00000001D282,33.6,1477916152
00000001D2C2,28.2193548387,1477916303
00000002BD65,15.8334841629,1477915879
00000002BD63,18.7278688525,1477916207
000000015810,29.2923076923,1477916091
00000001D2B4,29.5448275862,1477916139
00000001A63D,37.252173913,1477915891
00000001D28F,26.9858267717,1477916237
0000000156BA,44.2285714286,1477915655
000000013994,28.6819672131,1477915620
