18.9559322034|5|23.449|84.452|000000013380|33
19.0173913043|2|19.017|0.000|00000001338E|33
19.4727272727|2|19.473|0.000|00000001339B|33
21.3707006369|2|21.371|0.000|00000001339D|33
19.1463687151|3|21.608|12.117|00000001339F|33
15.3|1|15.300|0.000|0000000133A1|33
22.6966887417|2|22.697|0.000|0000000133A7|33
17.3227722772|2|17.323|0.000|0000000133B0|33
19.9255813953|2|19.926|0.000|0000000133B1|33
18.225|2|26.254|64.471|0000000133B3|33
18.9559322034|2|18.956|0.000|0000000133B6|33
21.6|1|21.600|0.000|0000000133BD|33
20.0910179641|2|20.091|0.000|0000000133BE|33
18.8129032258|4|24.589|61.886|0000000133C2|33
17.3969543147|2|17.397|0.000|0000000133CF|33
18.3920792079|3|20.649|10.188|0000000133D1|33
19.9255813953|2|19.926|0.000|0000000133DA|33
15.1135135135|2|15.114|0.000|0000000133DB|33
20.0421052632|2|20.042|0.000|0000000133E1|33
20.5221556886|2|20.522|0.000|0000000133E5|33
16.9663366337|2|16.966|0.000|0000000133E8|33
21.8292993631|2|21.829|0.000|0000000133EB|33
17.3969543147|2|17.397|0.000|0000000133F2|33
20.5221556886|3|29.017|144.316|0000000150E7|33
15.1135135135|2|15.114|0.000|00000001517B|33
16.7425837321|4|20.034|14.512|000000015186|33
19.9255813953|3|19.558|0.270|00000001518B|33
11.9414634146|4|15.931|21.707|00000001518D|33
18.2347826087|3|15.647|13.394|0000000151A1|33
21.235443038|4|25.705|61.331|0000000151A4|33
20.5221556886|3|19.747|1.202|0000000151A5|33
17.4089552239|4|20.480|12.347|0000000151A8|33
15.4378378378|4|18.695|14.260|0000000151B0|33
15.5076923077|3|18.726|20.716|0000000151B4|33
15.7935483871|4|17.852|5.958|0000000151C1|33
19.1463687151|4|20.256|5.141|0000000151CC|33
20.6457831325|3|20.741|0.018|0000000151CF|33
20.3345454545|4|21.145|18.672|0000000151D1|33
22.0736842105|3|18.129|31.128|0000000151D9|33
21.6|2|19.827|3.142|0000000151F9|33
20.6457831325|9|28.709|141.868|000000016D8D|33
19.9255813953|9|25.880|85.887|000000018D02|33
20.8975609756|11|24.988|81.864|000000018D10|33
16.4470588235|5|19.003|4.900|00000001A11A|33
20.7111111111|3|17.235|24.164|00000001A133|33
21.9692307692|5|25.646|43.184|00000001A136|33
21.5547169811|6|25.917|49.189|00000001A155|33
21.6911392405|6|23.883|13.087|00000001A170|33
21.1555555556|2|21.156|0.000|00000001A1A5|33
20.5221556886|4|19.810|1.567|00000001B709|33
16.8827586207|4|20.758|15.995|00000001B73B|33
20.5221556886|4|20.025|2.475|00000001B740|33
19.5069767442|8|22.351|56.252|00000001CD05|33
15.7935483871|5|20.674|20.132|00000001CD1D|33
12.6|6|19.795|36.536|00000001CD38|33
17.9422459893|4|20.370|9.921|00000001CD5F|33
18.8307692308|8|27.621|110.780|00000001CD60|33
16.6368932039|3|16.985|0.243|00000001CD62|33
15.4617511521|7|24.259|114.022|00000001CD69|33
18.6260869565|5|20.993|4.310|00000001CD6F|33
20.5221556886|3|20.533|0.000|00000001CD76|33
19.7694915254|5|20.626|5.520|00000001CD7A|33
18.8307692308|3|18.869|0.003|00000001CD7E|33
15.1819004525|6|30.072|207.035|00000001CD81|33
21.8292993631|3|20.774|2.228|00000001CDC0|33
18.4351648352|3|19.547|2.472|00000001CDCB|33
14.6009302326|5|20.860|48.912|00000001E53D|33
23.6281690141|4|22.239|3.760|00000001E558|33
14.3444015444|4|21.502|82.215|00000001E570|33
24.6422535211|4|23.132|22.987|00000001E575|33
14.0384937238|9|25.397|94.279|00000001F583|33
18.8307692308|7|23.685|47.455|00000001F5BE|33
21.1555555556|9|24.278|110.459|00000001F5C4|33
18.5142857143|5|22.453|23.403|00000001F5EF|33
18.3272727273|5|28.159|138.611|00000001F5F6|33
10.3854545455|2|10.385|0.000|000000023837|33
17.7575129534|5|17.737|0.171|000000029D8A|33
11.2|2|11.200|0.000|000000029D95|33
18.7278688525|2|18.728|0.000|000000029DA0|33
17.1183673469|2|17.118|0.000|000000029DAA|33
11.3860465116|3|10.928|0.419|00000002BC64|33
13.2616600791|3|14.795|4.699|00000002BC6F|33
11.65|2|14.038|5.700|00000002BC71|33
17.8468085106|2|17.847|0.000|00000002BC7B|33
12.5538461538|4|17.302|23.218|00000002C104|33
