23.7957446809|2|23.796|0.000|00000001309C|33
30.6|1|30.600|0.000|0000000130B3|33
21.1555555556|3|27.655|84.491|0000000130B4|33
39.3931034483|2|39.393|0.000|0000000130BB|33
36.4595744681|3|39.150|14.475|0000000130BE|33
36.0742268041|2|36.074|0.000|0000000130BF|33
31.2201680672|5|26.682|59.826|0000000130C0|33
52.2268656716|5|39.567|219.363|0000000130C3|33
12.65|2|28.525|252.016|0000000130CC|33
32.9538461538|2|32.954|0.000|0000000130CE|33
35.3319587629|2|35.332|0.000|0000000130E9|33
34.7214953271|2|34.721|0.000|0000000130EF|33
37.252173913|2|37.252|0.000|0000000130F5|33
28.1949579832|5|29.205|0.764|000000014E3F|33
30.6|2|31.021|0.177|000000014E85|33
39.3931034483|3|30.381|162.440|000000014EAC|33
38.3010309278|4|31.930|157.688|0000000162EA|33
10.9495207668|7|28.664|185.105|000000019F76|33
23.0210526316|2|23.021|0.000|000000019F95|33
17.7523809524|3|25.096|107.844|00000001B4DC|33
19.6965517241|3|22.788|19.111|00000001CB13|33
40.2206896552|3|35.831|38.531|00000001CB17|33
31.3570093458|4|27.917|12.088|00000001CB18|33
38.5078651685|7|32.911|74.372|00000001CB29|33
27.5016393443|4|28.094|0.365|00000001CB30|33
28.0918032787|3|27.364|1.058|00000001CB3C|33
40.2206896552|4|37.500|14.859|00000001E2A4|33
26.5090909091|5|29.830|27.139|00000001E2B2|33
13.8193548387|3|13.055|1.168|000000029CCA|33
11.9820895522|2|11.982|0.000|000000029CFB|33
14.9538461538|2|14.954|0.000|000000029CFE|33
16.8827586207|3|17.906|2.095|00000002BBFE|33
