20.7709090909|5|22.588|5.396|00000001263B|33
18.3272727273|2|18.327|0.000|000000012696|33
21.8155688623|3|25.476|26.791|00000001269B|33
12.9818181818|7|20.686|50.093|0000000126B2|33
17.9422459893|2|17.942|0.000|0000000126B4|33
18.4351648352|2|18.435|0.000|0000000126B8|33
16.8827586207|5|23.687|61.028|0000000126BD|33
20.6457831325|3|30.564|196.736|0000000126BE|33
16.5565217391|5|20.507|15.551|0000000126C1|33
20.2120481928|2|20.212|0.000|0000000126C7|33
13.9219917012|3|17.669|28.079|0000000126C8|33
19.3627118644|2|19.363|0.000|0000000126CA|33
18.1333333333|3|19.547|3.995|0000000126CB|33
22.5473684211|2|22.547|0.000|0000000126D1|33
16.9663366337|3|17.203|0.112|0000000126D5|33
15.6493150685|3|16.122|0.448|0000000126D6|33
17.1529411765|2|17.153|0.000|0000000126DB|33
17.9422459893|3|18.005|0.008|0000000126DC|33
18.5142857143|2|18.514|0.000|0000000126DF|33
18.0371134021|5|28.911|90.679|0000000126E0|33
21.8292993631|3|21.227|0.724|0000000126E4|33
16.3514018692|4|22.709|80.480|0000000126F3|33
14.6515283843|3|16.462|6.554|0000000126F9|33
17.6659793814|3|18.219|0.611|0000000126FA|33
16.8|3|22.870|33.395|0000000126FF|33
14.0459016393|3|22.296|136.112|00000001270A|33
19.1505154639|2|19.151|0.000|00000001270D|33
19.2497409326|3|19.040|0.088|00000001270E|33
22.2878980892|3|21.449|1.407|000000012711|33
18.229787234|2|18.230|0.000|000000012712|33
21.8292993631|3|20.492|3.579|000000012717|33
19.3627118644|2|19.363|0.000|000000012718|33
23.3142857143|2|23.314|0.000|000000012720|33
22.9132075472|2|22.913|0.000|000000012725|33
23.3142857143|3|24.003|0.950|000000012728|33
22.5473684211|2|22.547|0.000|00000001272B|33
16.8827586207|2|16.883|0.000|000000012735|33
18.9348066298|4|21.562|31.480|000000014486|33
15.1480519481|3|16.047|1.617|000000014490|33
18.7441340782|3|17.964|1.218|0000000144B5|33
17.9422459893|4|25.940|209.779|0000000144D1|33
21.5547169811|3|21.843|0.166|0000000144E3|33
20.3441860465|5|20.954|6.578|000000015E6F|33
14.5333333333|3|20.276|65.949|000000015E7F|33
19.6210526316|2|19.621|0.000|000000015EAB|33
18.7441340782|8|27.575|144.803|000000016AB1|33
19.9255813953|7|23.514|50.999|0000000185A1|33
16.9663366337|4|18.420|14.998|0000000185A7|33
17.2061538462|4|17.879|5.098|0000000185B0|33
14.4607594937|6|17.492|17.851|0000000198BA|33
19.548603352|2|19.549|0.000|000000019901|33
15.7935483871|5|20.666|24.027|000000019908|33
20.8975609756|3|21.677|1.214|00000001990B|33
20.5221556886|7|20.164|48.835|00000001AD39|33
17.496|5|20.073|4.742|00000001AD80|33
18.7122994652|2|18.712|0.000|00000001AD9C|33
16.1660377358|6|20.242|21.053|00000001C2B7|33
16.2426540284|5|20.525|17.751|00000001C2F5|33
17.6659793814|7|22.597|31.207|00000001C30B|33
19.6965517241|7|25.176|54.044|00000001C310|33
12.6464944649|6|21.995|65.263|00000001C312|33
18.4351648352|3|18.803|0.270|00000001C315|33
19.5069767442|7|24.416|44.619|00000001C319|33
19.9255813953|7|25.513|93.576|00000001C322|33
20.9532934132|4|22.563|15.141|00000001C33C|33
18.0371134021|5|19.854|17.748|00000001C344|33
19.7694915254|3|19.442|0.214|00000001C348|33
15.4149779736|9|22.713|52.609|00000001DA30|33
20.8975609756|5|24.515|46.464|00000001DA75|33
20.7053254438|5|18.635|8.348|00000001DA9B|33
14.764556962|6|20.245|25.878|00000001DAA8|33
19.6965517241|5|23.496|27.003|00000001DAA9|33
19.7694915254|5|22.421|20.130|00000001DAB7|33
16.014953271|4|19.721|15.060|00000001DAB8|33
17.85|5|26.565|113.985|00000001F06F|33
18.1333333333|5|22.754|35.948|00000001F0B1|33
14.1096774194|3|14.566|0.416|000000029B16|33
16.0901408451|4|15.789|0.100|000000029B17|33
15.6914798206|2|15.691|0.000|000000029B1D|33
14.4|2|14.400|0.000|000000029B1F|33
19.8818181818|2|19.882|0.000|000000029B20|33
14.6461538462|2|14.646|0.000|00000002A0C6|33
11.9402135231|3|12.352|0.340|00000002A104|33
11.4566037736|3|14.564|19.312|00000002B5E2|33
10.9495207668|4|14.351|12.721|00000002BA32|33
13.8857142857|3|15.239|3.665|00000002BA34|33
14.220746888|3|12.957|3.192|00000002BECA|33
16.4769230769|4|15.331|2.704|00000002BED9|33
12.9818181818|5|14.467|1.755|00000002BEE3|33
10.3221238938|8|12.594|5.108|00000002C31A|33
20.4|7|19.475|14.676|00000002C33E|33
