20.1103448276|3|20.524|0.342|00000001238F|33
21.1555555556|9|22.587|16.141|00000001239F|33
19.6584269663|2|19.658|0.000|0000000123EB|33
20.6457831325|3|20.763|0.027|0000000123EC|33
21.1555555556|2|21.156|0.000|000000012417|33
20.0910179641|3|23.649|25.312|00000001241A|33
21.8292993631|4|23.344|2.316|000000012424|33
19.8818181818|2|19.882|0.000|000000012428|33
14.9538461538|4|16.736|3.855|00000001242B|33
19.5069767442|3|17.587|7.371|00000001242F|33
16.4470588235|6|24.717|101.263|000000012431|33
21.5516778523|2|21.552|0.000|000000012438|33
21.1018867925|2|21.102|0.000|00000001243A|33
19.1505154639|3|19.755|0.730|000000012446|33
18.5370165746|3|18.132|0.329|000000012448|33
15.1135135135|3|25.148|201.398|00000001244D|33
22.6966887417|4|24.984|26.523|00000001244E|33
16.8603015075|4|20.555|13.964|000000012458|33
18.6260869565|3|21.547|17.067|000000012460|33
20.6457831325|3|24.696|32.804|000000012461|33
16.3514018692|3|18.180|6.691|000000012469|33
16.9663366337|3|20.415|23.790|000000012470|33
12.8061068702|2|12.806|0.000|00000001247C|33
20.1103448276|2|20.110|0.000|000000012480|33
20.8975609756|2|20.898|0.000|000000012482|33
18.7278688525|2|18.728|0.000|000000012485|33
21.1555555556|2|21.156|0.000|00000001248E|33
19.2263736264|6|23.196|66.276|000000014134|33
24.1352112676|3|23.462|0.908|000000014195|33
17.5753846154|3|18.004|0.367|0000000141B2|33
22.2545454545|3|19.644|13.632|0000000141B3|33
18.5142857143|4|18.458|0.244|0000000141C6|33
18.9348066298|4|23.237|48.702|0000000141CE|33
19.9255813953|4|19.647|2.992|0000000141EA|33
19.2263736264|3|17.761|4.297|0000000141EB|33
17.8363636364|3|18.288|0.407|0000000141EF|33
19.9255813953|3|20.048|0.030|000000014207|33
19.3627118644|3|18.950|0.340|00000001421C|33
12.1531914894|7|23.084|171.323|000000015D1A|33
17.85|3|22.637|12.671|00000001836E|33
17.7622641509|3|18.394|0.799|0000000183B5|33
16.1660377358|4|17.040|0.787|000000019655|33
19.2827586207|5|20.177|6.317|0000000196B0|33
15.4327868852|2|15.433|0.000|0000000196DA|33
13.3016949153|2|13.302|0.000|00000001AB0F|33
19.2539325843|4|17.959|13.863|00000001AB13|33
16.1660377358|5|21.066|19.183|00000001AB31|33
21.4674846626|5|20.789|1.915|00000001C0EE|33
21.8292993631|4|21.730|3.058|00000001C0F0|33
21.3365853659|3|21.153|0.067|00000001C106|33
22.5181208054|3|21.054|4.286|00000001C10A|33
18.1305699482|3|17.113|2.070|00000001C110|33
17.643956044|3|18.321|0.917|00000001C122|33
23.8040816327|7|24.034|10.572|00000001D821|33
22.0075471698|6|22.727|50.156|00000001D850|33
20.2792899408|4|24.891|90.106|00000001D87A|33
17.0314720812|4|20.584|44.052|00000001D87F|33
16.6099009901|5|24.093|130.771|00000001EF11|33
17.2|5|15.678|6.581|000000029A8B|33
14.7157894737|3|16.802|8.706|000000029A93|33
12.1674418605|2|12.167|0.000|000000029A94|33
10.71|2|15.611|24.018|00000002A61E|33
16.4769230769|4|16.995|9.514|00000002A622|33
11.2|3|12.310|2.462|00000002B18A|33
19.7617021277|4|16.033|13.936|00000002B9E4|33
15.3686098655|2|15.369|0.000|00000002B9F2|33
13.0809160305|4|12.201|0.784|00000002BE71|33
18.229787234|4|15.922|5.397|00000002BE7E|33
