17.4857142857|3|19.650|9.370|000000013952|33
30.6|2|25.650|24.503|00000001398E|33
28.6819672131|5|25.060|53.726|000000013994|33
31.4422018349|3|30.481|1.847|000000013997|33
18.225|1|18.225|0.000|0000000139B4|33
21.1555555556|6|29.027|53.488|0000000139BE|33
13.1606557377|5|26.318|126.385|0000000139C2|33
17.7624365482|2|17.762|0.000|0000000139C3|33
36.4595744681|5|29.805|68.297|0000000139C6|33
28.1949579832|2|28.195|0.000|0000000139CD|33
32.9538461538|4|42.192|121.277|0000000139D6|33
28.6769230769|2|28.677|0.000|0000000139DA|33
19.5069767442|3|27.652|132.673|0000000139E0|33
40.9170731707|2|40.917|0.000|0000000139E2|33
36.4595744681|5|34.047|5.513|0000000139EB|33
31.2428571429|2|31.243|0.000|0000000139ED|33
40.2206896552|3|36.425|28.809|0000000139EF|33
24.6561151079|6|29.316|132.102|0000000139F7|33
37.5272727273|2|37.527|0.000|0000000139F9|33
44.4292682927|3|39.049|57.897|000000013A02|33
38.5078651685|3|38.848|0.231|000000013A07|33
38.7574468085|3|31.720|99.048|00000001576F|33
20.0910179641|5|24.676|34.091|0000000157B7|33
18.7441340782|4|23.538|131.182|0000000157CE|33
32.2615384615|7|28.302|86.221|0000000157D5|33
21.8292993631|3|20.810|2.078|0000000157D6|33
38.5078651685|3|35.287|20.748|0000000157E8|33
26.9858267717|4|30.279|30.803|0000000157F0|33
30.5018181818|4|30.546|1.460|000000015805|33
39.3168539326|6|27.787|87.064|000000016762|33
32.5894736842|5|29.826|13.328|00000001678B|33
29.3806451613|3|30.522|2.607|0000000191BF|33
21.45|5|29.161|42.864|00000001A605|33
37.252173913|2|37.252|0.000|00000001A63D|33
17.7624365482|4|18.168|0.210|00000001BB12|33
24.6561151079|2|24.656|0.000|00000001BBA2|33
33.6461538462|7|31.602|55.424|00000001BBBD|33
44.5090909091|16|27.588|113.897|00000001D089|33
42.4708860759|4|38.285|18.360|00000001D252|33
32.0299065421|5|27.496|36.867|00000001D25D|33
18.6260869565|3|18.976|0.244|00000001D260|33
24.6705882353|3|23.335|3.570|00000001D26C|33
36.45|2|26.943|90.374|00000001D270|33
37.252173913|5|26.378|96.876|00000001D271|33
39.3168539326|4|34.010|28.195|00000001D284|33
39.3931034483|6|30.090|105.992|00000001D28D|33
19.6965517241|6|23.231|73.286|00000001E9D9|33
32.3320754717|5|30.053|3.857|00000001EA3E|33
32.0299065421|4|31.751|62.173|00000001EA43|33
38.5655172414|19|26.390|110.221|00000001F7D6|33
15.9450643777|2|15.945|0.000|000000029E5D|33
15.076056338|3|14.378|0.974|000000029EAC|33
14.1037037037|3|14.182|0.012|000000029EE4|33
14.7025210084|4|13.653|3.177|000000029EE7|33
13.66875|2|13.669|0.000|000000029EE9|33
12.0690647482|2|12.069|0.000|000000029EF4|33
16.8827586207|5|14.493|8.876|00000002A4E1|33
19.5069767442|2|19.507|0.000|00000002A4F6|33
13.5462450593|2|13.546|0.000|00000002A808|33
15.0315789474|6|14.963|3.989|00000002B46D|33
18.7278688525|2|18.728|0.000|00000002B8DA|33
15.8334841629|2|15.833|0.000|00000002BD65|33
17.6727272727|3|18.305|0.800|00000002BD69|33
15.6785046729|3|16.217|0.580|00000002C1F5|33
