54.376119403|2|54.376|0.000|000000012ACE|33
23.6281690141|3|21.969|5.503|000000012ACF|33
26.9858267717|3|30.272|21.598|000000012AD1|33
12.1923344948|2|12.192|0.000|000000012AD2|33
43.2|1|43.200|0.000|000000012AD7|33
38.5078651685|4|36.891|29.863|000000012AD8|33
39.9428571429|4|34.978|28.815|000000012ADA|33
29.5448275862|5|22.885|85.214|000000012ADB|33
44.5090909091|5|30.007|156.470|000000012AE0|33
31.3570093458|3|30.541|1.332|000000012AE6|33
29.4050420168|3|33.620|35.538|000000012AE9|33
27.6387096774|5|26.234|62.835|000000012AEB|33
24.6561151079|2|24.656|0.000|000000012AEE|33
28.8|1|28.800|0.000|000000012AF5|33
46.6|2|34.196|153.849|000000012AFC|33
26.5674418605|2|26.567|0.000|000000012B08|33
26.4188976378|2|26.419|0.000|000000012B0A|33
39.3931034483|2|39.393|0.000|000000012B0B|33
50.0776119403|2|50.078|0.000|000000012B10|33
42.6731707317|2|42.673|0.000|000000012B14|33
34.3058823529|3|32.486|6.626|000000014891|33
42.6731707317|7|34.961|116.885|000000016099|33
30.6|3|25.738|33.867|000000019BF2|33
26.5674418605|5|28.527|51.369|00000001B061|33
25.2734693878|9|24.731|74.313|00000001B06D|33
22.5473684211|9|27.923|74.120|00000001C63B|33
32.0299065421|3|32.111|0.013|00000001C659|33
34.9043478261|4|33.453|3.220|00000001C666|33
32.8941176471|6|34.155|11.804|00000001C66E|33
25.9636363636|3|26.816|1.453|00000001C684|33
30.6|6|33.128|106.048|00000001DDBC|33
37.2255319149|7|32.071|91.046|00000001DDC7|33
27.2780487805|8|36.246|103.353|00000001DDD4|33
27.1880597015|7|30.452|80.156|00000001DE02|33
35.3319587629|7|34.080|130.429|00000001DE04|33
33.9326732673|2|33.933|0.000|00000001DE09|33
32.7028037383|2|32.703|0.000|00000001DE17|33
13.0809160305|2|13.081|0.000|000000029B39|33
14.4|2|17.357|8.745|000000029BD2|33
23.4739726027|4|18.947|23.950|000000029BD6|33
13.3049429658|3|14.019|1.021|000000029BDA|33
10.2918918919|9|15.415|12.348|00000002BF65|33
18.3344262295|4|15.803|11.466|00000002BF9A|33
14.1619834711|9|15.403|11.685|00000002C386|33
