35.3454545455|6|27.317|78.448|000000012FFB|33
32.8941176471|2|32.894|0.000|000000013000|33
48.2493506494|6|34.882|205.527|000000013002|33
34.5896907216|4|33.631|6.246|000000013006|33
33.6|2|32.652|0.899|00000001300E|33
39.3168539326|4|36.725|9.538|000000013016|33
38.0347826087|2|38.035|0.000|00000001301C|33
12.24|3|29.857|155.182|00000001301E|33
30.6|3|39.312|42.396|00000001302A|33
33.6255319149|3|35.843|9.835|00000001303A|33
37.2255319149|2|37.226|0.000|00000001303B|33
46.6|1|46.600|0.000|00000001303C|33
20.7111111111|8|33.854|88.488|000000014D72|33
40.3826086957|2|40.383|0.000|000000014D83|33
31.4422018349|6|28.538|109.039|000000014DA5|33
31.2428571429|4|30.855|11.883|000000014DBC|33
26.5674418605|4|32.224|48.255|000000014DCA|33
21.5547169811|3|27.203|63.803|000000014DE8|33
40.9170731707|3|36.363|41.480|000000019F0F|33
29.9571428571|2|29.957|0.000|00000001B425|33
31.3570093458|2|31.357|0.000|00000001B42A|33
37.2255319149|6|31.312|55.877|00000001CA79|33
34.6181818182|6|32.646|67.158|00000001CAA2|33
34.5896907216|6|31.248|60.979|00000001CAA3|33
38.9454545455|4|38.705|7.374|00000001CAAD|33
38.5655172414|7|35.076|62.961|00000001E21E|33
32.9538461538|4|35.650|7.421|00000001E223|33
32.0299065421|4|30.678|29.586|00000001E227|33
30.8756756757|5|34.744|14.571|00000001E22D|33
35.6936170213|11|30.385|99.989|00000001F410|33
12.2901098901|6|17.321|22.853|000000029C89|33
13.154887218|3|13.823|0.894|000000029CCF|33
19.6210526316|3|19.732|0.025|00000002BBD9|33
15.1480519481|3|14.396|1.132|00000002BBDC|33
