26.9858267717|4|29.328|11.081|000000012F1D|33
12.6|2|12.600|0.000|000000012F76|33
40.9170731707|4|39.446|16.431|000000012F79|33
40.2206896552|2|40.221|0.000|000000012F81|33
43.382278481|2|43.382|0.000|000000012F8C|33
36.0742268041|3|32.565|24.631|000000012F96|33
40.9170731707|3|31.493|177.631|000000012F9B|33
32.9538461538|2|32.954|0.000|000000012FA3|33
10.2|3|21.537|257.059|000000012FA7|33
34.5896907216|3|38.726|34.217|000000012FAE|33
40.8|2|40.800|0.000|000000012FB0|33
26.0093023256|2|26.009|0.000|000000012FBA|33
33.2198019802|3|33.082|0.038|000000014D52|33
28.0918032787|3|26.947|2.620|000000014D55|33
38.5655172414|5|37.171|2.891|000000014D5A|33
39.3931034483|7|36.502|50.123|00000001B3B3|33
28.8|3|31.093|2.685|00000001B3C3|33
46.6|4|41.720|30.793|00000001CA19|33
41.7951219512|3|39.115|14.368|00000001CA1E|33
21.0684563758|4|20.739|33.009|00000001CA34|33
45.3073170732|3|39.011|79.300|00000001CA39|33
36.9176470588|3|37.000|0.013|00000001CA4E|33
35.3319587629|7|35.352|104.935|00000001E19E|33
15.7935483871|5|24.370|53.413|00000001F3F7|33
26.5674418605|5|28.074|7.984|00000001F3FB|33
12.364664311|2|12.365|0.000|000000029CA6|33
13.3049429658|2|13.305|0.000|000000029CAE|33
14.7025210084|3|16.013|3.434|000000029CB3|33
13.7638554217|2|13.764|0.000|000000029CB9|33
10.5696969697|3|11.538|1.874|00000002A2C3|33
14.3409836066|4|15.046|5.939|00000002B71F|33
12.0690647482|6|16.727|15.096|00000002C062|33
