11.3242718447|8|27.891|174.047|00000001224B|33
36.4595744681|2|36.460|0.000|000000012257|33
40.2206896552|3|36.309|30.596|00000001225B|33
32.9538461538|5|32.247|3.202|00000001225E|33
21.787012987|4|25.507|30.809|00000001225F|33
32.0299065421|4|27.903|17.500|000000012260|33
26.8307692308|7|30.813|104.764|000000012263|33
36.4595744681|3|37.459|1.999|000000012265|33
23.1021582734|3|25.847|15.063|00000001226A|33
34.6181818182|4|35.209|9.806|000000012270|33
31.5243243243|4|34.397|24.474|000000012272|33
25.0160583942|5|31.236|39.002|000000012274|33
27.6387096774|4|36.023|72.032|000000012276|33
27.1255813953|2|27.126|0.000|00000001227C|33
31.4422018349|2|31.442|0.000|00000001228B|33
32.7028037383|3|36.538|29.422|000000014009|33
30.7816513761|3|30.136|0.834|00000001400B|33
42.6731707317|3|43.380|0.998|000000014011|33
44.5090909091|3|37.034|111.765|000000015C5F|33
26.5674418605|3|29.855|21.615|000000015C62|33
26.2125|10|30.988|120.587|000000018284|33
39.3931034483|3|38.697|0.970|0000000182A8|33
44.2936708861|3|34.351|197.695|00000001A9F3|33
27.1255813953|2|27.126|0.000|00000001A9FD|33
32.0299065421|4|28.589|26.891|00000001AA08|33
39.3931034483|5|39.407|23.670|00000001AA20|33
21.3707006369|4|28.215|46.891|00000001BFC0|33
26.1134328358|4|30.918|28.924|00000001BFCE|33
37.252173913|6|32.139|50.418|00000001BFCF|33
36.0742268041|4|29.204|115.287|00000001BFDB|33
41.6571428571|3|36.723|48.687|00000001BFEB|33
30.6947368421|7|27.685|53.133|00000001D702|33
25.0160583942|5|27.819|14.406|00000001D727|33
36.0742268041|6|40.899|24.576|00000001EE80|33
16.2652849741|3|16.806|0.585|000000029A23|33
14.0974789916|3|13.465|0.800|000000029A26|33
11.1795527157|5|11.329|0.079|00000002A5E6|33
