52.2268656716|5|39.567|219.363|0000000130C3|33
12.65|2|28.525|252.016|0000000130CC|33
32.9538461538|2|32.954|0.000|0000000130CE|33
35.3319587629|2|35.332|0.000|0000000130E9|33
34.7214953271|2|34.721|0.000|0000000130EF|33
37.252173913|2|37.252|0.000|0000000130F5|33
39.3931034483|3|30.381|162.440|000000014EAC|33
38.3010309278|7|33.015|199.235|0000000162EA|33
43.574025974|2|43.574|0.000|000000016305|33
23.0210526316|4|32.228|110.190|000000019F95|33
30.6|1|30.600|0.000|000000019F98|33
17.7523809524|3|25.096|107.844|00000001B4DC|33
31.3570093458|4|27.917|12.088|00000001CB18|33
38.5078651685|7|32.911|74.372|00000001CB29|33
27.5016393443|4|28.094|0.365|00000001CB30|33
28.6819672131|6|28.152|118.647|00000001CB33|33
28.0918032787|7|33.390|158.041|00000001CB3C|33
26.5090909091|8|33.142|107.492|00000001E2B2|33
13.8193548387|3|13.055|1.168|000000029CCA|33
11.9820895522|3|13.034|2.212|000000029CFB|33
14.9538461538|2|14.954|0.000|000000029CFE|33
14.0974789916|3|14.898|1.280|00000002A32C|33
16.8827586207|4|16.916|4.512|00000002BBFE|33
