18.8307692308|2|18.831|0.000|00000001347A|33
17.6659793814|4|19.129|2.210|000000013509|33
17.1529411765|3|22.089|48.735|00000001353F|33
19.3627118644|2|19.363|0.000|000000013546|33
19.1463687151|4|20.360|3.901|00000001354B|33
15.5333333333|3|17.309|6.309|00000001354C|33
20.5221556886|2|20.522|0.000|00000001354D|33
19.7694915254|4|23.072|31.519|000000013553|33
19.3627118644|2|19.363|0.000|000000013554|33
15.3|1|15.300|0.000|000000013556|33
16.9663366337|2|16.966|0.000|00000001355A|33
17.85|2|19.663|3.289|000000013560|33
20.5221556886|3|19.753|1.182|00000001356E|33
14.4|3|29.614|116.780|000000013576|33
16.5565217391|2|16.557|0.000|00000001357B|33
18.0371134021|3|18.506|0.440|000000013580|33
20.8975609756|2|20.898|0.000|000000013582|33
20.6457831325|3|24.761|33.865|000000013589|33
13.8753036437|2|13.875|0.000|00000001358C|33
20.2792899408|4|20.274|0.402|00000001358D|33
20.5221556886|3|21.937|4.004|00000001358E|33
19.9255813953|3|22.563|13.912|00000001358F|33
20.5221556886|2|20.522|0.000|000000013590|33
19.9255813953|2|19.926|0.000|000000013591|33
19.2827586207|3|18.585|0.974|000000013597|33
21.3517241379|2|21.352|0.000|000000013598|33
21.5076923077|3|20.556|1.812|00000001359C|33
15.8666666667|3|25.815|197.938|00000001359E|33
23.3142857143|3|27.110|28.819|00000001359F|33
19.6965517241|2|19.697|0.000|0000000135A3|33
20.7053254438|3|20.791|0.015|0000000135A4|33
21.1018867925|2|21.102|0.000|0000000135A7|33
18.3272727273|2|18.327|0.000|0000000135AB|33
18.4551724138|2|18.455|0.000|0000000135B4|33
19.8818181818|2|19.882|0.000|0000000135B6|33
19.5069767442|2|19.507|0.000|0000000135B7|33
16.1660377358|2|16.166|0.000|0000000135B8|33
20.2792899408|2|20.279|0.000|0000000135B9|33
23.3142857143|2|23.314|0.000|0000000135C4|33
21.6|6|19.240|2.134|000000015251|33
19.3627118644|3|19.948|0.685|000000015331|33
19.3627118644|8|19.610|2.596|000000015343|33
21.3707006369|3|19.940|4.096|000000015370|33
21.3707006369|6|20.947|19.567|000000015389|33
21.6911392405|3|20.678|2.053|000000015395|33
20.2265895954|3|20.479|0.127|00000001539D|33
18.4351648352|3|18.063|0.278|0000000153BE|33
18.2347826087|3|19.291|2.233|0000000153E3|33
18.1333333333|7|20.274|16.223|0000000164B7|33
18.5370165746|8|20.585|41.858|0000000164CC|33
19.3627118644|5|21.848|12.126|000000016523|33
18.4351648352|4|20.646|6.640|00000001652F|33
19.3627118644|8|25.619|33.147|000000018E80|33
20.4585365854|6|19.335|5.550|00000001A27B|33
21.8292993631|4|21.497|3.020|00000001A2CC|33
15.4378378378|6|17.925|18.349|00000001B847|33
17.7575129534|4|28.308|111.604|00000001B84C|33
17.2221105528|2|17.222|0.000|00000001B856|33
19.9255813953|8|25.504|126.667|00000001B860|33
18.8129032258|6|21.929|7.842|00000001B872|33
22.5473684211|5|25.254|40.923|00000001B874|33
22.4888888889|2|22.489|0.000|00000001B890|33
13.2324324324|4|16.298|9.401|00000001B894|33
17.0314720812|8|20.085|50.541|00000001CE1F|33
21.5547169811|4|21.373|0.117|00000001CEAE|33
20.7053254438|6|20.045|3.000|00000001CEB7|33
18.6260869565|3|18.342|0.161|00000001CEE6|33
16.1660377358|6|20.018|69.033|00000001CEF9|33
19.9255813953|5|19.895|0.612|00000001CF06|33
17.0507462687|4|17.483|9.651|00000001CF18|33
18.7122994652|3|19.345|0.801|00000001CF33|33
21.5547169811|3|21.570|0.000|00000001CF4C|33
21.8292993631|4|20.508|1.751|00000001E68D|33
18.6260869565|9|25.241|124.200|00000001E6A6|33
22.2878980892|4|21.499|0.653|00000001E6A9|33
19.9255813953|5|22.319|17.498|00000001E6C8|33
18.3272727273|4|18.334|2.451|00000001E6E7|33
18.9348066298|4|20.294|2.489|00000001E6EB|33
20.0421052632|4|20.985|3.220|00000001E6F7|33
20.0910179641|6|23.031|41.596|00000001F68E|33
14.1096774194|3|13.516|0.706|000000029E15|33
16.6368932039|5|15.723|9.149|00000002A411|33
14.220746888|4|17.509|11.157|00000002A797|33
11.3483443709|6|16.208|19.295|00000002B3C0|33
14.4607594937|6|13.896|1.404|00000002B810|33
14.8460176991|3|13.670|2.766|00000002B827|33
