22.5181208054|4|19.424|23.052|000000012305|33
20.6457831325|2|20.646|0.000|000000012341|33
32.9538461538|5|26.979|41.563|00000001234C|33
30.6947368421|4|31.061|84.283|00000001234F|33
16.9663366337|4|26.493|116.262|000000012351|33
19.3627118644|4|23.615|35.370|000000012357|33
16.1660377358|2|16.166|0.000|000000012360|33
19.3627118644|5|25.508|216.913|000000012362|33
19.1463687151|3|18.884|0.138|00000001236A|33
21.0257668712|2|21.026|0.000|00000001236B|33
10.3228915663|2|10.323|0.000|00000001236E|33
18.6260869565|4|24.212|44.419|000000012373|33
23.3142857143|2|23.314|0.000|00000001237A|33
17.5664921466|3|16.891|0.913|00000001237B|33
20.0910179641|2|20.091|0.000|00000001237D|33
16.3980861244|2|16.398|0.000|000000012388|33
21.0795180723|4|28.885|68.511|00000001238A|33
17.6659793814|3|17.276|0.305|00000001238C|33
19.3627118644|3|21.127|6.223|00000001238E|33
16.0535885167|2|16.054|0.000|000000012390|33
20.8975609756|3|20.638|0.134|000000012391|33
16.8657534247|3|17.820|1.822|00000001239C|33
18.7122994652|3|21.827|19.398|00000001239E|33
19.3325966851|3|22.574|21.015|00000001239F|33
18.3272727273|2|18.327|0.000|0000000123A1|33
16.2|3|18.392|9.612|0000000123A2|33
21.8155688623|2|21.816|0.000|0000000123A9|33
22.548502994|2|22.549|0.000|0000000123AD|33
21.7341614907|2|21.734|0.000|0000000123B0|33
20.5221556886|3|22.622|8.820|0000000123B4|33
16.5565217391|2|16.557|0.000|0000000123B6|33
23.0210526316|2|23.021|0.000|0000000123C0|33
18.1333333333|2|18.133|0.000|0000000123C3|33
18.0371134021|3|26.916|157.657|0000000140E5|33
33.7333333333|7|28.925|60.004|000000015CB8|33
19.7694915254|4|29.440|109.660|000000015CC0|33
19.0173913043|7|24.581|78.981|0000000169CC|33
17.3969543147|3|16.890|0.515|00000001963C|33
18.5370165746|2|18.537|0.000|00000001AABC|33
17.9434554974|4|20.928|18.480|00000001C07C|33
21.8292993631|5|24.662|57.982|00000001C082|33
20.8975609756|4|22.262|24.119|00000001C086|33
18.6260869565|4|18.122|0.384|00000001D7C2|33
19.5069767442|5|22.470|18.610|00000001D7D8|33
10.6036363636|2|10.604|0.000|0000000234F5|33
19.6965517241|2|19.697|0.000|000000029A62|33
18.3344262295|3|16.755|4.989|000000029A63|33
20.4|4|19.138|2.648|000000029A69|33
11.1272727273|2|11.127|0.000|000000029A6A|33
16.9043478261|3|17.312|0.332|000000029A6E|33
13.0311787072|2|13.031|0.000|000000029A74|33
18.1333333333|2|18.133|0.000|000000029A77|33
14.7025210084|3|14.170|0.568|00000002A04B|33
16.4281690141|4|14.321|5.940|00000002B9D4|33
16.4389380531|7|17.585|3.969|00000002BE60|33
12.5194029851|4|12.071|1.058|00000002BE63|33
