18.3272727273|2|18.327|0.000|000000013642|33
22.146835443|3|22.662|0.530|00000001367C|33
20.8975609756|3|20.239|0.868|00000001369B|33
20.7053254438|3|20.368|0.228|0000000136AF|33
19.8104046243|6|32.507|114.128|0000000136B3|33
19.3627118644|3|25.581|77.336|0000000136B4|33
21.5547169811|3|18.056|24.489|0000000136B9|33
17.6727272727|4|18.705|1.843|0000000136BD|33
16.1660377358|2|16.166|0.000|0000000136C0|33
12.3352941176|3|18.201|68.818|0000000136C2|33
18.7122994652|2|18.712|0.000|0000000136C9|33
19.3627118644|3|20.280|1.682|0000000136CE|33
20.9532934132|3|21.208|0.130|0000000136D3|33
20.3441860465|5|26.370|111.220|0000000136DA|33
21.1555555556|2|21.156|0.000|0000000136DB|33
17.2221105528|4|29.694|155.844|0000000136DC|33
21.1555555556|3|18.281|16.521|0000000136E0|33
18.8307692308|2|18.831|0.000|0000000136E9|33
18.9559322034|2|18.956|0.000|0000000136EF|33
17.5664921466|4|24.402|90.554|0000000136F1|33
23.3142857143|3|20.723|13.432|0000000136F2|33
20.0421052632|3|20.653|0.746|0000000136F5|33
24.6422535211|3|29.932|55.971|0000000136F7|33
21.5547169811|3|21.184|0.276|000000013703|33
18.6830769231|3|19.318|0.805|000000013705|33
15.0977973568|2|15.098|0.000|000000013706|33
15.3|2|15.668|0.135|00000001370B|33
19.1463687151|2|19.146|0.000|00000001370E|33
20.6457831325|3|21.797|2.652|000000013711|33
21.8292993631|3|20.535|3.352|000000013713|33
19.4727272727|2|19.473|0.000|000000013717|33
20.5221556886|3|23.409|16.667|000000013719|33
12.1531914894|2|12.153|0.000|00000001371B|33
22.2878980892|3|22.701|0.342|00000001371D|33
22.2878980892|2|22.288|0.000|00000001371E|33
17.3090909091|2|17.309|0.000|00000001371F|33
17.3969543147|2|17.397|0.000|000000013728|33
18.3344262295|2|18.334|0.000|00000001372B|33
19.1463687151|2|19.146|0.000|00000001372F|33
21.9692307692|2|21.969|0.000|000000013730|33
16.6099009901|2|16.610|0.000|000000013731|33
15.3|1|15.300|0.000|000000013734|33
17.85|1|17.850|0.000|000000013739|33
18.8307692308|2|18.831|0.000|00000001373C|33
16.986407767|2|16.986|0.000|000000013741|33
18.225|1|18.225|0.000|000000015471|33
19.6965517241|5|22.111|28.862|000000015482|33
18.1333333333|5|17.737|8.022|0000000154BF|33
18.4258064516|5|19.621|6.385|0000000154C6|33
21.5547169811|5|17.484|13.161|0000000154CF|33
19.1463687151|2|19.146|0.000|0000000154F4|33
17.3090909091|5|19.255|21.942|0000000154F6|33
18.3272727273|3|18.536|0.087|000000015543|33
17.7523809524|3|18.117|0.266|000000015547|33
24.4421052632|3|21.530|16.957|000000015550|33
18.8307692308|3|20.923|8.758|000000015558|33
18.6127659574|7|21.641|16.752|0000000165C4|33
19.1463687151|7|22.197|54.818|0000000165C5|33
19.5069767442|2|19.507|0.000|0000000165EC|33
19.1463687151|8|22.548|52.895|000000016E26|33
18.7122994652|7|22.016|57.593|000000018F77|33
18.2347826087|3|18.838|0.727|00000001A3BD|33
18.3272727273|6|22.601|69.303|00000001A41B|33
16.9663366337|2|16.966|0.000|00000001A429|33
18.3272727273|5|18.916|4.365|00000001A42D|33
16.986407767|2|16.986|0.000|00000001B931|33
13.6155642023|2|13.616|0.000|00000001B972|33
17.9422459893|4|18.229|2.847|00000001B975|33
19.9255813953|6|22.364|59.913|00000001B97A|33
19.3627118644|2|19.363|0.000|00000001B991|33
21.6|1|21.600|0.000|00000001B99C|33
22.2545454545|2|22.255|0.000|00000001B9C1|33
20.5221556886|8|22.522|37.939|00000001CFBF|33
15.3|4|18.244|3.164|00000001CFE3|33
13.9410358566|5|20.403|81.460|00000001CFE4|33
17.4857142857|5|23.966|89.148|00000001D021|33
18.7441340782|6|20.223|3.612|00000001D024|33
19.2827586207|4|19.003|1.650|00000001D025|33
15.0827586207|3|16.377|3.349|00000001D029|33
15.5076923077|2|15.508|0.000|00000001D02C|33
23.8040816327|4|21.858|4.277|00000001D02F|33
20.5221556886|5|20.003|6.922|00000001D035|33
16.6099009901|3|18.119|4.557|00000001D047|33
16.2086956522|3|16.909|0.982|00000001D06B|33
13.9135135135|4|16.638|8.082|00000001D06F|33
17.4089552239|3|17.359|0.005|00000001D08B|33
20.8975609756|3|20.421|0.455|00000001D092|33
19.1463687151|3|19.813|0.888|00000001D099|33
18.229787234|3|19.872|5.392|00000001D09A|33
17.7355932203|5|18.411|1.693|00000001E7D6|33
21.8292993631|5|24.679|58.685|00000001E821|33
20.3441860465|4|19.478|1.217|00000001E823|33
19.3627118644|6|19.783|12.116|00000001F74B|33
17.1183673469|5|23.271|54.859|00000001F74D|33
10.6105263158|4|11.734|1.306|000000029E2F|33
11.361038961|2|11.361|0.000|000000029E3D|33
12.15|2|12.585|0.189|000000029E56|33
10.2|2|10.200|0.000|000000029E5B|33
12.9818181818|3|12.873|0.024|000000029E5D|33
23.9664335664|3|22.372|5.088|000000029E63|33
21.0257668712|2|21.026|0.000|000000029E66|33
16.0901408451|2|16.090|0.000|000000029E6D|33
18.229787234|2|18.230|0.000|00000002A41D|33
15.5076923077|4|15.253|7.581|00000002A7C9|33
15.8666666667|2|15.867|0.000|00000002B03D|33
13.5462450593|10|15.605|11.623|00000002B83E|33
11.9|4|15.131|13.273|00000002BCF9|33
25.7684210526|3|22.558|20.615|00000002BD0E|33
21.4674846626|4|17.237|20.139|00000002C197|33
13.6390243902|4|13.986|2.203|00000002C199|33
