42.6731707317|5|45.036|18.184|000000013CE0|33
37.252173913|6|45.541|90.517|000000013CE3|33
37.252173913|6|40.619|49.935|000000013CE4|33
10.035|2|23.815|189.900|000000013CE8|33
30.7816513761|3|33.674|16.732|000000013CF7|33
43.382278481|2|43.382|0.000|000000013CF8|33
38.5078651685|3|32.238|78.616|000000013CFA|33
36.0827586207|2|36.083|0.000|000000013CFF|33
40.3826086957|2|40.383|0.000|000000013D07|33
33.45|1|33.450|0.000|000000013D0C|33
41.7951219512|2|41.795|0.000|000000013D0D|33
39.3931034483|4|41.141|20.328|000000015A9A|33
33.8909090909|4|38.367|23.253|000000015AA1|33
44.5090909091|3|43.083|4.066|000000015AA9|33
37.252173913|4|36.234|1.772|000000015AB7|33
30.7816513761|3|35.745|49.262|000000015AC1|33
32.8941176471|3|35.627|14.941|0000000168EA|33
40.9170731707|2|40.917|0.000|00000001BDBD|33
41.7405405405|3|44.860|19.467|00000001D4E3|33
31.3570093458|2|31.357|0.000|00000001ECAA|33
32.5894736842|4|35.050|8.509|00000001ECBD|33
25.0388059701|6|38.557|95.583|00000001ECC1|33
15.076056338|4|16.484|2.009|00000002A589|33
