23.3027027027|4|24.879|120.553|00000000998D|16
21.3011857708|11|29.476|135.651|00000000C57E|16
23.2931506849|6|32.557|49.906|00000000E05B|16
19.5954545455|5|26.693|122.082|00000000FA99|16
17.7742160279|6|28.388|122.204|00000000FB84|16
21.9879310345|11|24.574|59.906|0000000117BD|16
22.2694214876|3|23.822|4.819|00000001183D|16
23.6219178082|6|21.620|41.820|000000011860|16
21.8935622318|9|20.630|54.252|000000013445|16
20.906557377|5|23.432|20.982|000000013485|16
23.0823529412|15|24.692|43.082|00000001522D|16
24.4076555024|6|23.156|33.677|000000015362|16
22.472246696|14|32.622|189.798|000000018E3D|16
24.1738317757|8|26.220|28.154|000000018E80|16
24.6434782609|14|22.083|61.946|00000001B837|16
23.3027027027|9|25.698|109.930|00000001B860|16
23.5078341014|7|23.028|55.379|00000001B874|16
21.8|6|20.686|66.118|00000001CEF9|16
15.9151898734|13|25.294|96.433|00000001E5CB|16
23.5336244541|6|23.123|13.472|00000001E6C8|16
12.6361809045|4|12.701|0.424|0000000297A7|16
13.0465473146|3|13.947|1.623|0000000297F4|16
20.906557377|5|17.190|9.815|000000029DDF|16
13.4596306069|4|13.271|1.591|00000002B827|16
