20.1975903614|5|22.980|21.249|000000008800|16
19.9571428571|8|24.767|83.722|000000008846|16
23.6219178082|5|22.305|32.456|00000000884C|16
10.6054054054|7|24.983|167.173|00000000B016|16
22.1550660793|9|28.618|67.394|00000000B01B|16
22.1550660793|3|26.401|36.053|00000000EB80|16
21.6775862069|10|25.288|71.636|00000000EB9D|16
21.2035242291|5|33.550|108.884|00000000EBB5|16
21.3439330544|3|24.997|26.693|00000000EBBE|16
10.2846625767|5|19.903|78.742|0000000107C4|16
22.2759825328|4|25.347|15.574|0000000107FC|16
21.5240506329|8|26.875|107.910|000000010804|16
25.0058823529|6|25.863|94.976|000000010818|16
20.906557377|5|25.018|46.596|000000010848|16
10.574025974|7|21.477|117.003|000000012506|16
22.1550660793|4|20.917|16.777|000000012512|16
22.5716814159|5|26.896|103.802|00000001256F|16
21.079338843|6|27.840|62.423|00000001AC2A|16
22.6540540541|7|23.933|71.472|00000001C178|16
24.0589285714|6|24.127|126.725|00000001C1EF|16
17.7742160279|7|19.262|7.531|00000001D8F2|16
