00000002AEF9,14.8706713781,1477890987
000000001D94,35.0210526316,1477891107
000000012E03,27.1014084507,1477891088
000000002687,26.1795918367,1477891397
00000000D94B,27.6084507042,1477891019
0000000285A5,12.4373831776,1477891032
00000000D936,28.1605263158,1477890816
00000000500D,29.2567164179,1477891355
00000000BF35,32.1344262295,1477890988
000000001D93,28.2043165468,1477891162
000000028AE4,11.2655172414,1477891118
000000003685,28.6160583942,1477890684
000000011020,25.7921052632,1477890673
00000000D937,33.5076923077,1477890949
00000000D920,24.5121019108,1477890885
