00000000D3B7,23.4754491018,1477876164
000000027ABC,11.1925531915,1477876512
000000019A18,22.5559322034,1477876441
00000000EE3B,32.7245901639,1477876640
00000000EE3E,34.1230769231,1477876441
00000001754F,23.9048780488,1477876436
00000001AE86,24.2,1477876687
00000000D384,24.2,1477875917
0000000023AB,28.1154929577,1477876097
00000000497A,24.7102040816,1477876323
00000000D3EA,18.066359447,1477876610
000000017513,20.5793814433,1477875964
0000000069B3,27.6868421053,1477875911
00000000B0E2,25.7921052632,1477876167
0000000108BB,27.6084507042,1477876171
000000004967,28.0905109489,1477876571
0000000049B3,31.4362204724,1477876711
0000000266E1,10.0066115702,1477876479
00000001AE07,24.6566037736,1477876121
00000000D37A,27.6084507042,1477876125
00000001AE7B,30.7182481752,1477876546
0000000023ED,18.9391304348,1477876432
00000000D3E0,24.7102040816,1477876527
