00000000E142,25.3184210526,1477911021
000000002B10,21.3497326203,1477910676
00000000B2E8,35.9663551402,1477910800
000000026848,10.8489130435,1477910406
000000002B21,35.0210526316,1477910857
000000002B1B,21.5406593407,1477911097
00000000FC75,27.8042553191,1477910731
000000003B69,26.725,1477910480
00000000E13F,21.1450549451,1477910919
00000000E13E,24.2,1477911196
0000000118F0,28.0905109489,1477911135
00000000C6E9,24.2,1477911134
000000013577,26.5138686131,1477910874
00000000E039,26.6693877551,1477910517
000000002B41,24.9707006369,1477911051
00000000C6D6,27.6084507042,1477910728
000000003AF2,24.2,1477911203
00000000B2E3,22.9263157895,1477910757
00000000C6F1,37.6961538462,1477910998
00000000FC4C,27.2131578947,1477910824
000000013542,23.1976331361,1477910447
000000002B35,33.9049180328,1477910961
00000000C6A1,21.697826087,1477910696
000000001E96,23.9048780488,1477910757
000000017D64,29.1416058394,1477910711
000000002B0D,22.5310344828,1477910669
000000013609,27.1591836735,1477910915
00000000E0FD,29.7,1477910440
0000000059F5,26.6693877551,1477910730
000000016E0E,27.1591836735,1477910539
000000001E9F,17.1803571429,1477911162
