000000011BC1,24.7102040816,1477915304
000000003D8C,19.2176470588,1477915088
00000000E3C1,21.9362637363,1477915362
000000002CAB,29.7940298507,1477914923
000000011BD3,25.4571428571,1477915283
000000003D80,26.725,1477915233
000000017F5C,16.8982758621,1477915176
00000000FF9C,27.1591836735,1477915330
00000000C937,23.4658536585,1477914974
000000001F08,23.0443113772,1477914995
00000002C18E,11.4967741935,1477915345
000000026C0C,11.4967741935,1477915168
000000028D15,10.3440633245,1477915241
000000017F95,28.0905109489,1477915474
000000002CF9,31.4362204724,1477915574
000000011B47,26.0873239437,1477915093
000000005D1A,24.2,1477915359
000000002CAE,29.7,1477914994
000000003D32,16.1351351351,1477915179
000000002CFC,19.7005025126,1477915600
00000000C96B,20.0623115578,1477915627
000000002CD1,21.1450549451,1477915029
000000002CD2,19.9005076142,1477915324
0000000010AE,28.0905109489,1477915051
000000002CCE,23.9048780488,1477914982
000000017F85,27.225,1477915382
