00000000237F,25.3184210526,1477875183
00000000237C,32.1344262295,1477875030
000000000B0C,26.6693877551,1477875646
0000000261F6,10.6521994135,1477875489
0000000198B4,23.7555555556,1477875107
00000000B9F5,21.5406593407,1477875399
0000000023B4,32.1344262295,1477875696
0000000269E8,11.9145510836,1477875041
00000001AE0B,32.7245901639,1477875795
0000000032EF,20.5793814433,1477875486
00000001860B,28.6015748031,1477875538
000000001CC6,20.04375,1477875580
0000000126B3,30.3906976744,1477875379
00000000D35A,27.6863309353,1477875673
00000000480B,22.1491525424,1477875061
000000018626,29.7,1477875465
000000015EC6,27.1014084507,1477875818
0000000266C9,11.598816568,1477875354
000000016B1C,22.7930232558,1477875275
000000017497,37.7294117647,1477875817
000000017492,18.071641791,1477875061
000000002391,28.7223021583,1477875294
