000000002176,23.4754491018,1477869395
00000000217A,26.5138686131,1477869423
00000000B6F5,25.7921052632,1477869499
00000000440E,27.6084507042,1477869730
00000000440F,31.6161290323,1477869328
000000002192,27.1591836735,1477869684
000000001BEA,30.1927007299,1477869046
00000000B6AD,10.1540897098,1477869443
000000002183,34.6205607477,1477869745
00000000219C,23.0443113772,1477869781
000000026666,10.210741688,1477869480
0000000030BA,25.7921052632,1477869154
0000000009D6,31.6161290323,1477869163
0000000043B6,25.9629139073,1477869196
000000001BF0,24.9707006369,1477869393
00000001AAB4,23.2508287293,1477869599
00000000B6D7,32.1344262295,1477869388
0000000169EF,32.3394957983,1477869585
00000000215D,23.0443113772,1477869214
00000000AFBF,22.7930232558,1477869322
