17.6594594595|4|26.446|89.081|000000000F2D|6
29.7|4|36.281|187.610|000000001E7A|6
23.9048780488|5|38.830|63.497|000000001E96|6
28.244295302|4|34.109|60.232|000000002AE7|6
22.5310344828|3|31.778|46.372|000000002B0D|6
21.3497326203|3|31.390|50.402|000000002B10|6
35.0210526316|3|38.911|245.479|000000002B21|6
26.725|4|35.515|55.672|000000003B69|6
30.8692913386|8|35.158|167.655|0000000059B0|6
20.0020408163|7|27.843|98.447|0000000059C2|6
26.6693877551|8|36.042|39.246|0000000059F5|6
26.6693877551|10|33.965|73.018|000000007A50|6
30.2454545455|3|37.364|101.337|00000000B2D1|6
22.9263157895|6|30.909|63.088|00000000B2E3|6
35.9663551402|6|42.810|96.259|00000000B2E8|6
29.7|3|38.544|82.722|00000000C693|6
21.697826087|4|30.927|91.572|00000000C6A1|6
27.6084507042|4|44.257|104.247|00000000C6D6|6
26.6693877551|8|34.270|169.943|00000000E039|6
35.6464285714|9|40.810|130.933|00000000E0AB|6
29.7|7|32.712|146.013|00000000E0FD|6
27.2131578947|6|31.869|85.359|00000000FC4C|6
27.8042553191|3|32.365|125.678|00000000FC75|6
23.1976331361|9|30.764|140.940|000000013542|6
26.5138686131|8|28.528|149.175|000000013577|6
27.1591836735|7|28.151|82.663|000000013609|6
27.1591836735|11|31.388|79.128|000000016E0E|6
32.1344262295|7|35.757|104.162|000000017D43|6
29.1416058394|9|32.943|95.198|000000017D64|6
11.1059490085|4|13.562|10.754|000000026847|6
10.8489130435|3|13.402|13.038|000000026848|6
