32.7245901639|2|44.277|133.459|000000000BFB|6
32.7245901639|3|40.426|118.630|000000001D1F|6
17.5017857143|4|24.748|54.337|00000000249B|6
25.7921052632|4|31.124|59.486|0000000024AB|6
25.7921052632|4|32.414|57.900|0000000024B6|6
23.9048780488|4|31.557|60.331|0000000024BB|6
32.1344262295|3|42.119|93.888|0000000024C0|6
22.9448275862|3|36.364|100.326|0000000024C8|6
25.4571428571|5|33.807|76.242|0000000034A8|6
29.7|4|35.791|83.189|0000000034B7|6
26.2657894737|5|38.426|42.019|000000004BE9|6
28.6160583942|11|33.372|147.903|000000006C7D|6
19.9005076142|5|27.055|66.353|000000006CB0|6
25.7921052632|9|33.129|79.799|000000006CCA|6
27.6084507042|3|39.592|74.149|000000006CF0|6
22.7930232558|11|33.360|61.723|00000000BC02|6
18.398156682|9|32.691|163.497|00000000D555|6
28.0905109489|9|33.269|105.804|00000000D56A|6
30.3639344262|8|36.649|87.199|00000000D5A0|6
26.311409396|4|33.737|64.194|00000000D5E5|6
23.7555555556|6|37.205|160.513|00000000F027|6
26.7946308725|5|29.245|76.503|00000000F02E|6
29.7|8|32.142|161.953|000000010C9A|6
29.8468085106|9|31.578|70.138|0000000187A0|6
35.6464285714|6|39.065|95.076|000000019BA4|6
24.6444444444|19|27.724|123.115|00000001C488|6
12.7961538462|3|16.558|14.745|000000026711|6
16.124137931|8|18.270|23.111|0000000289A9|6
