29.7940298507|5|34.850|83.175|000000001C4B|6
36.6392523364|2|49.811|173.501|000000001C66|6
27.225|8|38.104|192.044|000000002273|6
22.7930232558|5|32.387|62.012|00000000228B|6
30.2454545455|4|36.399|78.794|0000000022A4|6
23.8973684211|3|28.175|107.219|0000000022AA|6
31.4362204724|4|41.413|63.808|0000000031D0|6
20.9647058824|4|32.984|67.980|0000000031D9|6
26.6693877551|6|37.114|145.373|000000003236|6
24.343902439|3|30.359|62.542|000000004591|6
32.7245901639|4|40.549|89.018|0000000045E1|6
26.7946308725|7|30.703|140.569|00000000679C|6
25.5333333333|10|32.677|101.050|00000000A42B|6
24.2|7|30.267|59.576|00000000D137|6
34.3894736842|7|36.896|143.541|00000000D150|6
24.1862068966|5|31.541|140.956|00000000D162|6
29.7|5|38.099|73.684|00000000D164|6
19.5044776119|4|31.433|57.207|00000000D1A2|6
19.8371134021|8|31.492|110.467|00000000EBF3|6
25.7921052632|9|30.323|72.973|0000000142DE|6
28.2043165468|8|35.420|39.247|000000017352|6
27.6084507042|6|35.340|93.410|0000000184AE|6
20.41875|7|39.479|223.336|0000000184CF|6
19.4079207921|7|29.042|155.898|000000019775|6
28.1154929577|7|30.940|69.215|0000000197AD|6
13.155704698|4|17.134|16.955|000000026697|6
10.2360313316|7|17.417|25.546|0000000269B5|6
10.6180851064|4|13.136|9.368|000000028935|6
10.8489130435|5|16.306|8.295|00000002893F|6
11.0586206897|5|13.078|9.583|000000028E8E|6
