28.6285714286|5|35.590|69.033|0000000029FE|6
23.4754491018|5|31.274|47.995|000000002A25|6
24.9707006369|4|35.169|106.997|000000002A28|6
31.035483871|6|33.853|170.110|000000003A66|6
23.0443113772|6|32.116|62.670|000000003A74|6
28.6160583942|4|36.052|71.391|000000003A89|6
26.6693877551|6|32.607|49.230|00000000582C|6
28.7194029851|8|31.612|171.481|00000000789B|6
26.6693877551|8|34.446|77.279|00000000B291|6
32.5700787402|4|40.660|99.620|00000000C54E|6
22.9448275862|10|28.832|110.968|00000000DEFB|6
22.5310344828|10|33.184|124.720|00000000DF23|6
28.6160583942|5|37.067|60.714|00000000DF38|6
25.9246753247|10|36.587|129.690|000000016DD6|6
26.2657894737|14|35.255|100.925|000000018DA5|6
22.4222222222|6|32.142|52.998|000000018E06|6
11.7329268293|5|13.060|13.386|0000000282EE|6
11.2198250729|7|13.845|6.442|00000002B7EC|6
