000000015EEB,21.6,1477875744
00000001F135,19.4912133891,1477876221
0000000145FD,18.7967213115,1477876084
0000000145FC,19.6556962025,1477876079
00000001C342,20.2153846154,1477876221
00000001460F,19.2495867769,1477876182
00000001460A,19.9076923077,1477876139
0000000145ED,21.9735849057,1477875970
0000000145F2,18.8599190283,1477876005
0000000145F0,16.231358885,1477876023
000000019931,10.4,1477875821
00000001F12D,22.5931034483,1477875986
00000001DBC6,19.9594936709,1477876231
00000001DBC7,19.7689655172,1477876149
000000015F11,19.0918032787,1477875648
00000001DBC2,22.2889952153,1477876092
0000000145B2,18.4192771084,1477875635
0000000145B1,19.2495867769,1477875627
00000001C41F,19.189958159,1477875915
000000014629,18.3401574803,1477876364
000000014624,20.7964285714,1477876321
00000001C38A,20.4779220779,1477875606
00000002A140,10.7584295612,1477875609
000000015F2C,17.4471910112,1477875708
00000001DB5D,21.9735849057,1477876094
00000001C39A,17.1264705882,1477875688
00000001DBE6,19.2292682927,1477876323
00000001C416,18.7967213115,1477875865
00000002BF1E,14.8830670927,1477876046
0000000145BC,20.7964285714,1477875690
0000000145BF,10.2834437086,1477875807
0000000145BE,10.592147806,1477875795
000000014568,19.0918032787,1477876176
00000001C3D3,12.5225806452,1477875878
000000015F46,15.5605263158,1477876247
000000015F41,18.4636363636,1477875916
00000001DBD1,23.1882352941,1477876271
00000001C44A,21.467281106,1477876199
000000014615,15.9272727273,1477876225
00000001AE47,17.1264705882,1477875931
00000001DB7A,21.2125560538,1477876095
0000000145B6,19.7389830508,1477875660
0000000145B4,21.467281106,1477875881
00000002BF16,12.6586956522,1477876009
00000001DB91,17.5127819549,1477875904
00000001461D,21.3081081081,1477876248
0000000145DA,10.7833333333,1477875978
00000002A11A,15.3584415584,1477875855
0000000145C7,13.2172910663,1477875815
0000000199E6,19.0918032787,1477876320
00000002A689,11.1178997613,1477876252
00000001DB87,16.9548387097,1477875758
0000000145CD,17.0054474708,1477875792
00000002B5EB,13.772972973,1477876134
0000000145CF,10.8587412587,1477875888
0000000145CC,20.656768559,1477875770
00000002A10C,12.9559322034,1477875918
0000000145D1,18.4857142857,1477875988
0000000145D3,17.7801526718,1477875828
0000000145D8,18.5593625498,1477875870
0000000145D9,21.135483871,1477875860
00000001DBA6,24.9112299465,1477875922
