00000001F42E,36.4729927007,1477897466
000000014E08,40.95,1477897537
000000014E05,32.2985915493,1477897541
000000014E00,39.8153846154,1477897462
000000014E01,32.85,1477897498
000000014E03,25.1257731959,1477897539
000000014DF6,26.1348066298,1477897382
000000014DF8,12.7754874652,1477897507
000000014E1A,48.7914893617,1477897671
00000002A2F4,17.175,1477897414
000000014E0C,27.0837209302,1477897609
000000016291,40.8631578947,1477897241
00000001E21E,36.6803149606,1477897023
000000014DCB,32.8056338028,1477897046
000000014E15,35.2909090909,1477897661
000000014DD1,13.3250704225,1477897050
00000001B3EA,40.95,1477896907
00000001629E,38.3811023622,1477897555
00000001E24D,31.6897959184,1477897712
000000016299,29.7509433962,1477897470
00000001CABF,42.8635514019,1477897650
00000002ABA4,17.0498141264,1477897031
00000001F430,38.1836065574,1477897527
00000001E22A,26.7254237288,1477897327
00000001CAB1,17.2421052632,1477897561
00000002BBC6,12.9926345609,1477897035
000000014DE8,38.4991735537,1477897180
000000014E16,43.3981651376,1477897654
000000014DE5,31.2,1477897149
000000014E13,24.6476190476,1477897677
000000014E12,37.5677419355,1477897639
000000014DE0,21.9444976077,1477897352
000000014DE1,38.7737704918,1477897120
00000002A2FE,17.1896678967,1477896944
000000014DA3,27.1111111111,1477897505
000000014E10,28.0626506024,1477897634
000000014DFC,32.8056338028,1477897438
000000014DFB,34.7454545455,1477897429
00000001CAA0,16.7744680851,1477897298
000000014DF1,22.2889952153,1477897353
00000002B742,11.3711538462,1477897525
00000002BBD3,15.175,1477897257
00000001628F,30.6473684211,1477897315
000000014DDC,21.9735849057,1477897136
00000002A301,15.925,1477897077
000000014DDF,44.7923076923,1477897093
