0000000143CA,15.1224913495,1477872575
00000001AC50,17.7801526718,1477872424
00000002BEB7,10.3736842105,1477872176
00000001D9D9,18.9520661157,1477872673
0000000143B4,16.8173285199,1477872393
0000000143B0,19.547107438,1477872358
00000001D98F,16.0082474227,1477872293
00000001D9D3,21.2712328767,1477872717
000000015E1C,18.4062256809,1477872564
0000000143BD,14.4681388013,1477872509
00000001D981,15.4251655629,1477872180
00000001D9DB,20.9424657534,1477872694
00000001D97D,11.616957606,1477872163
00000001C240,20.5215859031,1477872552
000000015E01,18.0566929134,1477872271
000000015E00,20.7964285714,1477872547
0000000143C5,18.6769230769,1477872511
00000001439A,22.2889952153,1477872176
00000001D9E1,20.9837837838,1477872751
0000000143AE,21.9444976077,1477872319
000000018403,21.7682242991,1477872029
00000001D998,24.1306930693,1477872339
0000000143AC,18.0558139535,1477872313
00000001D9A2,20.0793103448,1477872474
00000002A0BF,11.7340050378,1477872194
00000001C220,20.2721311475,1477872433
000000019815,20.9837837838,1477872745
00000001437C,18.8599190283,1477872033
000000015E24,20.5215859031,1477872661
0000000143A9,18.2640926641,1477872306
00000002A0CF,14.6452012384,1477872523
00000001C233,18.3401574803,1477872542
00000001ABB5,18.8599190283,1477872239
000000023B48,10.352,1477872024
0000000143DE,16.5779359431,1477872704
000000015DF8,18.1260700389,1477872255
000000015E13,22.4823529412,1477872440
00000002A0D1,11.0127659574,1477872631
000000015DFC,19.9076923077,1477872484
00000002A64F,19.0741935484,1477872399
00000001D940,20.2044052863,1477872136
00000002A0C9,11.8854271357,1477872396
00000001D9D2,17.1264705882,1477872682
00000002A0C0,15.8738255034,1477872175
00000002A0C5,14.7417721519,1477872256
0000000143C0,15.1739413681,1477872534
00000001F010,20.3896551724,1477872176
0000000143EA,20.9837837838,1477872746
00000001438C,19.2705882353,1477872122
00000001D957,20.3423580786,1477872013
0000000143D7,19.6556962025,1477872646
000000015DEE,15.2278745645,1477872363
0000000143D0,22.852173913,1477872593
000000014373,15.6635761589,1477872036
00000001AC67,17.6454545455,1477872647
000000014387,21.2712328767,1477872086
00000001D9BB,17.4471910112,1477872549
0000000143E1,19.3294605809,1477872692
0000000143E5,20.5215859031,1477872730
0000000143E4,19.2292682927,1477872705
0000000143E6,18.5684210526,1477872745
0000000143D6,21.135483871,1477872634
