00000001E9DD,21.79030837,1477914620
00000001D1D7,17.1896678967,1477915287
000000015736,21.1745454545,1477914670
00000001F884,14.2358306189,1477914624
0000000157AE,11.4738916256,1477915170
00000001E9E5,15.1224913495,1477914675
0000000157D6,18.7714285714,1477915293
00000001679D,38.1836065574,1477915389
00000001F88F,20.0440677966,1477914703
00000001576F,17.6454545455,1477915150
000000017EFB,23.547826087,1477915294
00000001E9D1,13.2504201681,1477914693
00000001D252,32.8056338028,1477915342
00000002A4E6,17.9863117871,1477914995
00000001F853,14.0256880734,1477914649
000000016739,18.0549618321,1477914861
00000001F8A5,20.0793103448,1477914982
00000001578A,15.9534246575,1477914910
000000015797,18.9520661157,1477914949
000000015794,18.0566929134,1477914949
000000015793,16.8617647059,1477914957
000000015791,18.7838709677,1477914931
00000002A4DE,17.0158273381,1477914871
00000001D1AF,18.2,1477914735
00000001F871,17.3820895522,1477914921
0000000157A8,20.0793103448,1477915044
0000000157DD,26.3186440678,1477915336
00000001579A,19.2495867769,1477914967
000000015788,16.8617647059,1477914896
00000001EA03,19.4912133891,1477914939
00000001F8AE,16.8617647059,1477914977
00000001E9F2,18.0566929134,1477914802
000000015785,20.5215859031,1477914847
00000001673C,17.7834586466,1477914898
0000000157D8,18.9365853659,1477915306
0000000157D5,18.5684210526,1477915288
00000001EA43,42.6162162162,1477915336
00000001576B,22.0821428571,1477914686
000000016756,18.2725099602,1477914839
000000015775,17.3727272727,1477914802
00000001EA30,23.7708542714,1477915198
00000001EA2C,20.0279475983,1477915219
0000000157CC,21.135483871,1477915241
0000000157CE,13.6210526316,1477915313
00000001F8BF,17.3428571429,1477915205
00000001F867,22.852173913,1477914943
0000000157C0,17.9181818182,1477915226
00000001F8B6,15.5799331104,1477915166
00000001577D,20.9837837838,1477914807
00000001577F,17.8459143969,1477914833
000000016762,20.5215859031,1477915248
00000002A4E1,11.6751879699,1477914984
000000016768,20.9424657534,1477915197
000000015763,22.1847715736,1477914619
000000015760,18.5593625498,1477914642
00000001675D,21.135483871,1477914879
00000001EA0C,18.9975903614,1477915061
0000000157DF,25.9912087912,1477915347
0000000157B9,19.0918032787,1477915166
0000000157B3,16.0082474227,1477915148
0000000157B2,17.6939271255,1477915124
0000000157B7,20.0793103448,1477915155
00000001EA52,31.4136986301,1477915396
00000001F89E,22.4823529412,1477915140
0000000157AF,18.4192771084,1477915096
00000001D200,20.3423580786,1477914830
0000000157AB,16.5191489362,1477915095
0000000157AA,17.0637362637,1477915085
0000000157A3,19.0918032787,1477915018
00000001679B,44.2093457944,1477915312
00000001F8B7,18.4857142857,1477915121
00000001EA40,30.6473684211,1477915311
00000001F894,38.4991735537,1477915279
00000001F895,20.6594594595,1477914869
0000000157BF,17.8482758621,1477915216
0000000157BC,17.1264705882,1477915218
00000001674B,18.9520661157,1477914759
00000001577A,18.4126482213,1477914811
