00000002A2E7,16.175,1477896015
00000001E1DC,18.4857142857,1477895981
00000001CA56,25.9118644068,1477896063
000000014D7F,56.8097560976,1477896010
00000001625E,13.6322766571,1477895842
000000016241,20.9837837838,1477895868
00000001F3F1,27.0837209302,1477895774
00000001E1F1,36.6803149606,1477896153
000000014D96,42.8635514019,1477896295
000000014D7E,29.2981132075,1477896006
000000014D94,41.5177570093,1477896290
00000001E1F6,41.5928571429,1477896247
00000001E1D5,34.2529411765,1477895893
00000001E1F4,31.6519480519,1477896274
000000014D72,37.2472440945,1477895850
00000001E1FD,40.8631578947,1477896368
00000002A2E8,13.0122905028,1477896056
000000014DA3,27.9658536585,1477896502
000000014D98,30.7168831169,1477896346
00000001CA66,36.1099236641,1477896211
00000001F410,32.7140939597,1477896318
000000016255,24.2625,1477895792
000000014D6A,30.5333333333,1477895878
00000001B3DF,28.4869565217,1477896359
00000001B3BC,35.8363636364,1477896303
