35.5534883721|5|35.114|19.075|000000014BA1|61
23.176119403|3|22.353|1.357|000000014BC9|61
18.1260700389|2|18.126|0.000|000000014BCA|61
32.2985915493|2|32.299|0.000|000000014BCE|61
32.35|3|24.710|85.292|000000014BD0|61
30.2493506494|2|30.249|0.000|000000014BD5|61
38.5411764706|2|38.541|0.000|000000014BD7|61
37.4727272727|2|37.473|0.000|000000014BDA|61
31.2644295302|2|31.264|0.000|000000014BDC|61
34.002919708|2|34.003|0.000|000000014BDE|61
12.8543478261|2|12.854|0.000|000000014BE0|61
31.2644295302|2|31.264|0.000|000000014BE3|61
34.7|1|34.700|0.000|000000014BE7|61
24.9112299465|3|28.794|30.158|000000014BEB|61
28.9341614907|3|33.393|39.765|000000014BEC|61
29.2|2|29.200|0.000|000000014BF1|61
33.0382978723|4|34.626|10.327|000000014BF8|61
11.4457002457|2|11.446|0.000|000000014BFA|61
36.6697674419|2|36.670|0.000|000000014BFD|61
34.4372093023|2|34.437|0.000|000000014C01|61
34.002919708|2|34.003|0.000|000000014C03|61
36.111627907|2|36.112|0.000|000000014C09|61
35.3014925373|2|35.301|0.000|000000014C0A|61
27.4549450549|2|27.455|0.000|000000014C0C|61
42.6162162162|2|42.616|0.000|000000014C0E|61
37.593442623|2|37.593|0.000|000000014C0F|61
48.024742268|2|48.025|0.000|000000014C10|61
43.5364485981|2|43.536|0.000|000000014C16|61
30.7812080537|3|35.994|54.357|0000000161B7|61
28.0626506024|2|28.063|0.000|0000000161BE|61
29.6713375796|4|35.157|54.885|0000000161C0|61
22.7775700935|3|26.640|29.830|0000000161C9|61
35.5603053435|4|38.514|15.629|00000001B2A3|61
27.1862068966|3|32.315|52.606|00000001E086|61
24.5262032086|4|26.596|5.118|00000001E095|61
27.4634730539|5|27.870|95.433|00000001E09A|61
41.5928571429|8|38.727|26.338|00000001F38A|61
36.9870967742|5|32.261|85.822|00000001F390|61
16.7151943463|2|16.715|0.000|00000002A283|61
15.5731629393|2|15.573|0.000|00000002A287|61
16.4607773852|2|16.461|0.000|00000002A28C|61
17.776744186|4|15.197|7.053|00000002C3CC|61
