10.3290465632|3|22.448|293.725|000000014E4C|61
35.2909090909|6|37.753|15.497|000000014E5D|61
34.5284671533|6|32.102|7.367|000000014E5E|61
27.8946107784|2|27.895|0.000|000000014E5F|61
42.8635514019|4|33.095|104.163|000000014E6F|61
34.0316546763|2|34.032|0.000|000000014E71|61
33.5136690647|5|35.059|57.262|000000014E74|61
32.8056338028|3|31.891|1.671|000000014E76|61
42.0770642202|3|35.874|76.960|000000014E7C|61
26.3186440678|2|26.319|0.000|000000014E81|61
35.0676258993|3|33.096|7.774|000000014E82|61
31.4417266187|3|31.161|0.157|000000014E85|61
39.8153846154|2|39.815|0.000|000000014E91|61
38.1836065574|2|38.184|0.000|000000014E92|61
30.2493506494|2|30.249|0.000|000000014E93|61
36.7140495868|7|32.670|33.332|0000000162BF|61
26.3186440678|2|26.319|0.000|0000000162C2|61
23.6467005076|7|30.565|67.557|0000000162C5|61
32.8056338028|5|32.411|12.862|0000000162D6|61
20.8896860987|3|27.176|79.047|0000000162D8|61
35.0106870229|2|35.011|0.000|00000001CAF5|61
45.4846153846|7|38.326|126.106|00000001CAF8|61
35.8363636364|4|28.403|115.191|00000001E262|61
37.2472440945|3|39.411|9.362|00000001E294|61
31.7476510067|5|34.343|36.843|00000001F458|61
15.4588235294|3|16.082|0.776|00000002A313|61
10.3530474041|2|10.353|0.000|00000002A322|61
10.1694013304|2|10.169|0.000|00000002A73B|61
17.0637362637|2|17.064|0.000|00000002B75C|61
14.7417721519|8|16.798|7.967|00000002BBBF|61
21.6990825688|5|15.412|26.755|00000002C07E|61
13.8943820225|3|15.788|7.171|00000002C096|61
