19.2495867769|4|23.006|14.473|000000014420|61
17.1391304348|2|17.139|0.000|000000014436|61
15.5799331104|4|20.268|28.231|000000014441|61
16.4822299652|4|19.596|13.028|00000001445B|61
15.4945945946|3|16.718|2.991|00000001445D|61
17.0498141264|2|17.050|0.000|00000001445F|61
19.3294605809|2|19.329|0.000|000000014468|61
18.1260700389|4|21.747|13.144|00000001446B|61
16.8173285199|4|17.922|1.931|00000001446D|61
19.2495867769|3|19.784|0.571|000000014478|61
18.6972332016|2|18.697|0.000|00000001447A|61
18.4062256809|2|18.406|0.000|00000001447B|61
19.9076923077|5|22.872|28.548|00000001447D|61
21.799078341|2|21.799|0.000|00000001447E|61
19.0918032787|2|19.092|0.000|000000014484|61
17.1775280899|3|17.763|0.686|000000014486|61
20.8387665198|2|20.839|0.000|000000014488|61
17.8459143969|3|16.947|1.617|000000014490|61
10.4712328767|2|10.471|0.000|000000014498|61
20.6594594595|2|20.659|0.000|00000001449C|61
21.8867256637|3|21.658|0.105|0000000144A4|61
21.6339622642|2|21.634|0.000|0000000144BA|61
20.475|1|20.475|0.000|0000000144BF|61
20.1662337662|2|20.166|0.000|0000000144C2|61
18.966536965|2|18.967|0.000|0000000144C5|61
14.2481927711|2|14.248|0.000|0000000144C9|61
16.8617647059|2|16.862|0.000|0000000144D1|61
23.0613861386|2|23.061|0.000|0000000144D6|61
21.6|1|21.600|0.000|0000000144D9|61
17.8459143969|6|21.017|5.629|000000015E66|61
18.7714285714|4|20.957|8.693|000000015E6F|61
14.3777777778|3|17.124|15.080|000000015E77|61
15.7156146179|4|20.269|24.198|000000015E80|61
22.1565217391|5|23.345|6.203|000000015E8B|61
19.0918032787|3|21.637|12.956|000000015E97|61
17.5127819549|9|24.656|65.345|000000019869|61
23.0613861386|5|23.613|1.321|00000001AD01|61
17.9181818182|5|18.107|0.117|00000001C29C|61
15.3906040268|6|20.112|22.190|00000001C2B7|61
18.8599190283|7|22.012|6.698|00000001DA14|61
19.246692607|3|19.246|0.000|00000001DA67|61
20.5215859031|5|23.117|41.177|00000001DA7B|61
10.2814814815|4|16.297|38.361|00000001DA7C|61
19.9594936709|6|25.534|65.193|00000001DA7F|61
20.9837837838|3|21.584|0.721|00000001DA8D|61
17.7801526718|7|24.181|118.794|00000001DA90|61
20.0793103448|5|22.295|70.651|00000001DA95|61
19.7389830508|3|20.467|1.060|00000001DA99|61
13.6609970674|4|17.272|13.056|00000001DA9B|61
18.3401574803|4|21.681|11.180|00000001DAA3|61
14.1592705167|3|15.756|5.101|00000001DAA6|61
19.1482758621|4|18.582|5.605|00000001DAA8|61
21.799078341|3|22.884|2.356|00000001DAB8|61
15.4084690554|4|24.552|147.931|00000001F073|61
20.3423580786|4|16.724|14.031|00000002A0BF|61
10.3290465632|2|10.329|0.000|00000002A0FD|61
17.3274725275|2|17.327|0.000|00000002A102|61
13.1766016713|2|13.177|0.000|00000002A104|61
10.5589285714|2|10.559|0.000|00000002A106|61
15.5605263158|2|15.561|0.000|00000002A107|61
19.2705882353|4|16.431|11.553|00000002BA32|61
15.8538461538|4|15.175|2.420|00000002BED9|61
11.252173913|3|11.556|0.185|00000002BEDB|61
16.425|3|14.760|1.982|00000002BEE3|61
11.3343065693|8|12.720|4.645|00000002C31A|61
