32.2985915493|2|32.299|0.000|000000014B3D|61
27.9658536585|3|29.068|2.428|000000014B57|61
31.3271523179|5|34.774|14.930|000000014B58|61
35.8363636364|3|34.415|4.043|000000014B5A|61
19.9076923077|2|19.908|0.000|000000014B63|61
39.1462184874|3|31.243|124.908|000000014B68|61
15.4251655629|5|27.941|107.505|000000014B6A|61
13.104|1|13.104|0.000|000000014B74|61
13.7415929204|5|26.203|137.969|000000014B75|61
14.1628742515|2|14.163|0.000|000000014B79|61
24.0121827411|2|24.012|0.000|000000014B7F|61
34.002919708|2|34.003|0.000|000000014B86|61
41.5928571429|2|41.593|0.000|000000014B89|61
33.5136690647|4|33.303|158.327|00000001618A|61
13.4247838617|3|17.057|26.385|00000001E01E|61
45.3798165138|4|44.122|38.199|00000001E038|61
41.5928571429|4|41.390|26.658|00000001E03C|61
31.1210526316|5|34.809|157.458|00000001E042|61
14.9160409556|6|32.315|230.442|00000001F361|61
14.6031347962|2|14.603|0.000|00000002A275|61
16.2881118881|2|16.288|0.000|00000002B2C3|61
17.776744186|2|17.777|0.000|00000002C00F|61
12.4281407035|4|15.582|13.436|00000002C3C7|61
