32.0684210526|3|32.594|0.553|0000000140A7|61
43.5364485981|2|43.536|0.000|0000000140BF|61
32.8056338028|3|34.637|6.711|0000000140C5|61
33.3126760563|2|33.313|0.000|0000000140CE|61
28.4048780488|4|27.321|9.326|0000000140D2|61
18.196875|2|18.197|0.000|0000000140DB|61
34.002919708|3|32.470|4.698|0000000140DC|61
30.7168831169|2|30.717|0.000|0000000140E9|61
33.5136690647|3|33.716|0.082|0000000140F0|61
31.6897959184|2|31.690|0.000|0000000140F2|61
38.3811023622|3|36.787|5.080|0000000140F3|61
33.4773722628|2|33.477|0.000|0000000140F4|61
38.1483870968|2|38.148|0.000|0000000140F6|61
38.1836065574|2|38.184|0.000|0000000140FD|61
29.7219512195|2|29.722|0.000|0000000140FE|61
31.1210526316|5|30.749|123.451|000000015C9F|61
13.6322766571|4|16.816|34.536|000000015CA4|61
26.0245810056|3|32.823|92.448|000000015CAB|61
25.5956043956|3|33.564|126.982|000000015CB5|61
32.85|2|30.553|5.277|000000015CB6|61
40.4307692308|8|34.115|69.798|00000001C026|61
31.5063829787|10|32.870|124.824|00000001D78C|61
25.3173913043|3|31.415|74.361|00000001D792|61
39.9540983607|3|40.618|0.882|00000001D7A2|61
36.6803149606|4|39.474|17.189|00000001D7AA|61
28.843902439|4|31.982|11.416|00000001EED1|61
20.7473684211|2|20.747|0.000|00000002A044|61
13.8561933535|4|15.683|10.531|00000002A607|61
12.162924282|3|13.040|1.537|00000002B16A|61
15.8448979592|3|14.080|6.228|00000002BE5F|61
25.4557377049|4|19.315|39.077|00000002C2E4|61
