28.9341614907|5|32.430|38.640|000000014BEC|61
34.4372093023|2|34.437|0.000|000000014C01|61
34.002919708|2|34.003|0.000|000000014C03|61
21.4317757009|2|21.432|0.000|000000014C04|61
36.111627907|2|36.112|0.000|000000014C09|61
35.3014925373|2|35.301|0.000|000000014C0A|61
27.4549450549|2|27.455|0.000|000000014C0C|61
42.6162162162|4|34.738|62.082|000000014C0E|61
37.593442623|5|34.142|132.658|000000014C0F|61
48.024742268|3|46.792|3.038|000000014C10|61
37.5677419355|2|37.568|0.000|000000014C15|61
43.5364485981|4|35.404|112.409|000000014C16|61
34.2268656716|6|30.383|82.466|000000014C19|61
20.2044052863|3|27.535|107.475|000000014C1C|61
34.7641791045|3|35.679|1.673|000000014C21|61
25.5956043956|2|25.596|0.000|000000014C26|61
12.7978021978|2|12.798|0.000|000000014C2A|61
33.0382978723|3|32.926|0.025|000000014C36|61
37.593442623|3|39.287|5.734|000000014C38|61
32.1795918367|2|32.180|0.000|000000014C39|61
30.2493506494|2|30.249|0.000|000000014C3E|61
28.7555555556|2|28.756|0.000|000000014C40|61
22.7775700935|3|26.640|29.830|0000000161C9|61
30.6473684211|6|33.947|15.616|0000000161D3|61
27.5644970414|4|33.050|33.157|0000000161DA|61
34.7454545455|3|34.758|0.000|0000000161DD|61
21.9735849057|3|22.379|0.328|0000000161E0|61
42.8635514019|3|38.532|37.529|00000001C90B|61
21.9735849057|6|31.385|62.807|00000001E09D|61
34.2529411765|7|33.715|7.083|00000001E0AB|61
36.6803149606|4|34.021|120.465|00000001E0AD|61
16.6956521739|3|24.802|131.421|00000001E0B4|61
21.467281106|3|30.473|162.190|00000001E0C7|61
14.7417721519|2|14.742|0.000|00000002A294|61
20.4779220779|4|17.819|15.935|00000002A297|61
17.7125475285|2|17.713|0.000|00000002A29B|61
16.5191489362|11|17.301|15.015|00000002BB6C|61
