25.2962566845|2|25.296|0.000|0000000149AD|61
35.0676258993|3|31.488|25.634|0000000149AF|61
10.5632653061|5|22.037|167.116|0000000149B1|61
31.4136986301|2|31.414|0.000|0000000149B4|61
26.7254237288|4|27.630|59.764|0000000149B5|61
25.2|2|25.200|0.000|0000000149BE|61
13.104|1|13.104|0.000|0000000149C6|61
26.4681818182|3|29.943|24.147|0000000149C9|61
17.1391304348|3|23.758|87.619|0000000149CA|61
19.0918032787|2|19.092|0.000|0000000149CB|61
33.4773722628|2|33.477|0.000|0000000149CF|61
24.5262032086|4|30.373|36.672|0000000149D0|61
28.3111111111|4|32.222|15.924|0000000149D1|61
27.8946107784|2|27.895|0.000|0000000149D3|61
30.5333333333|3|34.251|27.640|0000000149D8|61
45.6705882353|2|45.671|0.000|0000000149DA|61
34.9795275591|2|34.980|0.000|0000000149DF|61
38.1483870968|2|38.148|0.000|0000000149E4|61
29.8147651007|3|23.384|82.713|0000000160F1|61
39.2|3|25.640|143.302|0000000160F9|61
41.5928571429|4|33.822|184.338|00000001C725|61
47.7882352941|7|38.662|105.217|00000001DECF|61
34.002919708|5|35.696|35.529|00000001DEEF|61
26.9777777778|3|35.602|148.749|00000001DEF6|61
37.2472440945|5|36.737|139.132|00000001DEF9|61
38.3441860465|4|41.604|10.724|00000001DF0A|61
14.3790697674|9|32.103|187.971|00000001F2C6|61
13.6609970674|2|13.661|0.000|00000002A21C|61
16.8|1|16.800|0.000|00000002A21F|61
20.2666666667|4|19.866|2.181|00000002C376|61
17.1896678967|4|14.081|10.084|00000002C3B2|61
