42.2357142857|2|42.236|0.000|000000014872|61
22.2889952153|2|22.289|0.000|00000001489A|61
42.2769230769|2|42.277|0.000|00000001489E|61
37.2472440945|5|37.739|2.603|0000000148A0|61
20.5215859031|2|20.522|0.000|0000000148A3|61
36.1051094891|2|36.105|0.000|0000000148A6|61
47.2824742268|3|36.065|251.686|0000000148AE|61
37.5677419355|2|37.568|0.000|0000000148B0|61
41.5928571429|2|41.593|0.000|0000000148B9|61
26.4268156425|6|29.638|92.732|0000000148BC|61
16.8173285199|2|16.817|0.000|0000000148BF|61
40.8631578947|2|40.863|0.000|0000000148C4|61
24.3895287958|2|24.390|0.000|0000000148C7|61
32.2985915493|4|31.557|1.605|0000000148CA|61
31.1210526316|2|31.121|0.000|0000000148CD|61
17.4553505535|2|17.455|0.000|0000000148CF|61
40.7793103448|2|40.779|0.000|0000000148D3|61
29.7509433962|2|29.751|0.000|0000000148D6|61
40.2315789474|7|34.612|112.235|000000016099|61
15.528|4|25.717|104.407|00000001609E|61
16.231358885|4|24.087|92.189|0000000160A0|61
38.1836065574|4|39.277|71.980|0000000160A3|61
35.5603053435|4|35.639|13.342|00000001C653|61
30.7168831169|4|28.794|89.440|00000001DDF6|61
33.3618320611|7|31.334|79.066|00000001DE02|61
47.2824742268|7|35.788|152.190|00000001DE04|61
14.1163636364|6|29.500|245.900|00000001DE06|61
26.4913043478|4|31.250|79.638|00000001DE0C|61
21.2333333333|5|27.914|135.164|00000001DE1A|61
14.9064220183|4|23.342|71.245|00000001DE2B|61
34.002919708|3|39.809|67.425|00000001DE3C|61
38.1836065574|4|40.061|31.933|00000001F26C|61
13.4247838617|7|29.862|135.440|00000001F271|61
19.3294605809|2|19.329|0.000|00000002A1E9|61
12.0060913706|5|14.521|12.261|00000002BF88|61
17.3820895522|2|17.382|0.000|00000002BFA1|61
