10.1729032258|6|33.311|355.261|000000013F10|61
14.4226415094|4|21.250|46.653|000000013F14|61
42.7376146789|4|40.617|5.270|000000013F19|61
17.776744186|6|36.159|211.540|000000013F1A|61
36.111627907|2|36.112|0.000|000000013F1C|61
45.6705882353|2|45.671|0.000|000000013F2E|61
32.35|2|37.073|22.303|000000013F32|61
37.9692307692|2|37.969|0.000|000000013F33|61
39.8153846154|2|39.815|0.000|000000013F35|61
39.8153846154|2|39.815|0.000|000000013F37|61
47.0545454545|3|50.367|21.946|000000013F3C|61
48.024742268|3|44.863|19.994|00000001A989|61
45.3798165138|3|44.778|0.725|00000001BF51|61
39.1462184874|7|41.744|57.272|00000001D68E|61
39.6642857143|3|43.259|25.845|00000001D698|61
28.4963855422|6|40.778|99.185|00000001EE1B|61
14.4670807453|2|14.467|0.000|000000029FE5|61
11.6702290076|2|11.670|0.000|000000029FE8|61
10.1711790393|2|10.171|0.000|000000029FE9|61
15.3742574257|4|15.044|5.339|00000002BE2E|61
