19.9594936709|2|19.959|0.000|00000001410F|61
10.0396551724|3|11.965|7.417|00000001411D|61
19.7389830508|5|18.116|8.967|000000014125|61
17.7801526718|2|17.780|0.000|000000014126|61
11.38125|2|11.381|0.000|000000014129|61
20.2044052863|5|24.758|36.734|00000001412D|61
20.5215859031|5|25.436|51.963|00000001412E|61
20.6594594595|2|20.659|0.000|00000001413C|61
21.2712328767|2|21.271|0.000|00000001413E|61
15.8698961938|2|15.870|0.000|000000014142|61
17.1775280899|5|23.308|60.751|000000014148|61
15.0757281553|2|15.076|0.000|000000014149|61
19.6556962025|3|18.992|0.880|000000014157|61
19.4912133891|2|19.491|0.000|000000014159|61
17.7125475285|4|19.641|4.627|00000001415B|61
19.0741935484|5|25.446|78.218|00000001415D|61
16.7386861314|3|17.623|1.566|000000014160|61
17.7081081081|3|20.253|12.954|000000014161|61
22.5931034483|3|21.012|4.999|000000014163|61
18.9365853659|3|18.161|1.203|000000014166|61
20.8896860987|2|20.890|0.000|000000014168|61
22.1046728972|4|20.249|3.446|00000001416A|61
17.0772563177|2|17.077|0.000|00000001416B|61
19.2495867769|3|18.510|1.093|00000001416C|61
19.2495867769|3|19.070|0.064|000000014172|61
18.0549618321|2|18.055|0.000|000000014176|61
15.1739413681|2|15.174|0.000|000000014177|61
16.2|3|18.751|13.013|00000001417B|61
16.8782608696|2|16.878|0.000|000000014182|61
22.3132075472|2|22.313|0.000|000000014199|61
20.0793103448|2|20.079|0.000|00000001419A|61
19.5731092437|2|19.573|0.000|00000001419B|61
14.4670807453|4|19.428|25.855|000000015CC7|61
21.4317757009|3|24.788|22.526|000000015CD6|61
17.1775280899|3|19.189|8.088|000000015CE4|61
22.9631067961|3|22.847|0.027|000000015CFA|61
17.1775280899|2|17.178|0.000|00000001AAB0|61
14.4670807453|2|14.467|0.000|00000001C07E|61
16.3685393258|2|16.369|0.000|00000001C096|61
13.8315789474|2|13.832|0.000|00000001C098|61
16.5191489362|2|16.519|0.000|00000001C09D|61
20.7964285714|2|20.796|0.000|00000001C0A6|61
18.1260700389|4|17.997|0.305|00000001D7C2|61
17.2348432056|4|20.312|9.529|00000001D7D1|61
19.0918032787|6|20.341|42.984|00000001D7D2|61
16.1190311419|3|19.091|17.662|00000001D7E9|61
17.9181818182|3|18.578|0.871|00000001D7FF|61
17.1264705882|3|18.905|6.325|00000001D807|61
17.9861003861|4|24.507|103.732|00000001EEE5|61
17.5724137931|3|16.830|1.103|00000001EEE9|61
20.3896551724|5|23.591|14.134|00000001EEF1|61
18.4857142857|5|21.976|21.830|00000001EEF2|61
18.6236220472|4|26.467|137.306|00000001EF11|61
11.881865285|2|11.882|0.000|00000002A051|61
13.103601108|2|13.104|0.000|00000002A056|61
15.4764119601|2|15.476|0.000|00000002A064|61
15.1366336634|3|15.856|1.034|00000002A611|61
19.6841201717|2|19.684|0.000|00000002B9D9|61
17.915625|4|15.522|6.649|00000002BE72|61
13.9891891892|3|13.739|0.125|00000002BE7E|61
