39.2|7|31.739|84.099|000000014E34|61
29.2|3|31.263|8.516|000000014EA3|61
34.5284671533|2|34.528|0.000|000000014EAA|61
12.3564986737|3|21.369|162.440|000000014EAC|61
22.2889952153|3|24.325|8.292|000000014EB5|61
16.8173285199|2|16.817|0.000|000000014EB8|61
28.4048780488|2|28.405|0.000|000000014EBB|61
38.5411764706|2|38.541|0.000|000000014EBD|61
16.557400722|2|16.557|0.000|000000014ECB|61
36.1051094891|2|36.105|0.000|000000014ECF|61
27.3433526012|2|27.343|0.000|000000014EE3|61
13.4247838617|8|27.946|96.897|0000000162D7|61
40.8631578947|7|33.381|203.909|0000000162EA|61
36.111627907|7|35.783|17.621|0000000162EE|61
31.2|4|34.193|8.961|0000000162EF|61
44.7923076923|3|44.459|0.223|00000001630C|61
23.7673469388|4|26.019|9.833|00000001CB18|61
30.2493506494|8|33.554|159.469|00000001E29F|61
34.7641791045|5|35.655|26.811|00000001E2D3|61
30.35|3|39.165|155.397|00000001E2D8|61
28.2327272727|3|31.898|26.870|00000001E2E1|61
33.1090909091|3|36.055|17.354|00000001E2EA|61
31.2|5|35.022|22.932|00000001F472|61
11.616957606|2|11.617|0.000|00000002A32A|61
16.4978417266|3|15.698|1.280|00000002A32C|61
19.6282157676|2|19.628|0.000|00000002A330|61
21.8704225352|2|21.870|0.000|00000002BBF8|61
