16.3452631579|4|24.555|118.645|0000000159FE|61
28.7555555556|2|28.756|0.000|000000015A03|61
26.8772727273|2|26.877|0.000|000000015A05|61
34.0316546763|5|41.366|65.275|000000015A09|61
28.3792207792|3|28.543|0.054|000000015A11|61
20.2257261411|4|25.910|34.712|000000015A13|61
44.7923076923|2|44.792|0.000|000000015A14|61
29.2|2|29.200|0.000|000000015A22|61
38.3811023622|2|38.381|0.000|000000015A23|61
15.1615384615|3|22.405|104.939|000000015A28|61
36.1133858268|2|36.113|0.000|000000015A2B|61
41.5928571429|2|41.593|0.000|000000015A2D|61
32.2985915493|2|32.299|0.000|000000015A31|61
14.4631578947|2|14.463|0.000|000000015A33|61
16.1447098976|2|16.145|0.000|000000015A3D|61
42.8635514019|2|42.864|0.000|000000015A40|61
36.111627907|2|36.112|0.000|000000015A42|61
38.5411764706|2|38.541|0.000|000000015A4D|61
38.1483870968|2|38.148|0.000|000000015A4F|61
34.7641791045|3|38.229|24.007|0000000168BD|61
39.7512605042|2|39.751|0.000|0000000168CF|61
38.1836065574|7|35.318|196.840|00000001A786|61
40.4307692308|3|43.454|18.278|00000001D440|61
28.4963855422|4|37.544|114.286|00000001EC2C|61
34.002919708|4|38.854|23.846|00000001EC39|61
39.7512605042|5|39.118|157.538|00000001EC3A|61
46.3764705882|5|44.691|67.473|00000001EC3C|61
43.9471698113|3|47.163|20.682|00000001EC41|61
41.2247787611|5|41.914|143.949|00000001EC42|61
38.1836065574|4|41.353|10.354|00000001EC44|61
15.0757281553|10|35.520|159.416|00000001FA0C|61
15.7911864407|2|15.791|0.000|000000023FD7|61
10.6301123596|3|12.836|9.734|00000002A56C|61
13.463583815|3|14.434|1.883|00000002A574|61
11.0410714286|2|11.041|0.000|00000002A575|61
