12.7978021978|4|24.132|142.692|000000014C2A|61
33.0382978723|3|32.926|0.025|000000014C36|61
37.593442623|5|32.291|126.981|000000014C38|61
32.1795918367|2|32.180|0.000|000000014C39|61
30.2493506494|2|30.249|0.000|000000014C3E|61
28.7555555556|3|28.219|0.575|000000014C40|61
36.6697674419|2|36.670|0.000|000000014C44|61
31.2644295302|4|32.084|4.706|000000014C46|61
34.7641791045|2|34.764|0.000|000000014C48|61
32.4262773723|2|32.426|0.000|000000014C54|61
12.223255814|2|12.223|0.000|000000014C57|61
21.9920792079|2|21.992|0.000|000000014C58|61
30.6473684211|3|34.773|34.038|000000014C5F|61
36.1133858268|3|40.781|43.577|000000014C63|61
38.1483870968|2|38.148|0.000|000000014C70|61
44.1642857143|2|44.164|0.000|000000014C73|61
34.7454545455|3|34.758|0.000|0000000161DD|61
21.9735849057|3|22.379|0.328|0000000161E0|61
28.3111111111|3|37.640|174.058|0000000161EE|61
42.8635514019|8|36.465|105.172|00000001C90B|61
21.467281106|3|30.473|162.190|00000001E0C7|61
14.1163636364|5|26.633|107.605|00000001E0E3|61
31.6897959184|5|34.719|74.928|00000001E0E4|61
29.2127388535|5|32.571|10.285|00000001F3A1|61
19.6282157676|2|19.628|0.000|00000002A2A4|61
17.3820895522|2|17.382|0.000|00000002A2A5|61
14.8609756098|6|15.000|7.033|00000002BB85|61
15.8989761092|3|22.215|79.777|00000002BB86|61
14.4237623762|2|14.424|0.000|00000002C02C|61
15.7378378378|3|13.939|6.472|00000002C03A|61
