18.1260700389|2|18.126|0.000|00000001463B|61
17.3820895522|6|20.623|90.614|000000014644|61
18.4857142857|3|19.390|1.637|000000014653|61
22.1046728972|4|20.173|4.024|000000014656|61
18.8599190283|2|18.860|0.000|000000014659|61
15.9534246575|2|15.953|0.000|00000001465A|61
17.9861003861|2|17.986|0.000|000000014664|61
17.9861003861|2|17.986|0.000|000000014667|61
16.1190311419|2|16.119|0.000|000000014668|61
17.1896678967|2|17.190|0.000|00000001466C|61
18.7084337349|3|17.811|1.612|00000001466D|61
20.3423580786|2|20.342|0.000|00000001466F|61
21.6|1|21.600|0.000|000000014684|61
19.2495867769|4|24.588|63.592|000000014686|61
20.1662337662|3|18.126|8.324|00000001468D|61
20.3896551724|2|20.390|0.000|00000001468E|61
21.467281106|2|21.467|0.000|00000001468F|61
16.5191489362|2|16.519|0.000|000000014695|61
21.0787330317|2|21.079|0.000|00000001469D|61
21.2712328767|3|21.215|0.006|0000000146A5|61
20.2539130435|2|20.254|0.000|0000000146A6|61
14.9223974763|2|14.922|0.000|0000000146A7|61
17.9181818182|2|17.918|0.000|0000000146A9|61
18.5684210526|2|18.568|0.000|0000000146B0|61
21.4317757009|2|21.432|0.000|0000000146B9|61
18.7714285714|2|18.771|0.000|0000000146BB|61
20.8387665198|2|20.839|0.000|0000000146BF|61
18.9520661157|2|18.952|0.000|000000015F42|61
18.7084337349|5|21.790|22.731|000000015F6F|61
20.3896551724|4|23.265|8.397|000000015F73|61
22.5043478261|4|23.820|4.027|000000015F7E|61
21.0103448276|4|23.658|24.785|000000015F86|61
24.3895287958|4|22.297|5.807|000000015F87|61
22.2810810811|3|24.702|11.721|000000015F8A|61
18.4126482213|6|26.517|61.544|000000015F8F|61
22.1046728972|4|22.014|18.596|000000015F9A|61
16.7568345324|3|19.119|11.156|000000015F9B|61
20.1662337662|3|22.177|8.085|000000015FA1|61
19.598206278|3|21.533|7.485|000000015FA2|61
17.317472119|2|17.317|0.000|000000019A33|61
18.0566929134|3|21.730|26.988|00000001AEA8|61
21.9444976077|2|21.944|0.000|00000001C46C|61
20.9837837838|6|24.816|41.644|00000001C484|61
15.3391304348|2|15.339|0.000|00000001C493|61
16.3323529412|4|23.286|78.298|00000001C4A0|61
20.7964285714|2|20.796|0.000|00000001C4A6|61
20.8387665198|2|20.839|0.000|00000001C4AA|61
18.2|2|18.200|0.000|00000001C4CF|61
19.4912133891|5|18.347|7.999|00000001DBD3|61
10.3290465632|7|22.970|111.239|00000001DC18|61
22.1046728972|5|22.009|3.173|00000001DC2E|61
16.2638297872|4|17.325|21.244|00000001DC39|61
20.6594594595|3|21.502|1.420|00000001DC3B|61
18.8599190283|4|19.093|26.857|00000001DC3F|61
19.9076923077|4|21.113|1.967|00000001DC54|61
21.467281106|5|21.292|34.116|00000001DC58|61
18.8599190283|4|19.660|20.274|00000001DC5A|61
23.3320754717|3|22.776|0.618|00000001DC74|61
19.0918032787|6|30.693|206.465|00000001F15F|61
18.4857142857|6|26.883|93.220|00000001F163|61
23.4090452261|7|26.909|75.259|00000001F16C|61
14.6906832298|5|26.195|143.944|00000001F171|61
20.2938053097|5|25.247|56.713|00000001F179|61
20.8387665198|4|27.169|66.053|00000001F182|61
19.189958159|2|19.190|0.000|00000002A148|61
15.9810810811|2|15.981|0.000|00000002A164|61
15.6118811881|2|15.612|0.000|00000002A16A|61
10.3982142857|3|11.041|0.827|00000002A16C|61
18.7838709677|3|16.143|13.944|00000002A171|61
12.3622641509|2|12.362|0.000|00000002A173|61
14.2024390244|3|15.615|3.988|00000002A175|61
16.4607773852|3|16.483|0.001|00000002A179|61
17.071875|2|17.072|0.000|00000002A17E|61
17.776744186|4|17.938|0.447|00000002A694|61
13.5813411079|3|14.613|2.127|00000002BF22|61
19.5731092437|4|16.873|10.263|00000002BF2C|61
17.5053435115|3|15.352|9.275|00000002BF36|61
15.8448979592|3|15.126|1.034|00000002BF3C|61
