00000002B9FE,19.2638297872,1477872028
00000001983D,29.0950819672,1477872418
00000001983A,35.5058823529,1477872395
000000019828,45.043902439,1477872296
000000019826,29.6852459016,1477872313
0000000197FF,32.9785714286,1477872039
0000000197FD,33.2256880734,1477872006
00000001D989,33.5333333333,1477872328
00000001982F,41.5011235955,1477872335
000000019839,34.8230769231,1477872392
000000019838,25.755704698,1477872413
000000019837,22.3245283019,1477872416
000000019836,33.846728972,1477872379
000000019832,31.6928571429,1477872358
000000019831,23.2301886792,1477872378
000000019830,26.8909090909,1477872364
00000001C255,23.0675159236,1477872600
00000001981A,32.5651376147,1477872198
00000001981B,24.4609271523,1477872250
000000019802,20.2324022346,1477872098
000000019803,42.2571428571,1477872051
000000019801,23.8263157895,1477872072
00000001ACC8,27.4363636364,1477872639
00000001981E,11.2685714286,1477872370
00000001ACC6,21.8556213018,1477872652
000000019814,30.6915254237,1477872175
000000019819,30.2173228346,1477872201
00000001C232,28.5165354331,1477872303
00000002B1CE,15.6779220779,1477872227
00000001ACB1,25.5042253521,1477872518
00000001AC91,13.3147058824,1477872394
00000002B1D7,17.4115384615,1477872603
000000019864,35.8545454545,1477872707
00000001ACAC,23.4107784431,1477872496
000000019869,36.5818181818,1477872753
00000002B1D9,15.0406779661,1477872650
00000001AC8D,27.4363636364,1477872260
000000019856,29.0950819672,1477872588
00000001ACA0,29.0834645669,1477872446
00000001ACA1,25.5366906475,1477872576
000000019810,27.4363636364,1477872153
000000019812,23.3526315789,1477872180
000000019846,39.975,1477872446
000000019844,29.6852459016,1477872446
00000001985C,32.3357142857,1477872638
00000001985E,28.5165354331,1477872661
00000001985D,28.6325581395,1477872656
000000019859,27.6086330935,1477872623
00000001AC66,22.8,1477872077
00000001AC68,21.0558139535,1477872046
00000001D968,29.0950819672,1477872290
00000001984D,38.0783505155,1477872467
00000001984A,32.4,1477872467
00000001ACCA,37.725,1477872624
