00000001F34F,34.8230769231,1477889346
00000001C880,37.3360824742,1477889224
00000001B262,34.9071428571,1477889050
00000001B266,28.5372262774,1477889118
00000001B264,41.6275862069,1477889050
000000019D99,44.2285714286,1477888998
00000002B2CC,19.6110497238,1477889309
000000019D93,13.983011583,1477888898
000000019D92,36.2117647059,1477888812
000000019DA2,23.0493506494,1477889384
00000001B259,24.6367346939,1477888989
000000019D9A,22.3555555556,1477889056
00000001B278,44.1658536585,1477889445
000000019D9B,23.5168831169,1477889142
000000019D9F,40.8,1477889240
