00000001B1F0,27.9496062992,1477886814
000000019D2E,14.8337349398,1477886430
00000001C7D6,31.6928571429,1477886211
000000019D31,33.2256880734,1477886430
000000019D2A,31.5692307692,1477886295
000000019D2B,26.4,1477886319
000000019D36,35.8545454545,1477886546
000000019D35,14.9368421053,1477886550
00000001B1CE,30.9538461538,1477886175
000000019D38,34.8,1477886629
00000001B1E8,36.5818181818,1477886699
000000019D28,26.5959183673,1477886266
000000019D23,39.2936170213,1477886138
000000019D25,31.7684210526,1477886208
000000019D43,32.3357142857,1477886876
000000019D1C,23.3526315789,1477886116
000000019D48,39.3652173913,1477886899
000000019D49,40.6921348315,1477886944
000000019D39,14.2023529412,1477886710
00000001C804,29.2064516129,1477886840
