00000002B2F2,17.0028169014,1477893496
000000019E87,46.8,1477893516
00000001B342,32.3357142857,1477893329
000000019E84,46.8,1477893476
000000019E82,26.9114754098,1477893445
000000019E80,27.5641791045,1477893430
000000019E65,33.846728972,1477893180
00000001B33A,34.8230769231,1477893103
000000019E7F,25.8418604651,1477893403
00000001C994,38.5826086957,1477893504
00000001B356,46.7544303797,1477893725
000000019E78,22.4944099379,1477893277
000000019E76,38.5276595745,1477893232
000000019E77,34.1307692308,1477893249
000000019E8A,28.6325581395,1477893563
000000019E85,30.4071428571,1477893497
000000019E6F,20.2834285714,1477893114
00000001B345,40.3051546392,1477893348
