00000001F34F,34.8230769231,1477889346
00000001C880,37.3360824742,1477889224
00000001B262,34.9071428571,1477889050
00000001B266,28.5372262774,1477889118
00000001B264,41.6275862069,1477889050
000000019D8D,34.9071428571,1477888738
000000019D8E,28.0134453782,1477888778
000000019D99,44.2285714286,1477888998
000000019D9B,23.5168831169,1477889142
000000019D8B,30.3384615385,1477888702
000000019D93,13.983011583,1477888898
000000019D92,36.2117647059,1477888812
000000019D8C,47.0337662338,1477888716
00000001B259,24.6367346939,1477888989
000000019D9A,22.3555555556,1477889056
000000019D9F,40.8,1477889240
000000019D86,40.6921348315,1477888512
