28.5165354331|3|25.722|15.624|000000019898|55
38.5276595745|3|32.224|79.483|0000000198CE|55
31.6928571429|2|31.693|0.000|0000000198D0|55
33.2256880734|3|27.958|55.505|0000000198D8|55
47.0337662338|3|38.420|148.405|0000000198DE|55
34.8|1|34.800|0.000|0000000198E0|55
39.3652173913|4|31.155|67.415|0000000198E1|55
10.6831858407|4|18.221|83.554|0000000198ED|55
33.8862385321|3|28.591|56.083|0000000198EE|55
37.3360824742|2|37.336|0.000|0000000198F2|55
34.1307692308|4|29.913|44.079|0000000198F8|55
37.725|2|28.920|77.524|0000000198FB|55
38.5276595745|3|31.496|98.876|000000019903|55
38.5276595745|3|30.257|136.795|000000019906|55
29.0834645669|4|25.206|15.263|000000019908|55
42.2571428571|4|33.045|86.685|000000019918|55
41.9727272727|3|35.153|93.011|00000001991E|55
27.4363636364|3|25.066|11.233|000000019920|55
37.3090909091|3|31.681|63.341|000000019922|55
27.9818181818|3|25.574|11.598|000000019924|55
29.9305785124|3|26.523|23.218|000000019926|55
38.0783505155|3|31.409|88.970|000000019927|55
26.4350364964|2|26.435|0.000|000000019929|55
24.1411764706|2|24.141|0.000|00000001992B|55
36.593814433|2|36.594|0.000|00000001992C|55
38.5826086957|3|33.179|58.401|00000001992D|55
24.4609271523|2|24.461|0.000|000000019930|55
28.29375|1|28.294|0.000|000000019931|55
34.8230769231|2|34.823|0.000|000000019932|55
50.3|1|50.300|0.000|000000019938|55
26.6294117647|2|26.629|0.000|000000019939|55
34.1660377358|2|34.166|0.000|00000001993C|55
30.9538461538|2|30.954|0.000|000000019940|55
44.1658536585|2|44.166|0.000|000000019948|55
25.9094890511|14|26.352|82.135|00000001AC3B|55
23.9841059603|8|30.646|123.760|00000001AD0D|55
11.8715719064|8|24.209|88.158|00000001AD26|55
26.2434782609|5|26.910|20.732|00000001AD3F|55
32.9785714286|5|23.257|74.230|00000001AD45|55
31.8413793103|5|28.950|32.405|00000001AD47|55
31.7684210526|4|32.528|51.829|00000001AD50|55
26.9605839416|3|29.505|12.948|00000001AD53|55
41.6275862069|4|34.457|62.374|00000001AD6E|55
26.0112676056|4|27.174|51.320|00000001AD71|55
35.5153846154|6|27.555|80.765|00000001AD82|55
13.9909090909|3|20.843|93.913|00000001AD8E|55
34.8230769231|5|27.135|89.530|00000001AD95|55
27.4363636364|3|27.874|0.383|00000001AD96|55
25.685106383|3|29.229|25.114|00000001AD9E|55
38.5276595745|5|28.818|113.302|00000001AD9F|55
28.0744186047|5|27.514|90.822|00000001C2E7|55
33.1738317757|6|26.717|51.939|00000001C2ED|55
35.5058823529|8|26.690|71.050|00000001C305|55
30.0324324324|5|33.921|93.728|00000001C314|55
25.5042253521|5|29.423|53.237|00000001C328|55
36.5818181818|6|25.856|129.378|00000001C332|55
30.4336134454|11|28.236|49.516|00000001DA06|55
31.3016949153|11|35.908|59.373|00000001DA61|55
13.6523076923|2|13.652|0.000|000000024C0C|55
12.3946308725|2|12.395|0.000|00000002B1DF|55
12.7683453237|2|12.768|0.000|00000002B1EB|55
19.3967213115|2|19.397|0.000|00000002B1EC|55
19.7901639344|2|19.790|0.000|00000002B1EF|55
15.852360515|2|15.852|0.000|00000002B1F1|55
10.2305084746|3|13.737|24.591|00000002B1F2|55
18.376119403|3|17.619|1.146|00000002B5F9|55
