40.6921348315|6|31.374|94.895|000000019D86|55
30.3384615385|3|33.499|19.979|000000019D8B|55
47.0337662338|3|40.634|81.909|000000019D8C|55
34.9071428571|4|38.764|17.587|000000019D8D|55
28.0134453782|2|28.013|0.000|000000019D8E|55
36.2117647059|5|33.339|11.432|000000019D92|55
13.983011583|4|22.084|65.640|000000019D93|55
44.2285714286|2|44.229|0.000|000000019D99|55
22.3555555556|2|22.356|0.000|000000019D9A|55
23.5168831169|2|23.517|0.000|000000019D9B|55
40.8|1|40.800|0.000|000000019D9F|55
24.6367346939|4|24.720|73.962|00000001B259|55
34.9071428571|6|28.194|74.371|00000001B262|55
41.6275862069|3|38.570|18.699|00000001B264|55
28.5372262774|4|34.362|60.952|00000001B266|55
37.3360824742|6|32.397|92.875|00000001C880|55
34.8230769231|10|37.395|117.301|00000001F34F|55
