49.6|10|33.979|140.183|000000019C99|55
16.1043478261|3|17.660|4.842|000000019CAF|55
47.9688311688|3|43.564|38.808|000000019CB2|55
43.287804878|2|43.288|0.000|000000019CB3|55
36.593814433|4|35.576|5.029|000000019CB4|55
29.6852459016|6|31.944|13.806|000000019CB7|55
39.0065934066|4|39.326|1.822|000000019CB8|55
30.2754098361|3|33.511|20.942|000000019CBA|55
35.5058823529|5|33.486|10.808|000000019CBB|55
32.6823529412|6|32.430|9.617|000000019CBD|55
31.5692307692|2|31.569|0.000|000000019CBF|55
29.6852459016|2|29.685|0.000|000000019CC0|55
34.1307692308|4|35.101|9.724|000000019CC1|55
31.7684210526|2|31.768|0.000|000000019CC2|55
21.1789473684|3|24.223|18.527|000000019CC4|55
45.043902439|3|42.813|9.954|000000019CC6|55
24.8054794521|3|22.685|8.992|000000019CCA|55
30.3384615385|3|31.398|2.245|000000019CCF|55
47.0337662338|2|47.034|0.000|000000019CD1|55
31.5692307692|2|31.569|0.000|000000019CD6|55
20.2945054945|7|26.041|71.354|00000001B15B|55
42.4551724138|6|34.868|145.393|00000001B170|55
35.5058823529|4|35.555|2.462|00000001B175|55
13.0021978022|6|29.304|140.333|00000001B176|55
32.5651376147|4|34.803|5.280|00000001B179|55
30.2754098361|3|31.313|2.152|00000001B17D|55
23.5168831169|13|33.397|145.098|00000001C6F5|55
33.846728972|3|36.398|13.016|00000001C766|55
27.9496062992|8|32.940|65.219|00000001F2C5|55
16.2082191781|3|14.325|7.096|00000002B2A4|55
21.5571428571|2|21.557|0.000|00000002B2AD|55
20.0655737705|3|17.454|13.636|00000002B6B7|55
10.3179487179|5|14.830|21.688|00000002BB29|55
16.2825688073|4|18.242|12.406|00000002BB31|55
