28.5165354331|10|28.986|46.942|00000001A356|55
17.4956521739|2|17.496|0.000|00000001A468|55
15.3662337662|6|19.034|8.010|00000001A469|55
17.9300970874|2|17.930|0.000|00000001A473|55
17.7529411765|3|19.447|5.741|00000001A475|55
34.8230769231|2|34.823|0.000|00000001A47E|55
27.5641791045|4|24.117|14.358|00000001A483|55
22.3555555556|2|22.356|0.000|00000001A484|55
23.8263157895|2|23.826|0.000|00000001A488|55
30.9538461538|2|30.954|0.000|00000001A48D|55
29.2064516129|5|24.406|21.608|00000001A48F|55
39.3652173913|4|32.757|61.772|00000001A491|55
29.3142857143|5|29.362|35.409|00000001A493|55
22.9215189873|2|22.922|0.000|00000001A495|55
32.5651376147|2|32.565|0.000|00000001A497|55
39.8831460674|4|29.948|104.675|00000001A498|55
18.4775510204|2|18.478|0.000|00000001A49C|55
33.846728972|2|33.847|0.000|00000001A4A1|55
27.1588235294|4|23.084|17.045|00000001A4A4|55
29.6852459016|3|26.566|19.463|00000001A4A6|55
31.2206896552|4|25.518|33.041|00000001A4AA|55
37.3360824742|3|30.417|95.738|00000001A4AC|55
11.8352941176|2|11.835|0.000|00000001A4AF|55
37.3360824742|2|37.336|0.000|00000001A4B1|55
34.8230769231|2|34.823|0.000|00000001A4B3|55
19.3668449198|3|19.320|0.004|00000001A4BE|55
34.1307692308|3|28.718|58.598|00000001A4C1|55
31.6928571429|2|31.693|0.000|00000001A4C2|55
36.593814433|2|36.594|0.000|00000001A4C4|55
47.0337662338|2|47.034|0.000|00000001A4D9|55
37.3360824742|2|37.336|0.000|00000001A4DD|55
33.1738317757|2|33.174|0.000|00000001A4DF|55
38.5276595745|7|31.889|122.710|00000001B9FA|55
17.9287128713|7|24.183|58.318|00000001BA0C|55
31.5692307692|5|26.287|48.200|00000001BA12|55
31.7684210526|6|31.826|56.476|00000001BA16|55
23.9841059603|9|27.451|85.240|00000001BA21|55
32.9785714286|3|34.512|4.703|00000001BA29|55
32.3357142857|5|27.106|140.058|00000001BA38|55
28.6258064516|4|30.054|140.612|00000001BA47|55
33.1738317757|5|25.961|104.057|00000001BA4D|55
37.3360824742|3|36.073|3.193|00000001BA66|55
34.8|2|39.257|19.866|00000001BA6A|55
32.7461538462|3|34.357|5.190|00000001BA6C|55
25.15|2|38.075|167.056|00000001BA7E|55
40.3363636364|8|31.985|151.904|00000001D039|55
29.2064516129|7|24.958|48.337|00000001D061|55
28.6388059701|5|30.358|35.916|00000001D068|55
29.2064516129|8|23.769|73.316|00000001D094|55
36.2117647059|8|26.519|64.940|00000001D0B4|55
29.6852459016|5|27.651|67.929|00000001E825|55
15.5193277311|5|15.234|1.882|00000002B41C|55
13.8857142857|6|14.177|4.543|00000002B41D|55
14.3146245059|3|13.462|1.452|00000002B42D|55
18.1989949749|2|18.199|0.000|00000002B42F|55
15.1531380753|2|15.153|0.000|00000002B431|55
16.5369863014|3|16.087|0.405|00000002B433|55
12.575|1|12.575|0.000|00000002B434|55
16.5369863014|3|15.390|2.632|00000002B437|55
16.3873303167|2|16.387|0.000|00000002B888|55
12.9146853147|5|14.937|3.033|00000002B88F|55
12.7971731449|4|14.685|7.317|00000002B894|55
12.1530201342|3|14.102|7.597|00000002B899|55
15.2|6|12.768|2.584|00000002C18C|55
