32.3357142857|5|26.130|27.612|000000019A2C|55
30.4336134454|2|30.434|0.000|000000019A65|55
29.6852459016|3|26.199|24.312|000000019A66|55
36.5818181818|6|28.053|68.019|000000019A69|55
32.3357142857|2|32.336|0.000|000000019A6A|55
31.1368421053|2|31.137|0.000|000000019A6B|55
22.7773584906|5|20.237|8.903|000000019A6E|55
26.054676259|2|26.055|0.000|000000019A72|55
34.8|1|34.800|0.000|000000019A78|55
40.8|4|31.631|43.161|000000019A7C|55
28.1714285714|3|30.638|12.169|000000019A7F|55
31.5692307692|2|31.569|0.000|000000019A81|55
11.0925|5|26.111|82.776|000000019A8A|55
42.111627907|4|31.633|122.391|000000019A90|55
25.5042253521|2|25.504|0.000|000000019A99|55
41.5011235955|3|38.263|20.969|000000019A9F|55
31.5692307692|3|31.107|0.428|000000019AA0|55
31.7684210526|3|27.443|37.417|000000019AA1|55
21.6862275449|2|21.686|0.000|000000019AA2|55
32.3357142857|3|28.015|37.339|000000019AA3|55
22.3555555556|3|21.942|0.342|000000019AA6|55
33.1738317757|3|31.560|5.207|000000019AA9|55
40.147826087|3|33.659|84.214|000000019AAA|55
28.7428571429|3|24.100|43.119|000000019AAC|55
30.9538461538|3|27.445|24.630|000000019AB4|55
29.2064516129|2|29.206|0.000|000000019AB7|55
41.6275862069|2|41.628|0.000|000000019ABC|55
30.9538461538|2|30.954|0.000|000000019ABD|55
38.3172413793|2|38.317|0.000|000000019AC3|55
43.1142857143|2|43.114|0.000|000000019AC5|55
27.9818181818|5|23.816|13.406|00000001AE9B|55
38.5826086957|6|36.977|44.782|00000001AECC|55
35.8545454545|8|28.450|129.791|00000001AECD|55
14.1428571429|5|22.106|53.158|00000001AECE|55
32.7461538462|5|31.115|12.071|00000001AED1|55
14.6571428571|3|18.479|29.209|00000001AED2|55
35.8545454545|3|37.570|5.883|00000001AED8|55
37.3360824742|6|30.920|56.694|00000001AEE3|55
41.5011235955|4|33.235|71.984|00000001AEE4|55
21.8168674699|5|22.525|71.346|00000001AEE8|55
35.5058823529|3|39.898|38.579|00000001AEF3|55
22.9215189873|5|24.321|113.148|00000001AEFE|55
34.8452830189|3|38.422|25.581|00000001AF01|55
35.8678899083|5|32.707|72.035|00000001AF09|55
23.8263157895|6|26.825|142.630|00000001AF13|55
32.5651376147|2|32.565|0.000|00000001AF21|55
36.593814433|5|36.680|20.463|00000001C4A1|55
27.1588235294|4|29.661|83.904|00000001C4A8|55
40.147826087|4|37.023|12.657|00000001C4F3|55
47.6780487805|9|34.477|85.029|00000001DBB1|55
33.2756756757|8|28.300|73.658|00000001DBEB|55
27.3802816901|5|30.694|68.204|00000001DC16|55
27.5641791045|8|28.909|6.221|00000001DC2B|55
37.7617021277|5|39.197|15.935|00000001DC52|55
40.6921348315|5|36.192|27.435|00000001DC68|55
29.3142857143|7|31.098|52.318|00000001F16B|55
10.7563636364|2|10.756|0.000|000000024C59|55
12.8425531915|2|12.843|0.000|00000002B238|55
16.6128440367|2|16.613|0.000|00000002B23F|55
18.1950738916|4|16.548|5.026|00000002B9EA|55
