37.6897959184|7|28.227|72.898|000000019C53|55
10.9413897281|7|27.458|151.753|000000019C5A|55
31.8413793103|2|31.841|0.000|000000019C5D|55
41.6275862069|5|34.472|46.050|000000019C68|55
37.725|6|39.892|53.854|000000019C6C|55
30.4336134454|5|37.276|46.175|000000019C74|55
12.3183673469|3|24.085|276.906|000000019C78|55
16.2713656388|3|22.894|87.711|000000019C79|55
15.6103448276|4|26.372|170.484|000000019C7A|55
39.0065934066|4|38.774|16.894|000000019C7D|55
27.3245901639|2|27.325|0.000|000000019C7E|55
18.5391304348|3|23.959|58.759|000000019C7F|55
33.4867924528|3|29.578|30.553|000000019C80|55
36.5818181818|3|34.491|8.742|000000019C84|55
31.0386554622|3|31.883|1.427|000000019C85|55
31.5692307692|7|33.133|150.305|00000001B0EB|55
37.3360824742|4|38.674|5.079|00000001B0F6|55
37.3360824742|3|43.198|68.734|00000001B108|55
33.8862385321|5|38.201|81.856|00000001B117|55
21.9111111111|5|25.758|90.695|00000001B11B|55
31.0386554622|6|29.687|83.220|00000001C6F9|55
32.3357142857|4|30.016|5.500|00000001C70E|55
12.618815331|7|26.328|81.827|00000001DE95|55
12.8882562278|2|12.888|0.000|00000002B292|55
15.5433476395|3|16.118|0.660|00000002B294|55
19.4507462687|3|17.002|11.990|00000002B6A3|55
18.7062200957|4|17.465|2.763|00000002C3A0|55
