24.1469387755|2|24.147|0.000|000000019EE8|55
35.5058823529|5|30.130|44.660|000000019EEC|55
31.2206896552|2|31.221|0.000|000000019EFD|55
30.3384615385|2|30.338|0.000|000000019F02|55
31.4123893805|3|28.487|17.115|000000019F05|55
30.2754098361|6|32.698|91.531|00000001B3D1|55
12.0325423729|4|22.201|103.633|00000001B3ED|55
36.593814433|6|34.666|43.430|00000001B3F6|55
34.8|2|34.159|0.411|00000001CA58|55
18.108|5|33.984|84.657|00000001CA61|55
25.9094890511|5|31.085|98.962|00000001E1CA|55
15.0406779661|2|15.041|0.000|00000002B30A|55
20.1836065574|3|18.033|9.253|00000002B73B|55
13.5134328358|4|16.029|6.334|00000002BBBC|55
