10.4560509554|4|17.173|61.006|00000001A5B0|55
29.6852459016|5|27.762|47.602|00000001A5B6|55
44.1658536585|2|44.166|0.000|00000001A5BD|55
11.4607594937|3|17.744|78.951|00000001A5C0|55
25.15|2|24.189|0.923|00000001A5C3|55
37.3360824742|2|37.336|0.000|00000001A5C4|55
38.5276595745|3|31.685|93.641|00000001A5CB|55
25.755704698|2|25.756|0.000|00000001A5D2|55
23.5261146497|4|20.956|6.955|00000001A5D5|55
30.2754098361|2|30.275|0.000|00000001A5D8|55
36.2117647059|4|32.090|58.210|00000001A5D9|55
25.5042253521|4|25.145|4.554|00000001A5DA|55
36.2347826087|3|28.361|124.007|00000001A5DC|55
32.627027027|3|27.893|44.831|00000001A5DF|55
22.6089171975|4|24.822|29.261|00000001A5E3|55
34.1660377358|3|28.476|64.760|00000001A5E6|55
30.4336134454|3|26.080|37.912|00000001A5EA|55
27.9496062992|2|27.950|0.000|00000001A5F0|55
30.3384615385|3|27.658|14.365|00000001A5F3|55
37.3360824742|3|31.514|67.791|00000001A5F4|55
43.9714285714|3|35.867|131.366|00000001A5F7|55
35.5058823529|3|30.479|50.533|00000001A5F8|55
19.6826086957|2|19.683|0.000|00000001A5F9|55
32.4|1|32.400|0.000|00000001A5FF|55
29.0834645669|2|29.083|0.000|00000001A600|55
27.0268656716|7|26.866|73.423|00000001BB43|55
25.5042253521|5|30.704|88.681|00000001BB63|55
30.9538461538|5|24.297|58.173|00000001BB6D|55
24.789261745|6|29.285|94.199|00000001BB71|55
36.8830188679|7|25.881|87.274|00000001BB78|55
33.846728972|3|32.221|5.288|00000001BB79|55
30.4336134454|5|29.872|45.359|00000001BB85|55
36.2347826087|3|42.805|86.340|00000001BB8A|55
28.5165354331|4|27.503|37.976|00000001BB90|55
24.9971830986|3|29.887|47.821|00000001BB94|55
33.846728972|4|29.059|43.920|00000001BBA6|55
29.6852459016|4|28.006|36.611|00000001BBA7|55
36.593814433|3|38.127|4.699|00000001BBB1|55
26.054676259|6|21.979|30.343|00000001D21D|55
31.7684210526|5|28.979|27.360|00000001D22E|55
26.8909090909|5|25.405|29.457|00000001D236|55
20.6346368715|4|22.210|2.629|00000001D23F|55
34.5196261682|10|30.222|117.837|00000001E955|55
30.7842519685|6|28.090|84.718|00000001E96E|55
15.852360515|2|15.852|0.000|00000002B46B|55
11.6886075949|4|14.221|8.062|00000002B46D|55
15.5193277311|2|15.519|0.000|00000002B46F|55
12.3604095563|3|12.490|0.034|00000002B8CB|55
11.2685714286|3|14.248|17.757|00000002B8D5|55
14.3146245059|3|14.452|0.038|00000002BD48|55
16.5869158879|6|14.119|4.295|00000002C4D5|55
