00000002A439,11.4517241379,1477911092
00000001367B,25.0641509434,1477911010
00000001A395,31.4511627907,1477910734
000000005ADF,29.2029850746,1477911100
000000005B21,26.2184210526,1477911394
000000005ADE,32.2,1477911097
000000007B8E,23.8634730539,1477911098
000000005B24,31.9464566929,1477911386
000000005A9D,35.9027027027,1477910811
0000000119D4,37.2448598131,1477911384
000000005A9C,41.5125,1477911178
000000009B4F,37.2448598131,1477911325
000000005B1E,29.0890510949,1477911376
000000005B1B,29.0890510949,1477911374
00000001196C,40.9818181818,1477910908
000000011968,39.0705882353,1477911026
000000005B2B,29.1118110236,1477911417
000000005B17,34.0615384615,1477911341
000000005B12,34.3551724138,1477911290
0000000165C5,38.3647058824,1477911448
000000011962,32.6655737705,1477910857
000000005A96,35.5821428571,1477910781
000000005A91,33.6535714286,1477910759
000000005A93,29.6145985401,1477910778
000000007BDC,37.2220183486,1477911449
000000005B2C,28.6705035971,1477911428
000000005B2A,34.0941176471,1477911410
000000005AD3,36.5719626168,1477911055
000000005AD1,28.1525179856,1477911068
000000005A8A,33.2557377049,1477910742
000000005AD8,30.8125984252,1477911084
000000013672,31.9464566929,1477911051
000000007AED,30.4213740458,1477910747
000000013679,27.6,1477911020
00000002BCD7,14.1496688742,1477910745
000000005ABE,39.7764705882,1477911333
000000005ABA,44.9793103448,1477910919
000000017D49,31.3795275591,1477911005
000000005B05,31.3795275591,1477911530
000000005B04,33.0107142857,1477911243
000000005A89,32.7193548387,1477910732
000000009B2F,29.6454545455,1477911142
00000001198D,24.6,1477911402
0000000271D2,12.6917197452,1477911389
0000000271D1,18.280733945,1477911333
0000000136BF,27.675,1477911495
0000000271D5,16.9402597403,1477911451
00000001A3D8,26.2184210526,1477911078
000000005AE7,29.0890510949,1477911152
000000005AE6,26.7463087248,1477911154
00000002C18B,23.3052631579,1477910958
00000002B85E,19.9862068966,1477911284
000000007B58,27.1102040816,1477910910
000000007BE8,41.8268041237,1477911519
0000000119F5,35.5821428571,1477911539
0000000154CA,34.6769230769,1477911380
00000001CFE4,37.9177570093,1477911423
00000001B888,32.6655737705,1477911115
000000005A9E,39.7764705882,1477910816
000000009AA7,20.2956521739,1477911002
000000007B5D,29.1884892086,1477910903
000000005B0C,29.1884892086,1477911283
000000016E56,42.3957446809,1477911422
000000007B5A,28.7149606299,1477910891
000000005AEE,40.3422680412,1477911155
0000000119A5,32.6655737705,1477911206
00000001D006,32.1387096774,1477911257
000000011988,36.225,1477911023
00000000FD05,44.9793103448,1477911206
000000005AB6,28.6705035971,1477910938
000000005AB7,22.9220338983,1477910960
000000005AB3,23.588372093,1477910943
000000005A64,32.1387096774,1477911259
000000007B41,32.1387096774,1477911194
000000009A6E,37.9177570093,1477911382
00000000FD18,33.4461538462,1477911318
0000000271B5,11.2895184136,1477910764
0000000136DA,46.447826087,1477911537
000000011838,29.1884892086,1477910946
0000000271CE,15.1122302158,1477911348
00000001B922,36.225,1477911133
000000005AC5,36.225,1477911007
00000001192C,33.2557377049,1477911320
000000007B79,23.8609756098,1477911085
000000005AC3,19.7287128713,1477911041
000000005B23,41.0845360825,1477911368
000000007B71,22.9220338983,1477911019
000000007B51,31.3795275591,1477910847
000000005AC1,20.3879396985,1477911021
00000001CFA3,15.506614786,1477911143
0000000119C6,22.5152542373,1477911377
0000000119C3,32.6655737705,1477911379
0000000136AC,30.8930232558,1477911382
000000009B1E,37.2220183486,1477911039
000000009B00,27.675,1477910972
0000000119C8,29.0890510949,1477911349
000000009AFD,36.9169811321,1477911124
0000000271B9,17.6899521531,1477910716
000000015483,34.3551724138,1477910847
000000007B64,37.9177570093,1477911533
000000005AD4,20.3326530612,1477911100
000000007BE5,43.3173913043,1477911478
000000007B69,13.8945205479,1477911053
000000005ACF,41.8268041237,1477911042
00000000FCE9,29.0890510949,1477911090
0000000119B0,42.3957446809,1477911213
00000002B7EC,15.4671936759,1477911256
000000005B42,41.629787234,1477911488
000000007B91,29.0890510949,1477911163
000000005AFD,26.0076923077,1477911243
00000000E165,32.0754098361,1477911197
000000005AFF,26.802739726,1477911247
000000005B3D,26.3454545455,1477911503
000000007B84,36.5719626168,1477911048
000000009B74,30.8125984252,1477911502
000000009B6A,29.3029411765,1477911465
000000005AA6,29.3428571429,1477910849
00000001542E,40.1869565217,1477910822
000000005AA2,22.6659217877,1477910868
0000000165C2,35.9027027027,1477911328
000000005B13,41.8268041237,1477911282
000000005B30,28.2638297872,1477911441
000000005B31,39.5272727273,1477911425
000000005B32,31.9464566929,1477911442
000000005B34,22.9034482759,1477911484
00000002C156,13.0006644518,1477911217
000000005AAE,34.3551724138,1477910895
0000000165C4,23.8634730539,1477911487
000000005AF8,30.8930232558,1477911207
000000027827,21.0387096774,1477911380
0000000119E7,27.1102040816,1477911495
0000000059F4,34.3551724138,1477910727
0000000238A6,10.143,1477911294
000000005AF1,37.9177570093,1477911168
000000007B9B,26.2184210526,1477911179
000000007BBB,30.1909090909,1477911372
000000007BE1,34.0615384615,1477911458
000000005AF7,35.9009174312,1477911190
000000007B78,37.9177570093,1477910995
00000001CFFF,34.0615384615,1477911266
00000001B997,44.1,1477911155
