0000000050D6,25.5169811321,1477892139
000000011125,29.0890510949,1477892781
000000005142,40.2545454545,1477892917
0000000050DD,30.8930232558,1477892171
000000007213,35.5821428571,1477892581
000000007215,29.8323529412,1477892226
00000001C94A,29.3029411765,1477892503
00000001E0E3,39.6391304348,1477892772
000000012E85,29.0890510949,1477892224
0000000050F4,29.0890510949,1477892348
0000000110E4,36.225,1477892202
0000000050F3,33.4890756303,1477892322
000000026FE9,13.6948453608,1477892223
00000000512E,32.7193548387,1477892778
00000000512F,27.5124087591,1477892804
00000000512A,27.1102040816,1477892759
00000000723E,35.3042016807,1477892667
00000001C95D,39.5617021277,1477892726
000000005120,34.9578947368,1477892643
000000005121,35.0262295082,1477892654
00000001C95A,39.5272727273,1477892564
000000026FED,10.4074468085,1477892442
0000000050FD,34.9392857143,1477892399
0000000050FC,35.9027027027,1477892393
000000019E35,30.2776119403,1477892715
000000005135,32.8840336134,1477892846
000000005134,32.0754098361,1477892830
000000005132,30.1909090909,1477892820
000000005139,28.1525179856,1477892882
00000000F462,32.6655737705,1477892457
000000019E2E,42.5347826087,1477892310
000000005100,30.3967741935,1477892431
000000005101,27.675,1477892639
000000005104,28.7735294118,1477892478
000000005105,39.4574257426,1477892464
00000000513F,48.6,1477892895
00000000513E,45.5865168539,1477892889
00000000722E,42.3957446809,1477892538
00000001B2FC,31.3795275591,1477892163
000000011119,42.5347826087,1477892646
000000005119,29.0890510949,1477892604
000000005118,29.1884892086,1477892599
000000005114,35.5821428571,1477892568
0000000050E9,25.5461538462,1477892264
0000000050EE,29.585915493,1477892889
0000000050EF,37.2448598131,1477892306
0000000050EB,34.6769230769,1477892256
00000000921A,25.3834394904,1477892771
000000026FF3,18.1211538462,1477892480
00000000512D,32.3727272727,1477892764
00000001110A,25.4103896104,1477892528
000000009211,30.3967741935,1477892408
000000018A56,32.6655737705,1477892442
00000000724F,26.5436619718,1477892875
000000012E52,20.5422680412,1477892103
0000000050E2,40.2545454545,1477892190
000000029C78,14.9358778626,1477892355
000000026FF6,12.6917197452,1477892648
00000000511F,36.5719626168,1477892619
00000000511B,27.175,1477892624
