0000000056E7,36.5614678899,1477906005
000000011649,20.5422680412,1477906295
00000000569F,23.8634730539,1477905664
00000000569D,30.8930232558,1477905631
00000000776C,26.2184210526,1477905716
0000000056A2,27.1102040816,1477905664
0000000056A0,48.6,1477905622
0000000056A7,33.4890756303,1477905677
000000007797,32.1387096774,1477905953
0000000056E2,37.2448598131,1477905972
00000001E497,33.2557377049,1477905605
000000029761,13.1727272727,1477906327
00000000970A,25.3834394904,1477905825
00000000776E,18.6342857143,1477905747
0000000115EC,24.0076433121,1477905741
000000027D87,12.3380804954,1477905727
00000000569E,45.8068965517,1477905616
000000013340,31.9464566929,1477906360
000000007723,31.8272727273,1477905910
0000000056A4,34.0615384615,1477905655
00000002C0E0,13.8375,1477906146
00000000AA2E,45.8068965517,1477906242
0000000056A8,28.6705035971,1477905689
00000001A11C,30.1909090909,1477905773
000000009780,28.0647887324,1477905968
0000000056FB,23.5810650888,1477906142
0000000132AD,28.0647887324,1477905994
0000000056F0,29.7402985075,1477906060
0000000056F6,31.3795275591,1477906090
00000000F8D6,33.4461538462,1477905778
000000016D89,25.3834394904,1477905965
00000002773F,15.5671875,1477906212
0000000115F2,20.2294416244,1477905778
0000000055ED,38.3647058824,1477906002
00000001160C,36.225,1477906334
0000000163EB,33.4890756303,1477906086
00000002776A,11.7513513514,1477906017
000000011608,34.0615384615,1477906122
000000007780,27.1102040816,1477905814
0000000115FC,37.9177570093,1477905902
000000005703,34.6769230769,1477906164
00000000C402,39.0705882353,1477906047
000000005708,44.9793103448,1477906164
0000000056DB,34.7551401869,1477905907
0000000056DF,29.0890510949,1477905968
0000000056D5,23.2666666667,1477905892
0000000056D4,41.0845360825,1477905842
0000000056D7,28.6705035971,1477905910
0000000056D6,43.3173913043,1477905862
0000000096F7,32.6655737705,1477905719
0000000056D8,30.1388429752,1477905900
00000000570F,37.2448598131,1477906216
00000002B7C9,17.9504587156,1477906151
000000005712,41.0845360825,1477906220
000000021276,10.4873684211,1477906285
0000000270F6,10.2711340206,1477905697
0000000270F9,15.4062992126,1477905804
00000002A399,13.0006644518,1477905728
0000000076BF,26.2630872483,1477906264
0000000056C3,31.3795275591,1477905798
0000000056C5,34.0615384615,1477905803
00000001CCF4,26.2184210526,1477905941
0000000056BF,40.3422680412,1477905762
000000005721,32.6655737705,1477906318
000000005727,39.0705882353,1477906346
000000005724,34.0615384615,1477906331
000000005725,25.9152317881,1477906363
00000000F932,21.8967032967,1477906298
000000027774,11.8881028939,1477906327
000000005728,34.5798165138,1477906351
0000000077AB,43.3173913043,1477906019
000000029D74,13.0038461538,1477906188
00000001163F,30.8930232558,1477906206
00000001B69A,37.2448598131,1477905622
000000011634,25.5169811321,1477906187
000000009766,35.9044247788,1477905909
00000000572A,41.8268041237,1477906348
000000007783,35.9009174312,1477905803
00000000572D,29.6145985401,1477906390
000000005731,38.3647058824,1477906414
000000005733,32.6655737705,1477906436
000000015113,20.38125,1477905932
000000027100,20.1711340206,1477905900
