00000001380F,23.8634730539,1477913299
00000000C854,41.0845360825,1477913317
000000007D30,41.8268041237,1477913228
000000007D33,27.675,1477913778
000000009CB1,46.3395348837,1477913299
000000029891,16.7445378151,1477913751
000000007D81,39.0705882353,1477913656
000000005CAC,31.3795275591,1477913578
00000000E301,30.1909090909,1477913901
000000005CAA,25.0641509434,1477913542
00000001BAC9,32.6655737705,1477913697
000000005CA1,33.2557377049,1477913473
000000005CA7,43.3173913043,1477913493
000000005CA6,42.4965517241,1477913484
000000005CA9,40.2545454545,1477913507
000000005B12,36.9529411765,1477913240
000000007D22,26.2184210526,1477913152
000000011B12,45.8068965517,1477913244
00000001E8EF,31.6285714286,1477913831
00000002989D,18.45,1477913497
00000002989E,19.345631068,1477913513
000000011B0F,27.5577464789,1477913225
000000011AF8,23.588372093,1477913164
00000000FEA5,32.6655737705,1477913627
00000001A4CD,37.5962264151,1477913507
000000007D18,32.1387096774,1477913532
000000007CD8,32.3404958678,1477913454
000000027228,15.506614786,1477913819
000000027225,12.8723684211,1477913825
000000007D17,28.5718309859,1477913128
000000027221,15.2526315789,1477913722
000000027220,12.3380804954,1477913733
000000011B22,26.2184210526,1477913346
000000011B20,34.9392857143,1477913672
000000027877,22.1704918033,1477913593
000000011B28,38.3192307692,1477913318
000000005C7B,24.9248407643,1477913261
00000001A549,41.0845360825,1477913742
00000002721D,16.7948497854,1477913644
00000001D15A,36.5614678899,1477913524
000000027213,19.8268656716,1477913359
00000000FEDB,32.0754098361,1477913759
0000000137AA,22.793258427,1477913192
0000000137AB,32.4,1477913532
000000005C71,34.9578947368,1477913160
000000011B34,39.0705882353,1477913772
000000011B37,44.7775280899,1477913388
000000005C81,31.9464566929,1477913271
000000005C75,35.2672566372,1477913175
000000005C6B,32.6655737705,1477913123
000000005C6C,31.6,1477913130
00000000FEC3,19.252173913,1477913883
000000009CDA,31.3795275591,1477913362
000000005CE1,36.5614678899,1477913822
000000027E9B,14.3340659341,1477913831
000000007CEC,23.8634730539,1477913337
000000007D1D,30.3348837209,1477913130
00000001A515,32.2153846154,1477913746
000000005CD9,36.8363636364,1477913791
000000007D79,30.8125984252,1477913606
00000001A519,36.5614678899,1477913399
00000000AC4F,30.1909090909,1477913760
0000000137C9,29.0890510949,1477913591
000000009C6F,33.4890756303,1477913435
000000007D88,34.0615384615,1477913766
00000001BA40,34.3263157895,1477913163
000000007D83,38.3192307692,1477913656
000000007D6A,13.5551020408,1477913645
00000002815C,21.1978723404,1477913494
000000011B73,43.1617021277,1477913813
000000005CC0,27.675,1477913720
000000005CC2,23.8634730539,1477913734
000000005CEC,35.9092436975,1477913901
000000005CE7,27.675,1477913890
000000007D68,34.0615384615,1477913520
000000005CE3,33.4890756303,1477913835
000000007D8D,34.553271028,1477913874
00000001D17F,27.675,1477913895
000000007D8B,43.3173913043,1477913707
000000005CAD,27.675,1477913607
00000000E28F,34.0941176471,1477913155
000000011B59,30.1909090909,1477913646
000000015680,22.9220338983,1477913828
000000007CBB,30.4213740458,1477913657
00000002720C,17.9504587156,1477913108
00000002720B,11.7260115607,1477913166
000000005CF6,38.3192307692,1477913925
000000005CDE,17.6173913043,1477913865
000000005CDF,26.2184210526,1477913839
000000005C83,29.3029411765,1477913298
000000005C84,10.3523809524,1477913419
000000005C86,28.0647887324,1477913325
000000005C87,34.0941176471,1477913320
000000011AAB,26.2184210526,1477913448
000000005CF1,32.7185840708,1477913913
000000009D05,29.1884892086,1477913877
000000005C73,37.6269230769,1477913167
0000000119EE,41.8268041237,1477913643
00000002520D,10.143,1477913143
00000001562D,28.2638297872,1477913340
00000000FE72,42.3957446809,1477913225
000000011B7D,28.5635036496,1477913886
00000001BAB2,30.4213740458,1477913528
000000011AF1,30.4213740458,1477913404
000000009D3A,32.4,1477913801
00000000FED4,39.7764705882,1477913721
000000005C97,28.6705035971,1477913423
000000005CE5,20.7047619048,1477913890
000000011AFE,32.0754098361,1477913609
000000009D37,33.4461538462,1477913765
000000005CA8,21.8967032967,1477913547
000000005CCB,37.2448598131,1477913719
000000009D15,17.4879310345,1477913711
000000011B79,32.0754098361,1477913877
000000007D21,39.3319148936,1477913121
000000005CB7,37.2448598131,1477913640
000000007D46,25.8420382166,1477913361
0000000137EF,26.2184210526,1477913264
000000013856,34.0615384615,1477913694
00000000FE64,20.3142857143,1477913201
000000011AE0,30.1909090909,1477913330
00000001384C,21.5010989011,1477913629
00000001BAB4,24.9248407643,1477913308
00000001906C,28.1525179856,1477913284
000000005BFC,39.852,1477913203
