000000004D65,22.8222222222,1477883101
000000012BEA,39.0705882353,1477883921
000000008F11,20.3142857143,1477883592
000000004DBB,35.5821428571,1477883860
000000019C7D,31.1504132231,1477883361
000000006EF0,26.802739726,1477883331
000000026F3E,13.1524752475,1477883332
000000006EE3,38.1154639175,1477883155
000000004D9E,44.0536082474,1477883543
000000026F40,17.0470588235,1477883375
000000008F0B,32.2153846154,1477883639
00000001DEC6,36.225,1477883588
000000004D9A,33.4890756303,1477883521
000000004D89,34.9578947368,1477883349
000000006EBA,12.6392523364,1477883298
0000000295C4,12.3056603774,1477883100
000000004D87,26.2184210526,1477883359
000000004D81,34.0615384615,1477883309
000000027BDF,11.7905325444,1477883222
00000000F1AD,41.8268041237,1477883458
00000000D753,34.9578947368,1477883608
000000004D41,24.3236842105,1477883260
000000006F02,22.5700598802,1477883853
000000004D70,34.9578947368,1477883181
000000004D85,34.0615384615,1477883319
000000006EF8,31.5580645161,1477883441
000000008EFE,25.8779220779,1477883545
00000000F1C9,23.3052631579,1477883349
000000004DAF,25.6408163265,1477883812
00000001F2BE,52.112195122,1477883594
00000002758E,19.5057692308,1477883105
000000006EB1,24.7390243902,1477883217
000000019C6D,40.9818181818,1477883231
000000004D8B,28.1525179856,1477883373
000000010E65,37.2448598131,1477883643
000000004DB2,30.1909090909,1477883810
000000004DB7,31.3795275591,1477883840
000000019C74,48.3,1477883257
00000000D763,31.3795275591,1477883893
000000010E4D,24.6,1477883428
00000000A737,16.467768595,1477883111
000000010E6C,32.1387096774,1477883773
000000019C72,34.9578947368,1477883250
