000000005BD6,40.2545454545,1477912285
000000028CA6,14.3352517986,1477912258
00000000FE0A,33.1255813953,1477912659
000000005C48,37.6269230769,1477912937
0000000271F9,12.7322683706,1477912530
000000007C8D,49.4780487805,1477912314
000000005C45,26.3454545455,1477912952
0000000271F7,10.1177057357,1477912545
0000000271F0,13.6147651007,1477912330
000000005C55,30.8930232558,1477913031
000000005C43,35.5821428571,1477912922
000000027850,19.6018348624,1477912296
000000005C5D,37.3454545455,1477913044
000000005C5A,42.3957446809,1477913033
000000005BCA,33.4890756303,1477912245
00000001D0A1,28.6705035971,1477912229
000000017E45,37.2448598131,1477912615
00000001E865,34.0615384615,1477912428
000000005BC8,39.0115384615,1477912212
000000009C9D,37.2220183486,1477913043
000000007CA7,31.3795275591,1477912512
0000000155CD,26.7319148936,1477912938
000000005C2C,30.3348837209,1477912832
000000005C51,37.2448598131,1477912995
000000011A57,29.2029850746,1477912952
000000007C85,17.5559471366,1477912433
000000005C4D,34.0615384615,1477912973
000000005C4E,25.3834394904,1477913003
00000000AC07,34.553271028,1477912872
0000000271FA,11.1027027027,1477912644
000000015574,27.5577464789,1477912363
00000001A498,15.6,1477912449
00000000E257,20.75625,1477912611
000000005BB6,21.13125,1477912505
000000005B01,16.1344129555,1477912255
000000009C31,26.2184210526,1477912593
00000000FDED,38.1154639175,1477912501
0000000271EE,18.7234449761,1477912245
000000015566,17.5559471366,1477912270
000000007CF4,30.4213740458,1477912905
00000000E21C,34.6769230769,1477912882
000000013762,25.3834394904,1477912625
00000001559A,27.7890410959,1477912704
0000000271F3,11.7905325444,1477912408
00000000E249,41.0845360825,1477912436
00000001BA57,44.9793103448,1477912552
00000001376B,43.3173913043,1477912357
000000009C48,26.0470588235,1477912670
00000000FE28,25.0444444444,1477912853
000000007CFC,26.7463087248,1477912982
000000011ABA,27.675,1477912779
000000011ABB,29.3029411765,1477912723
000000005BCE,28.175,1477912268
00000001E842,21.861452514,1477912328
00000001BA79,44.7775280899,1477912894
000000029212,16.0693548387,1477912930
000000013716,25.3232876712,1477912375
000000029E75,14.4391304348,1477912391
000000027205,15.9732283465,1477912906
000000028C98,14.4391304348,1477912427
000000007CBD,22.1389221557,1477912617
000000005C08,22.9220338983,1477912637
000000005C09,32.0754098361,1477912621
000000013786,29.8717557252,1477912460
000000005C1C,34.2870967742,1477912742
000000005C1B,38.3647058824,1477912722
000000005C1A,34.0615384615,1477912719
00000001F7BF,36.5719626168,1477912952
00000000FE2B,32.1387096774,1477912876
000000005A72,46.5857142857,1477912566
000000011AD0,43.1617021277,1477912823
000000007C7A,29.0890510949,1477912268
000000005C22,32.8840336134,1477912785
000000011ADB,30.7363636364,1477912956
000000005C12,15.8484375,1477912751
000000005C10,24.6,1477912683
000000005C17,29.6145985401,1477912713
00000000FD1B,43.3173913043,1477912371
0000000137B3,35.2261682243,1477912705
000000005BEF,22.5152542373,1477912495
000000011A7D,46.6344827586,1477912382
000000005B7B,33.5305785124,1477912517
000000005C0A,33.4890756303,1477913002
000000005C0B,35.9009174312,1477912628
000000005C0D,32.2153846154,1477912636
000000007CDC,35.5821428571,1477912801
000000019033,40.3422680412,1477912287
000000013731,33.4890756303,1477912475
000000019073,35.9044247788,1477912768
00000002B41F,15.152851711,1477912446
00000001A4E0,32.8840336134,1477912828
000000005C24,30.1909090909,1477912802
000000005C25,36.5719626168,1477912799
000000005BF3,28.175,1477912914
000000005BF2,37.5107142857,1477912473
00000001BA3B,29.52,1477912354
000000005BC4,32.6655737705,1477912207
000000007BEC,30.1909090909,1477912588
00000001D118,33.6535714286,1477912991
0000000137E6,30.1909090909,1477913033
000000007CB3,22.1084745763,1477912553
000000005A3C,24.2946107784,1477912320
000000005C3C,39.0115384615,1477912867
000000005BEA,20.7098901099,1477912472
000000005C3E,26.9868613139,1477912901
000000005C3F,32.3727272727,1477912913
00000001A4B0,26.3454545455,1477912888
000000005BE9,35.9009174312,1477912418
0000000137A1,26.2184210526,1477912610
000000005C30,28.6705035971,1477912850
000000005C32,30.5553719008,1477912853
000000011A86,41.0845360825,1477912412
000000005C2F,25.8779220779,1477912854
000000005BFF,32.6198473282,1477912547
00000002327D,10.143,1477912253
000000013693,26.927027027,1477912372
00000000AC19,32.6655737705,1477912852
000000009C02,41.0845360825,1477912321
00000002B021,17.8708520179,1477912226
00000001D0B3,26.6921052632,1477912613
00000001D0B2,23.8634730539,1477912287
000000005C2D,24.7973684211,1477912850
00000001D0B6,28.7744680851,1477912236
00000001D0B5,43.3173913043,1477912950
