000000013DA8,48.6,1477927920
0000000061E1,34.9578947368,1477927296
0000000061E2,47.7219512195,1477927291
00000000E6FF,39.0705882353,1477927981
0000000061E7,37.2448598131,1477927380
000000008299,35.5821428571,1477927644
00000002797E,12.4927899687,1477927896
000000013D8C,46.5857142857,1477927686
0000000082B2,10.9483516484,1477927755
0000000082AE,32.7193548387,1477927587
0000000061FC,39.2635514019,1477927708
000000012007,41.0845360825,1477927686
0000000061FB,39.3319148936,1477927700
0000000061FD,41.0845360825,1477927731
0000000061FF,32.7193548387,1477927877
000000006205,39.5272727273,1477927956
000000006206,35.5821428571,1477927971
000000006200,39.7764705882,1477927886
000000006201,26.2184210526,1477927928
00000000AF0C,46.6344827586,1477927258
0000000061F3,35.9092436975,1477927603
00000002C57D,13.6825174825,1477927284
0000000061F6,44.1,1477927617
0000000061E5,23.3172413793,1477927401
0000000082A0,35.9009174312,1477927332
00000002731F,15.2106870229,1477927718
0000000082A9,32.6655737705,1477927554
00000000A24E,32.3404958678,1477927607
00000001BE3C,33.0107142857,1477927794
000000012012,38.3192307692,1477927934
0000000061EC,34.6769230769,1477927526
