000000027FA7,11.2895184136,1477926644
0000000061E1,34.9578947368,1477927296
0000000061E5,23.3172413793,1477927401
0000000061E7,37.2448598131,1477927380
0000000061C6,28.6705035971,1477926753
000000011FE5,35.9092436975,1477926922
000000011FE9,45.8068965517,1477926767
00000000A22A,36.5230769231,1477926928
00000000AF0C,46.6344827586,1477927258
0000000061E2,47.7219512195,1477927291
00000002C57D,13.6825174825,1477927284
0000000061D3,36.5719626168,1477926702
0000000061D7,36.225,1477926791
0000000082A0,35.9009174312,1477927332
000000008266,36.5719626168,1477926694
000000013D6D,40.3422680412,1477927181
00000000A228,44.7775280899,1477926893
000000013D76,36.9529411765,1477926797
0000000102D8,44.9793103448,1477926760
