0000000293C3,12.938961039,1477861914
00000001BF46,30.4213740458,1477862489
0000000293C8,17.1631578947,1477862231
000000006387,35.9009174312,1477861817
000000010424,34.553271028,1477862142
0000000063A0,49.4780487805,1477862354
0000000041A5,31.3795275591,1477862348
00000001041C,48.6,1477862030
00000001D657,43.3173913043,1477861860
00000001A983,44.0142857143,1477862008
00000000419D,40.8659340659,1477862184
00000000419E,32.0754098361,1477862205
00000000419C,33.4890756303,1477862157
00000001041D,33.4461538462,1477862046
000000004190,39.5272727273,1477862111
000000026CE0,15.2106870229,1477862492
000000012165,28.0647887324,1477861982
0000000041B4,48.6,1477862586
000000004198,18.9771428571,1477862194
00000001042A,41.8268041237,1477862212
00000001040A,22.7511627907,1477861818
0000000299E9,20.1272727273,1477862316
000000026CDF,11.6186588921,1477862526
00000000418C,25.7447368421,1477861966
00000000418D,32.8840336134,1477861951
00000002B538,13.1524752475,1477862458
0000000041A4,44.9793103448,1477862301
