16.467768595|2|16.468|0.000|000000005EA5|25
41.0845360825|2|41.085|0.000|000000005EB2|25
39.7764705882|2|39.776|0.000|000000005EBA|25
11.8255192878|2|11.826|0.000|000000005EC0|25
26.6204081633|3|31.579|49.166|000000005EC7|25
24.6113207547|3|23.747|1.495|000000005ECA|25
32.0754098361|3|32.557|0.465|000000005ECE|25
30.4213740458|2|30.421|0.000|000000005ED2|25
37.2448598131|4|37.956|67.361|000000005ED5|25
35.9009174312|4|40.549|27.608|000000005ED6|25
29.0890510949|3|33.228|34.262|000000005EDF|25
24.2946107784|2|24.295|0.000|000000005EE1|25
29.0890510949|3|26.859|9.943|000000005EE2|25
40.1869565217|3|39.668|0.539|000000005EE6|25
38.3192307692|3|35.370|17.391|000000005EEA|25
29.7402985075|3|33.839|33.598|000000005EEF|25
22.7511627907|3|24.567|6.598|000000007F76|25
38.3647058824|3|34.159|35.375|000000007F83|25
24.1423728814|4|29.848|39.867|000000007F8E|25
35.5821428571|2|35.582|0.000|000000007F95|25
27.2295302013|4|32.880|34.137|000000007F9D|25
37.2448598131|4|33.974|19.503|000000007FA8|25
19.3722772277|3|24.700|56.768|000000007FB1|25
37.5962264151|7|36.448|129.765|000000009F37|25
51.7558441558|5|40.090|105.249|000000009F45|25
36.5614678899|4|33.100|12.017|000000009F8B|25
47.7219512195|5|35.157|158.826|00000000E48A|25
28.1525179856|6|29.323|23.935|000000010085|25
37.2448598131|4|36.079|11.284|000000010096|25
29.6454545455|4|31.189|13.397|000000011D24|25
23.8609756098|5|29.493|67.246|000000011D43|25
30.4213740458|4|28.867|101.228|000000011D53|25
52.7268292683|4|44.453|68.940|000000011D57|25
36.5513513514|6|37.326|33.395|000000011D62|25
32.1387096774|3|30.775|3.719|000000011D63|25
32.6655737705|7|31.769|155.721|000000011D66|25
30.8930232558|3|40.545|186.335|000000011D67|25
42.5347826087|4|38.728|17.882|000000011D85|25
41.0845360825|4|37.117|15.840|000000013AA5|25
33.7344827586|6|36.368|39.815|000000013AAC|25
29.6145985401|8|34.995|44.954|000000015874|25
22.2340909091|7|32.188|53.047|0000000167F6|25
44.1|6|35.309|62.316|00000001A695|25
43.3173913043|4|36.944|56.121|00000001BC50|25
34.0615384615|4|33.829|8.067|00000001BC62|25
35.9009174312|8|35.088|85.423|00000001D2E5|25
24.2946107784|14|31.743|121.618|00000001F93B|25
34.0615384615|8|33.995|83.437|00000001F944|25
10.2711340206|3|16.053|66.851|000000027284|25
15.2689655172|2|15.269|0.000|000000027286|25
18.8872037915|3|18.185|0.986|000000027287|25
14.5419354839|3|17.124|13.330|000000027289|25
14.1822064057|2|14.182|0.000|00000002728C|25
17.4789473684|3|16.356|2.524|0000000278EF|25
11.8607142857|4|15.927|19.822|000000029905|25
21.7770491803|4|19.796|4.439|000000029908|25
15.9741444867|4|15.271|0.509|000000029F0C|25
12.15|3|12.324|0.226|00000002A503|25
17.5636363636|6|16.018|4.778|00000002B8E9|25
11.8607142857|10|13.657|9.318|00000002C1D6|25
