25.8420382166|2|25.842|0.000|000000004C01|25
20.864921466|4|27.545|70.568|000000004C02|25
32.6655737705|3|34.742|8.619|000000004C05|25
30.8930232558|7|34.335|113.508|000000004C07|25
31.3795275591|2|31.380|0.000|000000004C0F|25
31.4511627907|2|31.451|0.000|000000004C11|25
32.6655737705|3|34.212|4.784|000000004C1B|25
33.919266055|2|33.919|0.000|000000004C1C|25
47.4428571429|4|46.560|11.928|000000004C1E|25
51.3569620253|2|51.357|0.000|000000004C24|25
32.9355371901|3|30.791|9.196|000000004C26|25
30.8125984252|4|36.579|64.332|000000004C2B|25
37.9177570093|4|38.733|36.710|000000004C2E|25
27.175|2|29.351|4.736|000000004C2F|25
33.4890756303|2|33.489|0.000|000000004C32|25
30.8125984252|2|30.813|0.000|000000004C33|25
33.0107142857|2|33.011|0.000|000000004C3A|25
29.585915493|3|28.721|1.495|000000004C3B|25
34.9578947368|3|34.228|1.065|000000004C47|25
28.6705035971|3|31.974|21.827|000000004C4B|25
34.9578947368|3|36.905|7.584|000000004C4C|25
28.0647887324|2|28.065|0.000|000000004C51|25
30.8125984252|2|30.813|0.000|000000004C53|25
39.7764705882|2|39.776|0.000|000000006D14|25
32.6655737705|3|32.482|0.067|000000006D55|25
43.3173913043|3|39.873|23.730|000000006D57|25
34.9578947368|5|35.901|2.557|000000006D64|25
35.5821428571|5|34.455|4.843|000000006D68|25
34.9578947368|2|34.958|0.000|000000006D6C|25
32.8840336134|3|31.608|3.254|000000006D71|25
29.6454545455|5|37.680|121.043|000000006D7A|25
29.0890510949|3|33.183|33.513|000000006D89|25
29.6454545455|4|34.322|21.940|000000006D8E|25
33.7728813559|3|27.272|84.526|000000006DA9|25
23.1697674419|3|25.076|7.266|000000006DB1|25
34.9392857143|8|28.365|52.885|000000008D5C|25
34.9578947368|5|30.649|58.612|000000008D83|25
14.9712177122|5|24.351|100.079|000000008D96|25
30.6553846154|10|29.467|82.391|00000000A693|25
29.6454545455|7|28.896|42.780|00000000A6A5|25
29.0890510949|7|28.888|84.183|00000000A6CA|25
40.9818181818|10|34.597|57.619|00000000BC02|25
26.0366197183|11|31.311|161.261|00000000D529|25
45.8068965517|8|30.252|143.688|00000000EF94|25
41.629787234|3|40.256|3.777|00000000F018|25
26.056097561|4|27.797|5.365|00000000F043|25
30.8125984252|3|33.506|14.511|00000000F04F|25
10.1663265306|3|19.510|174.627|00000000F05A|25
29.0890510949|2|29.089|0.000|00000000F07B|25
26.3920529801|6|31.633|144.219|000000010CD2|25
28.2229007634|3|28.310|0.015|000000010CF2|25
34.6769230769|4|32.754|6.876|000000010CFF|25
45.8068965517|5|39.153|63.684|000000010D07|25
43.3173913043|3|42.041|3.258|000000010D17|25
36.225|14|29.303|162.008|000000012913|25
39.0705882353|15|28.231|83.694|000000012988|25
30.8125984252|8|33.145|75.834|000000012A05|25
34.9578947368|6|33.680|52.634|000000012A1D|25
27.5577464789|6|29.754|42.774|000000012A22|25
32.8840336134|6|27.793|72.214|000000012A24|25
34.0941176471|7|28.478|78.821|000000012A30|25
41.0845360825|7|36.174|89.439|000000012A31|25
30.1909090909|7|28.995|111.405|000000012A44|25
37.6269230769|5|32.215|68.109|000000012A49|25
38.3647058824|6|34.618|27.032|000000012A6A|25
28.0647887324|5|29.433|18.214|000000012A74|25
34.6769230769|5|34.457|9.300|000000012A7F|25
34.6769230769|7|30.641|60.534|0000000147A6|25
23.3052631579|7|31.003|58.600|00000001481E|25
37.9177570093|11|28.258|96.804|000000019B43|25
34.0615384615|5|28.382|57.219|00000001AFF1|25
20.75625|3|25.537|52.725|00000001B002|25
36.225|3|26.417|58.615|00000001B005|25
32.6655737705|6|33.587|59.296|00000001B012|25
33.0107142857|4|31.170|3.456|00000001B016|25
30.4213740458|7|26.425|122.534|00000001B017|25
35.5821428571|5|31.990|10.146|00000001C60F|25
34.6769230769|7|28.362|43.398|00000001DD5A|25
40.3422680412|7|34.516|35.779|00000001DD8B|25
11.0849604222|2|11.085|0.000|000000026EE5|25
18.1166666667|3|16.843|3.244|000000026EEC|25
18.45|3|17.476|1.897|000000026EEF|25
13.6948453608|2|13.695|0.000|000000026EF2|25
21.8020408163|2|21.802|0.000|000000026EF3|25
18.0325791855|2|18.033|0.000|000000026EF4|25
16.0693548387|4|16.210|0.269|000000028091|25
14.5942446043|2|14.594|0.000|000000028FA4|25
24.7527950311|3|20.021|44.780|000000029589|25
18.45|7|14.533|9.291|000000029B8E|25
13.4790697674|4|13.883|3.845|00000002B668|25
22.6431818182|5|19.865|16.280|00000002B678|25
