41.5415730337|2|41.542|0.000|000000004253|25
40.3422680412|2|40.342|0.000|000000004263|25
26.2184210526|2|26.218|0.000|000000004264|25
26.2630872483|2|26.263|0.000|000000004269|25
20.2294416244|2|20.229|0.000|00000000426D|25
28.5635036496|3|29.395|1.381|00000000426E|25
14.6561797753|2|14.656|0.000|000000004279|25
31.5580645161|2|31.558|0.000|00000000427B|25
27.295890411|4|34.216|70.322|000000004282|25
29.7402985075|3|32.050|10.671|000000004285|25
43.9685393258|3|37.750|77.329|00000000428C|25
30.6656934307|2|30.666|0.000|00000000428F|25
42.5347826087|2|42.535|0.000|000000004290|25
25.7447368421|2|25.745|0.000|00000000429A|25
36.5719626168|2|36.572|0.000|00000000429E|25
32.7193548387|4|35.892|62.740|00000000429F|25
39.0115384615|4|41.748|34.930|0000000042A2|25
29.7402985075|2|29.740|0.000|0000000042AF|25
30.1909090909|2|30.191|0.000|0000000042B2|25
29.0890510949|2|29.089|0.000|0000000042B7|25
37.9177570093|2|37.918|0.000|0000000042BA|25
22.51875|1|22.519|0.000|000000006441|25
23.4323353293|7|36.748|125.114|00000000644B|25
33.5305785124|5|34.393|11.670|000000006455|25
27.5577464789|3|27.783|0.102|000000006457|25
25.0444444444|3|25.535|0.482|000000006467|25
24.3055900621|4|27.716|29.405|000000006487|25
34.0615384615|3|31.849|9.788|000000006497|25
41.0845360825|5|36.381|19.292|0000000084F6|25
32.1387096774|7|34.911|203.687|0000000084F8|25
34.553271028|2|34.553|0.000|000000008515|25
41.8941176471|4|36.950|26.953|00000000854B|25
31.3795275591|2|31.380|0.000|00000000CE83|25
18.6224299065|2|18.622|0.000|00000000E8CE|25
34.0615384615|3|32.417|5.407|00000000E8E2|25
34.0615384615|3|31.715|11.008|00000000E8ED|25
28.0647887324|4|32.282|41.617|0000000104F8|25
41.0845360825|3|36.709|38.284|0000000104FB|25
33.4461538462|7|34.641|168.778|0000000121E8|25
33.0107142857|7|35.478|91.034|000000012225|25
49.1172413793|5|39.772|60.634|000000012232|25
24.7390243902|4|26.080|12.421|000000012260|25
28.0090909091|5|32.007|36.254|000000012263|25
31.4511627907|4|34.417|12.623|000000012270|25
32.0754098361|3|34.260|9.547|00000001A9FB|25
37.9177570093|7|31.871|176.030|00000001AA09|25
25.5169811321|6|32.065|58.140|00000001BFA4|25
33.4890756303|3|34.040|0.607|00000001BFC3|25
41.0845360825|8|36.362|28.796|00000001EE59|25
38.1154639175|9|34.793|7.031|00000001EE62|25
15.9447761194|2|15.945|0.000|000000026D05|25
12.1473053892|2|12.147|0.000|000000026D08|25
17.712|2|13.984|13.900|000000027395|25
18.0309012876|3|19.529|4.487|000000028E17|25
15.1388059701|3|13.540|5.112|000000028E20|25
12.6426035503|3|11.898|1.109|0000000293ED|25
