30.7363636364|2|30.736|0.000|000000005453|25
27.6394736842|6|27.584|34.663|00000000547E|25
21.4258064516|3|26.163|44.886|0000000054DA|25
21.3112299465|2|21.311|0.000|0000000054DB|25
43.9685393258|2|43.969|0.000|0000000054DE|25
28.0647887324|3|28.288|0.100|0000000054E0|25
30.2244604317|2|30.224|0.000|0000000054E4|25
16.8151898734|3|23.573|91.334|0000000054E6|25
31.3795275591|2|31.380|0.000|0000000054E8|25
31.9464566929|7|38.343|212.974|0000000054EB|25
34.6769230769|2|34.677|0.000|0000000054EC|25
35.9027027027|2|35.903|0.000|0000000054F1|25
40.2545454545|2|40.255|0.000|0000000054F3|25
29.6454545455|2|29.645|0.000|0000000054F7|25
22.5152542373|2|22.515|0.000|0000000054FC|25
22.6431818182|3|29.149|84.653|000000005502|25
41.629787234|2|41.630|0.000|000000005511|25
36.5719626168|2|36.572|0.000|000000005519|25
10.2184615385|2|10.218|0.000|00000000551B|25
48.0134831461|2|48.013|0.000|000000005520|25
40.2545454545|2|40.255|0.000|000000005521|25
45.8068965517|2|45.807|0.000|00000000552A|25
44.0536082474|2|44.054|0.000|00000000552B|25
24.1527272727|2|24.153|0.000|00000000552F|25
33.2035714286|2|33.204|0.000|000000005531|25
34.9392857143|2|34.939|0.000|000000005534|25
24.9248407643|3|28.223|21.760|000000007564|25
47.4428571429|5|37.935|69.157|0000000075A1|25
22.5152542373|5|32.943|82.354|0000000075AF|25
21.13125|3|27.457|60.660|0000000075C7|25
31.4511627907|6|30.828|81.039|0000000075CA|25
21.6586956522|6|27.815|142.226|0000000075CE|25
40.3422680412|3|38.863|4.375|0000000075EA|25
17.1775862069|4|25.238|91.860|0000000075F7|25
36.5719626168|3|36.883|0.193|000000007616|25
38.3027027027|8|35.023|18.969|000000009567|25
34.6769230769|4|27.966|82.393|00000000958D|25
29.6145985401|3|32.721|19.298|00000000F7CE|25
28.5635036496|3|30.899|10.907|00000000F7DA|25
34.3263157895|5|30.102|17.452|000000011467|25
34.6300884956|7|34.508|47.227|00000001146A|25
45.3512195122|3|41.948|23.165|000000011471|25
32.7193548387|3|35.691|17.663|000000011481|25
36.225|4|35.431|27.389|000000011484|25
41.8268041237|3|43.040|2.942|0000000114B6|25
21.8967032967|4|30.350|75.463|0000000131B9|25
35.5821428571|6|34.136|52.702|0000000131D8|25
40.2545454545|5|37.416|9.132|0000000131EE|25
25.3834394904|5|29.405|20.660|000000014F61|25
35.5821428571|5|31.357|38.257|000000014FBE|25
34.9392857143|7|33.165|79.600|000000014FCE|25
42.4363636364|6|37.962|47.479|000000016372|25
35.5821428571|4|34.929|6.237|00000001A040|25
22.2340909091|3|20.762|4.336|0000000270A4|25
15.6|2|15.600|0.000|0000000270A8|25
13.7896193772|2|13.790|0.000|00000002970D|25
