22.1409326425|3|25.598|23.899|0000000053ED|25
40.3422680412|2|40.342|0.000|0000000053EE|25
27.2805194805|3|27.084|0.077|0000000053EF|25
34.5798165138|3|33.498|2.339|0000000053F3|25
24.3|2|29.680|28.949|0000000053F5|25
25.0444444444|2|25.044|0.000|000000005406|25
36.2333333333|3|44.926|151.113|000000005408|25
35.2540540541|2|35.254|0.000|000000005418|25
37.2448598131|4|40.206|9.014|00000000541C|25
37.2220183486|2|37.222|0.000|00000000541E|25
49.5341772152|4|44.205|119.532|000000005421|25
43.7934065934|3|43.497|0.176|000000005424|25
21.0857142857|2|21.086|0.000|000000005428|25
32.5674418605|2|32.567|0.000|00000000542A|25
25.1510204082|3|33.700|146.157|000000005431|25
41.0845360825|2|41.085|0.000|000000005432|25
30.4213740458|2|30.421|0.000|00000000543D|25
34.0615384615|2|34.062|0.000|000000005445|25
40.2545454545|2|40.255|0.000|00000000544A|25
34.0615384615|2|34.062|0.000|00000000544B|25
32.0754098361|2|32.075|0.000|00000000544C|25
29.6145985401|5|26.702|61.340|0000000074EC|25
30.4213740458|5|31.213|41.352|000000007500|25
34.0615384615|3|33.413|0.841|00000000751C|25
35.5821428571|3|35.021|0.629|00000000752C|25
31.1912408759|5|35.170|45.326|00000000947F|25
27.6|3|31.751|59.816|0000000094B9|25
39.0705882353|4|35.812|11.599|0000000094E9|25
41.0884615385|3|38.359|14.900|00000000A948|25
17.4396226415|4|29.419|149.349|00000000F6E0|25
32.1387096774|6|31.277|2.677|000000011391|25
32.3727272727|3|34.479|8.871|000000011393|25
28.128358209|5|26.328|53.327|0000000113A7|25
39.0705882353|3|32.930|75.424|0000000113B9|25
41.0845360825|3|38.119|17.588|0000000113BF|25
32.3404958678|4|32.060|11.082|0000000130B0|25
34.0615384615|4|34.817|13.966|0000000130FB|25
34.0615384615|5|30.134|41.070|000000013116|25
39.0705882353|4|40.841|16.081|00000001311C|25
41.0845360825|7|36.493|21.116|0000000162EE|25
44.7775280899|8|36.109|34.091|00000001B4F7|25
37.2448598131|8|34.374|63.799|00000001CB2C|25
30.1909090909|7|28.659|102.588|00000001CB33|25
27.1102040816|4|32.964|34.363|00000001CB57|25
29.7402985075|8|34.285|25.241|00000001E2D3|25
36.5513513514|6|31.824|29.498|00000001E2E7|25
17.7067873303|2|17.707|0.000|000000027053|25
21.2418848168|3|18.802|11.903|000000027077|25
12.3176470588|2|12.318|0.000|00000002707E|25
18.5674876847|3|18.149|0.351|0000000276D0|25
11.2576271186|4|13.350|6.249|0000000296F5|25
12.0035502959|5|13.396|2.987|000000029CFB|25
14.5445255474|3|15.995|4.207|00000002B770|25
15.5025830258|6|16.321|6.594|00000002C078|25
25.2227848101|5|17.811|38.637|00000002C0A3|25
