42.5347826087|2|42.535|0.000|00000000613F|25
29.0890510949|2|29.089|0.000|000000006170|25
35.9092436975|2|35.909|0.000|000000006173|25
29.1118110236|3|34.126|50.279|000000006175|25
32.6655737705|2|32.666|0.000|000000006178|25
32.6655737705|3|32.852|0.070|000000006179|25
46.6344827586|2|46.634|0.000|00000000617A|25
30.2776119403|2|30.278|0.000|00000000617F|25
28.5545454545|2|28.555|0.000|00000000618B|25
39.0115384615|2|39.012|0.000|00000000618F|25
40.2545454545|2|40.255|0.000|000000006190|25
44.0536082474|3|44.447|0.310|000000006191|25
54.35|2|43.757|112.216|000000006194|25
32.8840336134|4|40.398|60.052|000000006196|25
42.3957446809|2|42.396|0.000|000000006198|25
39.0705882353|3|40.037|1.866|00000000619D|25
39.5272727273|3|37.291|10.001|00000000619E|25
41.8268041237|3|41.808|0.001|00000000619F|25
44.7775280899|2|44.778|0.000|0000000061A1|25
46.5857142857|3|45.069|4.599|0000000061A4|25
34.9392857143|3|37.841|16.843|0000000061A6|25
41.1882352941|2|41.188|0.000|0000000061A9|25
50.8207792208|2|50.821|0.000|0000000061AA|25
37.6269230769|2|37.627|0.000|0000000061AC|25
47.4428571429|2|47.443|0.000|0000000061B2|25
31.9464566929|5|31.820|71.046|00000000821F|25
41.0845360825|3|39.891|2.848|00000000822E|25
39.7764705882|3|35.699|33.251|00000000823E|25
31.3795275591|3|35.986|42.446|00000000824F|25
31.9464566929|3|34.807|16.369|000000008252|25
23.2528301887|3|28.624|57.709|000000008256|25
42.3957446809|2|42.396|0.000|00000000E6BE|25
47.204494382|4|36.322|135.089|000000010286|25
34.0941176471|4|39.106|39.835|000000011FA2|25
43.3173913043|3|39.202|33.872|000000011FAA|25
30.3348837209|3|34.899|41.664|000000011FB3|25
29.2029850746|3|36.386|103.184|000000013D3D|25
34.0615384615|9|39.579|39.386|0000000193CD|25
31.9464566929|5|37.015|18.690|00000001D52A|25
18.1125|2|17.088|1.049|000000027304|25
16.4|2|16.400|0.000|000000027314|25
15.4266159696|2|15.427|0.000|000000027315|25
15.5671875|3|15.249|0.202|00000002795D|25
10.1404580153|3|12.028|7.127|000000027966|25
14.6514705882|3|14.240|0.338|00000002796C|25
15.8772908367|4|17.452|4.389|00000002884C|25
19.1596153846|3|16.678|12.320|000000029992|25
12.8871165644|4|12.441|0.708|000000029F7B|25
16.6962962963|4|16.037|1.351|00000002A591|25
15.7255813953|3|14.852|1.525|00000002BDEF|25
