26.802739726|3|28.458|5.478|000000005598|25
31.9464566929|2|31.946|0.000|0000000055A1|25
44.7775280899|2|44.778|0.000|0000000055A4|25
51.2341463415|4|40.066|124.726|0000000055A5|25
30.2776119403|2|30.278|0.000|0000000055A9|25
39.0705882353|5|36.012|17.795|0000000055B1|25
29.0890510949|3|32.119|18.365|0000000055B2|25
23.8634730539|3|26.362|12.488|0000000055B6|25
35.558490566|2|35.558|0.000|0000000055B8|25
29.7402985075|4|35.723|36.199|0000000055BA|25
27.1102040816|3|29.261|9.248|0000000055BE|25
38.0727272727|3|36.457|5.222|0000000055C0|25
29.6145985401|2|29.615|0.000|0000000055C1|25
38.5431192661|6|34.709|90.979|0000000055C5|25
32.1387096774|4|37.115|57.881|0000000055C7|25
34.9392857143|2|34.939|0.000|0000000055C8|25
24.7390243902|4|32.231|79.757|0000000055CC|25
31.3795275591|2|31.380|0.000|0000000055D4|25
20.426519337|2|20.427|0.000|0000000055D5|25
34.0615384615|4|34.487|2.310|0000000055D6|25
25.8779220779|3|26.874|1.983|0000000055D7|25
18.302970297|2|18.303|0.000|0000000055D8|25
17.1038626609|2|17.104|0.000|0000000055DA|25
34.0941176471|4|39.901|45.773|0000000055E2|25
25.5461538462|3|32.727|103.133|0000000055E6|25
40.9695652174|3|38.469|12.505|0000000055E9|25
33.0803149606|3|31.654|4.071|0000000055EB|25
18.6224299065|3|26.963|139.144|0000000055EC|25
30.2776119403|4|35.322|36.943|0000000055EF|25
32.8840336134|3|33.123|0.114|0000000055F1|25
37.9177570093|2|37.918|0.000|0000000055F4|25
37.2448598131|3|36.686|0.624|0000000055F7|25
34.6769230769|3|37.682|18.065|000000005600|25
40.4074766355|2|40.407|0.000|000000005601|25
28.0647887324|3|30.566|12.515|000000005603|25
21.6210526316|2|21.621|0.000|00000000560D|25
35.5894736842|2|35.589|0.000|00000000560F|25
42.3957446809|3|41.864|0.566|000000005611|25
37.2220183486|2|37.222|0.000|000000005612|25
35.5821428571|2|35.582|0.000|000000005614|25
24.6|1|24.600|0.000|000000005616|25
45.087804878|2|45.088|0.000|00000000561D|25
38.3192307692|2|38.319|0.000|000000005626|25
36.5719626168|5|35.304|76.375|00000000963C|25
27.1102040816|4|28.755|2.827|000000009681|25
19.1377358491|5|24.141|95.105|00000000A9ED|25
41.5125|1|41.513|0.000|00000000F83F|25
44.1|2|43.068|1.065|00000000F875|25
36.225|3|35.201|0.939|0000000114F5|25
29.3029411765|5|28.209|70.137|000000011512|25
29.8717557252|6|32.272|32.784|00000001151C|25
40.2545454545|3|39.752|0.505|000000011551|25
39.2635514019|3|35.209|32.878|000000011553|25
34.9578947368|3|37.336|11.311|000000011560|25
29.7402985075|4|27.484|42.689|000000013294|25
38.3647058824|6|31.892|30.049|0000000163AC|25
36.5719626168|7|33.447|31.181|00000001A096|25
36.9169811321|4|32.014|45.083|00000001B621|25
29.9142857143|5|36.172|64.844|00000001E3E1|25
20.1272727273|2|20.127|0.000|0000000270BF|25
17.6336283186|2|17.634|0.000|0000000270C1|25
11.1461538462|2|11.146|0.000|0000000270C5|25
13.3731543624|2|13.373|0.000|0000000270CB|25
12.1906542056|2|12.191|0.000|0000000270CE|25
15.4671936759|2|15.467|0.000|0000000270D3|25
12.8970873786|2|12.897|0.000|0000000270D4|25
16.8348547718|3|17.027|0.074|000000027D7A|25
15.3712230216|2|15.371|0.000|000000028BA5|25
15.7517786561|2|15.752|0.000|000000029155|25
11.9675675676|3|13.973|8.041|00000002974B|25
20.864921466|7|20.703|1.148|00000002B333|25
15.2859375|5|15.730|2.140|00000002B7AF|25
