32.8840336134|3|30.361|12.734|0000000057F3|25
39.7764705882|4|36.897|60.735|000000005800|25
31.3795275591|4|38.783|62.578|00000000582A|25
27.5577464789|6|32.755|47.582|00000000582C|25
32.0754098361|3|30.281|6.442|00000000582D|25
36.225|3|34.732|45.496|00000000582E|25
25.7447368421|3|27.917|9.434|00000000582F|25
32.7193548387|3|28.010|44.356|000000005832|25
31.3795275591|2|31.380|0.000|000000005835|25
44.7775280899|2|44.778|0.000|000000005839|25
39.0705882353|2|39.071|0.000|00000000583B|25
25.4103896104|3|25.264|0.043|00000000583F|25
29.6454545455|2|29.645|0.000|000000005840|25
35.5821428571|4|36.420|16.201|000000005844|25
23.1550295858|4|26.148|9.015|000000005846|25
35.9027027027|2|35.903|0.000|00000000584A|25
29.7402985075|2|29.740|0.000|00000000584C|25
35.9009174312|2|35.901|0.000|000000005856|25
30.2776119403|2|30.278|0.000|00000000585B|25
26.6204081633|2|26.620|0.000|00000000585D|25
30.7363636364|3|29.135|5.130|00000000585E|25
41.0845360825|2|41.085|0.000|00000000585F|25
31.3795275591|4|40.090|171.736|000000005861|25
32.8840336134|2|32.884|0.000|000000005863|25
26.2184210526|4|32.613|48.728|000000005867|25
29.7402985075|2|29.740|0.000|000000005868|25
36.6059405941|3|33.503|19.252|000000005869|25
31.4511627907|2|31.451|0.000|00000000586D|25
29.1884892086|4|32.480|20.395|00000000586F|25
36.2470588235|3|36.527|0.157|000000005871|25
29.7402985075|4|34.102|21.248|000000005878|25
28.0647887324|6|33.102|99.305|00000000587B|25
29.9142857143|2|29.914|0.000|00000000587C|25
24.1555555556|4|32.580|118.917|00000000587D|25
25.0444444444|3|23.219|6.666|00000000587F|25
26.3920529801|2|26.392|0.000|000000005882|25
51.3569620253|2|51.357|0.000|000000005885|25
35.5821428571|2|35.582|0.000|000000005886|25
30.7363636364|4|33.763|56.848|000000005888|25
25.7447368421|3|24.704|2.168|00000000588C|25
36.5719626168|3|31.681|47.837|000000005892|25
22.1084745763|2|22.108|0.000|000000005893|25
32.6655737705|2|32.666|0.000|000000005895|25
29.0890510949|2|29.089|0.000|00000000589C|25
34.0941176471|2|34.094|0.000|00000000589F|25
25.8420382166|3|28.168|10.816|0000000058A1|25
40.2545454545|3|39.339|1.678|0000000058A9|25
37.9177570093|2|37.918|0.000|0000000058AA|25
32.6655737705|3|35.609|17.323|0000000058AB|25
30.5052631579|2|30.505|0.000|0000000058AE|25
44.7775280899|3|44.154|0.778|0000000058AF|25
34.0615384615|2|34.062|0.000|0000000058BB|25
31.0571428571|2|31.057|0.000|0000000058BD|25
39.0705882353|2|39.071|0.000|0000000058C3|25
26.175|4|32.516|95.880|000000007803|25
24.6|4|21.891|4.073|000000007805|25
18.1166666667|4|18.605|1.055|0000000078DB|25
39.0705882353|4|30.308|129.440|0000000078EE|25
35.3042016807|6|30.801|33.785|000000007908|25
27.175|8|33.254|79.565|000000007912|25
32.0754098361|4|33.864|10.101|00000000791B|25
42.3957446809|3|39.258|19.686|00000000791E|25
28.6791946309|4|31.356|46.505|00000000792A|25
42.3957446809|4|34.809|125.719|000000007946|25
34.9578947368|4|31.076|21.951|000000007963|25
34.0615384615|3|29.114|48.956|000000007985|25
25.8420382166|5|28.690|103.974|000000009892|25
35.5821428571|5|38.453|30.349|000000009899|25
38.3647058824|7|35.789|65.399|0000000098B3|25
30.1909090909|5|26.267|27.422|0000000098DA|25
42.5347826087|4|32.540|107.834|0000000098F1|25
34.3263157895|6|31.723|57.837|000000009900|25
41.8941176471|5|28.877|127.123|000000009905|25
29.6454545455|4|23.776|34.461|000000009910|25
23.0835164835|7|30.912|81.208|00000000DE8D|25
34.0615384615|3|32.460|5.129|00000000DEFA|25
38.6912621359|3|36.321|11.237|00000000FAA0|25
27.7531914894|3|26.466|3.313|000000011721|25
43.3173913043|4|41.605|3.392|000000011742|25
33.4890756303|3|30.848|13.945|000000011744|25
30.8930232558|4|28.930|13.109|000000011754|25
25.4103896104|5|32.224|35.737|00000001175C|25
31.5580645161|3|31.504|0.006|000000011761|25
19.8639593909|3|25.525|64.095|000000011771|25
38.3192307692|3|31.687|87.964|000000011788|25
35.5821428571|4|33.530|88.372|00000001179A|25
41.0845360825|3|34.405|89.230|00000001179C|25
33.4890756303|5|28.444|44.563|00000001342F|25
32.7193548387|3|27.807|48.255|000000013466|25
24.7390243902|5|27.308|27.103|000000013475|25
31.3795275591|5|29.642|22.896|000000013477|25
23.1550295858|4|20.943|8.370|00000001348F|25
36.225|3|25.794|65.299|000000013499|25
37.5107142857|4|28.902|79.716|0000000134A6|25
38.1154639175|8|28.541|104.476|00000001645F|25
33.4890756303|9|26.883|60.009|000000018E31|25
23.8634730539|5|26.173|15.668|00000001A1FD|25
35.9027027027|6|35.583|47.102|00000001A22C|25
34.9578947368|4|33.601|131.166|00000001A24F|25
39.7764705882|8|23.193|98.297|00000001B75A|25
18.9043478261|7|25.156|115.189|00000001B7B5|25
37.9177570093|6|34.105|123.438|00000001B807|25
35.5821428571|9|26.348|57.905|00000001CDF0|25
27.295890411|5|23.553|19.062|00000001CE31|25
28.6705035971|5|23.064|22.237|00000001CE8A|25
32.6655737705|5|24.782|46.800|00000001CE8C|25
26.8754716981|12|29.831|74.606|00000001F5FC|25
22.05|9|26.203|61.694|00000001F60F|25
19.8268656716|3|18.690|2.586|00000002713B|25
19.0478873239|3|19.874|1.365|000000027143|25
12.6184300341|2|12.618|0.000|000000027151|25
19.1623318386|2|19.162|0.000|000000027156|25
12.81414791|3|12.077|1.087|0000000277AF|25
19.9862068966|3|18.532|4.227|000000028BE4|25
14.1319148936|2|14.132|0.000|0000000291AA|25
18.1166666667|2|18.117|0.000|0000000291C7|25
11.1318435754|3|12.277|2.623|0000000297D2|25
14.8701492537|3|14.293|0.666|0000000297D5|25
12.3695121951|4|13.766|8.817|000000029D6B|25
24.7527950311|6|19.642|19.675|00000002AFC7|25
17.9522123894|3|16.852|2.421|00000002B3AD|25
12.075|4|12.619|0.713|00000002B801|25
13.2588235294|4|12.946|1.422|00000002C115|25
