38.3192307692|3|37.927|0.308|000000006086|25
39.0705882353|3|38.629|0.389|000000006088|25
50.4455696203|2|50.446|0.000|00000000608C|25
41.5125|2|46.132|21.338|000000006090|25
34.0615384615|3|34.931|1.512|000000006091|25
34.3263157895|4|35.537|6.027|00000000609D|25
31.1050359712|3|24.510|86.990|0000000060A0|25
33.4890756303|3|34.547|2.237|0000000060A1|25
40.9818181818|2|40.982|0.000|0000000060A8|25
44.1|1|44.100|0.000|0000000060AC|25
35.5821428571|2|35.582|0.000|0000000060AD|25
55.35|3|49.222|106.995|0000000060AE|25
30.1909090909|2|30.191|0.000|0000000060AF|25
44.1|2|38.663|29.566|0000000060B1|25
30.1909090909|4|38.200|90.917|0000000060B3|25
35.0262295082|2|35.026|0.000|0000000060B5|25
37.3454545455|2|37.345|0.000|0000000060BC|25
30.3348837209|3|31.880|4.777|0000000060BE|25
28.1525179856|2|28.153|0.000|0000000060BF|25
35.5821428571|2|35.582|0.000|0000000060C5|25
34.6769230769|5|42.280|45.303|000000008118|25
43.9685393258|3|40.307|26.814|000000008148|25
42.3957446809|4|40.305|4.373|00000000816B|25
23.1697674419|3|30.404|104.658|00000000816E|25
35.9009174312|3|35.234|0.890|000000008189|25
34.3830508475|4|35.580|2.444|00000000818B|25
37.9177570093|10|32.007|160.860|00000000A0F4|25
39.0705882353|4|39.035|1.976|00000000A146|25
33.4461538462|8|41.127|90.754|00000000CB4D|25
44.1|5|39.129|156.751|00000000CB59|25
27.5577464789|2|27.558|0.000|00000000CB61|25
40.2545454545|2|40.255|0.000|00000000CB73|25
38.2754716981|2|38.275|0.000|0000000101E4|25
45.8068965517|3|43.215|13.437|0000000101E6|25
40.7636363636|4|36.567|25.859|000000011EC3|25
26.6921052632|6|30.479|101.220|000000011EDB|25
43.3173913043|11|36.009|257.443|000000011EEF|25
46.7208791209|3|40.467|78.223|000000011F02|25
54.35|3|41.499|83.937|000000011F0A|25
37.2448598131|3|37.348|0.021|000000011F31|25
36.225|3|39.250|45.795|000000013C8F|25
47.7219512195|4|42.565|32.747|000000013C98|25
28.6705035971|4|34.903|55.681|000000013C99|25
37.2220183486|8|37.594|124.094|00000001BD64|25
43.1617021277|5|42.965|13.444|00000001BD7C|25
26.5436619718|10|34.307|98.481|00000001D46A|25
35.5821428571|5|33.886|38.898|00000001D481|25
15.7517786561|2|15.752|0.000|0000000272E6|25
15.7156626506|3|16.255|0.583|000000027944|25
24.15|3|20.345|28.954|000000027952|25
14.9819548872|4|15.280|6.491|000000029958|25
19.1596153846|4|15.934|10.588|00000002995D|25
10.510880829|4|10.718|0.224|000000029F61|25
