24.2946107784|2|24.295|0.000|000000005EE1|25
38.3192307692|5|34.926|17.825|000000005EEA|25
29.7402985075|9|32.622|47.551|000000005EEF|25
32.1387096774|4|36.858|58.129|000000005F02|25
42.3882352941|3|35.857|85.303|000000005F06|25
35.5894736842|3|34.761|1.372|000000005F0A|25
34.0615384615|2|34.062|0.000|000000005F15|25
19.1329949239|2|19.133|0.000|000000005F1D|25
28.5635036496|3|31.428|16.411|000000005F20|25
37.2448598131|2|37.245|0.000|000000005F23|25
25.0444444444|2|25.044|0.000|000000005F24|25
47.7219512195|2|47.722|0.000|000000005F2A|25
23.3172413793|2|23.317|0.000|000000005F2C|25
32.8840336134|2|32.884|0.000|000000005F2E|25
24.1423728814|6|34.153|72.218|000000007F8E|25
35.5821428571|2|35.582|0.000|000000007F95|25
37.9177570093|4|34.305|16.615|000000007F9E|25
37.2448598131|4|33.974|19.503|000000007FA8|25
19.3722772277|4|28.899|95.463|000000007FB1|25
29.8161290323|5|29.753|22.381|000000007FBB|25
29.9639097744|3|29.898|0.009|000000007FCE|25
43.9685393258|3|42.025|7.556|000000007FDC|25
34.3263157895|3|31.272|18.660|000000007FDE|25
37.2448598131|9|36.211|87.187|000000009F4F|25
36.5614678899|7|34.427|55.281|000000009F8B|25
37.2448598131|2|37.245|0.000|000000009F96|25
41.0845360825|5|35.974|26.256|000000009FA2|25
32.1387096774|2|32.139|0.000|0000000100E9|25
42.5347826087|6|36.034|53.292|000000011D85|25
20.3326530612|5|27.213|47.890|000000011D8D|25
34.0615384615|3|32.027|8.275|000000011D93|25
33.7344827586|3|33.675|0.007|000000011D9E|25
46.447826087|4|36.907|93.370|000000011DA1|25
36.5614678899|4|30.759|45.347|000000011DA7|25
21.6198895028|4|22.091|34.951|000000011DAB|25
39.0115384615|4|31.553|116.663|000000011DAC|25
36.9|4|36.826|30.332|000000011DC0|25
30.8930232558|3|32.006|2.477|000000011DC1|25
19.6018348624|5|30.927|89.550|000000013AC1|25
45.8068965517|4|38.438|58.840|000000013AD8|25
34.0615384615|10|34.000|69.198|00000001BC62|25
24.2946107784|16|31.367|120.070|00000001F93B|25
35.5821428571|8|30.739|85.192|00000001F956|25
15.152851711|2|15.153|0.000|000000027202|25
15.152851711|2|15.153|0.000|000000027256|25
14.1822064057|3|15.225|2.174|00000002728C|25
16.0051948052|2|16.005|0.000|000000027291|25
14.0323943662|3|14.113|0.013|0000000278F9|25
15.4465116279|2|15.447|0.000|000000028D50|25
19.0767857143|3|17.518|4.861|000000029910|25
10.8772117962|3|14.350|24.117|000000029F10|25
