18.9961165049|3|24.035|50.785|000000004FCE|25
22.543902439|7|31.370|81.658|000000004FDF|25
29.7402985075|3|30.766|2.106|000000004FE5|25
25.1510204082|4|32.702|57.802|000000004FE7|25
25.3834394904|3|27.089|5.819|000000004FE9|25
39.0115384615|4|35.415|13.777|000000004FEC|25
17.1775862069|2|17.178|0.000|000000004FEE|25
29.7402985075|2|29.740|0.000|000000004FF1|25
41.8268041237|3|38.237|25.777|000000004FF4|25
29.0890510949|3|29.331|0.117|000000004FF5|25
41.0845360825|3|41.990|1.639|000000004FF6|25
25.8779220779|3|27.675|6.462|000000004FF8|25
31.9464566929|3|35.599|26.677|000000005001|25
39.7764705882|2|39.776|0.000|000000005002|25
52.9902439024|2|52.990|0.000|000000005003|25
29.3029411765|2|29.303|0.000|000000005009|25
34.0941176471|2|34.094|0.000|00000000500B|25
39.0705882353|2|39.071|0.000|00000000500E|25
35.2261682243|2|35.226|0.000|00000000500F|25
36.2470588235|2|36.247|0.000|000000005010|25
32.0754098361|3|29.573|12.529|00000000710E|25
34.3263157895|5|32.387|53.520|000000007111|25
32.6655737705|5|34.367|5.001|00000000711D|25
35.5821428571|3|29.056|85.169|00000000712B|25
35.9027027027|4|34.027|29.549|00000000714A|25
32.6655737705|3|31.129|4.724|00000000715F|25
30.8930232558|4|30.396|31.733|00000000914E|25
38.0727272727|7|32.061|130.391|00000001100B|25
12.7730769231|3|21.268|144.339|000000011012|25
33.4890756303|4|31.845|3.419|000000011037|25
34.0615384615|8|31.349|74.097|000000012D74|25
48.6|7|38.148|31.027|000000012D90|25
25.0846153846|2|25.085|0.000|000000012DDD|25
45.8068965517|5|37.348|63.340|000000014B82|25
30.3348837209|4|31.690|29.734|00000001617F|25
26.7592356688|6|34.456|44.550|00000001B27B|25
27.175|5|34.580|57.331|00000001B283|25
40.2545454545|7|36.812|27.280|00000001C894|25
34.0941176471|5|38.445|65.029|00000001C8A3|25
23.1550295858|6|24.414|17.657|00000001E01A|25
17.9513513514|2|17.951|0.000|000000026FB7|25
16.886440678|3|17.211|0.211|000000026FB8|25
13.3731543624|2|13.373|0.000|000000026FBF|25
18.45|2|18.450|0.000|000000026FC0|25
17.4789473684|7|16.930|3.416|00000002AEFC|25
11.0849604222|7|14.371|19.215|00000002C008|25
