31.9464566929|6|35.409|55.142|00000000523D|25
35.5821428571|4|33.403|11.695|000000005290|25
30.1909090909|2|30.191|0.000|0000000052AD|25
29.0890510949|2|29.089|0.000|0000000052B2|25
39.0705882353|3|32.440|87.938|0000000052BB|25
39.0705882353|3|41.165|8.777|0000000052C4|25
47.7219512195|3|44.173|25.186|0000000052C9|25
36.5614678899|3|34.953|5.172|0000000052CB|25
36.5719626168|2|36.572|0.000|0000000052D0|25
29.6145985401|2|29.615|0.000|0000000052D1|25
32.6655737705|2|32.666|0.000|0000000052D2|25
40.9818181818|4|40.331|10.214|0000000052D7|25
35.5821428571|3|35.735|0.047|0000000052DA|25
29.0890510949|3|28.829|0.135|0000000052DD|25
27.1102040816|2|27.110|0.000|0000000052E0|25
30.8125984252|2|30.813|0.000|0000000052E4|25
24.9248407643|2|24.925|0.000|0000000052E5|25
34.9578947368|2|34.958|0.000|0000000052E7|25
41.0845360825|2|41.085|0.000|0000000052E9|25
26.6921052632|2|26.692|0.000|0000000052EB|25
40.9818181818|2|40.982|0.000|0000000052EE|25
29.3029411765|2|29.303|0.000|0000000052EF|25
26.5985611511|2|26.599|0.000|0000000052F0|25
43.3173913043|2|43.317|0.000|0000000052F1|25
38.3192307692|2|38.319|0.000|0000000052F3|25
32.2153846154|2|32.215|0.000|0000000052F4|25
17.7170305677|3|22.378|43.442|0000000073ED|25
23.4323353293|3|23.597|0.054|0000000073F2|25
39.7764705882|3|32.288|112.159|0000000073F3|25
33.4461538462|3|32.968|0.458|0000000073F4|25
41.5125|2|39.825|2.848|0000000073F9|25
35.9027027027|3|33.563|10.951|0000000073FB|25
32.0754098361|3|30.324|6.133|0000000073FD|25
33.5305785124|3|34.493|1.852|000000007403|25
25.3834394904|4|27.943|16.220|000000009399|25
45.8068965517|5|39.904|30.133|0000000093A4|25
34.9392857143|4|38.419|12.532|0000000093A5|25
30.3348837209|7|30.787|68.369|00000000F58E|25
25.6784810127|4|26.543|30.532|000000011257|25
24.3|2|31.402|50.441|00000001125A|25
36.5614678899|3|35.989|0.656|000000011262|25
39.7764705882|4|38.103|18.141|000000011263|25
45.8068965517|4|36.840|83.912|000000011267|25
37.2724137931|5|34.193|23.703|000000011271|25
30.8930232558|4|31.239|4.621|000000011294|25
24.6|3|32.466|83.060|000000012FED|25
41.0845360825|4|39.755|32.386|00000001302A|25
28.6705035971|9|34.247|91.904|000000014D43|25
38.3192307692|8|33.231|23.752|00000001627B|25
39.0705882353|8|37.889|5.645|000000016284|25
16.9596330275|3|16.789|0.058|000000027049|25
11.1630252101|3|12.006|1.422|000000027688|25
13.6825174825|3|14.605|1.700|0000000296BA|25
15.5671875|4|14.382|5.062|000000029CA1|25
12.8970873786|4|12.846|2.386|000000029CC5|25
14.3352517986|5|14.111|2.296|00000002B301|25
