34.9578947368|2|34.958|0.000|000000004A67|25
32.1387096774|3|34.404|10.259|000000004A6B|25
32.1387096774|3|32.684|0.596|000000004A8F|25
22.1084745763|2|22.108|0.000|000000004AED|25
30.1909090909|3|31.368|2.772|000000004AF1|25
25.0846153846|2|25.085|0.000|000000004AF2|25
27.675|2|26.910|0.586|000000004AF3|25
30.8930232558|2|30.893|0.000|000000004AF6|25
30.8125984252|3|32.905|8.752|000000004AFF|25
31.6|1|31.600|0.000|000000004B09|25
43.1617021277|2|43.162|0.000|000000004B0C|25
31.5580645161|3|32.538|1.921|000000004B0F|25
21.3112299465|2|21.311|0.000|000000004B14|25
47.4428571429|2|47.443|0.000|000000004B15|25
43.3173913043|4|36.347|65.783|000000004B16|25
28.175|2|26.262|3.661|000000004B1A|25
31.9464566929|3|29.478|12.185|000000004B1B|25
41.0845360825|3|39.979|2.445|000000004B1C|25
29.7402985075|3|30.621|1.550|000000004B21|25
42.4965517241|5|35.164|56.925|000000004B28|25
29.7402985075|3|30.760|2.080|000000004B2D|25
30.7363636364|2|30.736|0.000|000000004B30|25
36.5614678899|4|41.736|38.981|000000004B32|25
28.128358209|3|29.160|2.129|000000004B41|25
29.0890510949|2|29.089|0.000|000000004B48|25
28.6705035971|3|27.653|2.069|000000004B4B|25
32.6655737705|2|32.666|0.000|000000004B4F|25
26.7463087248|2|26.746|0.000|000000004B55|25
30.7363636364|3|34.060|22.095|000000004B60|25
43.3173913043|3|36.810|84.697|000000004B63|25
30.6656934307|2|30.666|0.000|000000004B68|25
24.6|1|24.600|0.000|000000004B6A|25
40.3422680412|2|40.342|0.000|000000004B73|25
36.2470588235|2|36.247|0.000|000000004B78|25
34.0941176471|2|34.094|0.000|000000004B7B|25
32.2153846154|2|32.215|0.000|000000004B7C|25
30.8125984252|2|30.813|0.000|000000004B80|25
28.1525179856|5|27.906|71.941|000000006B99|25
28.7735294118|2|28.774|0.000|000000006B9E|25
23.588372093|6|26.833|100.988|000000006C52|25
47.7219512195|2|47.722|0.000|000000006C60|25
32.6655737705|3|33.077|0.339|000000006C6A|25
21.8967032967|3|27.720|67.830|000000006CB0|25
41.8268041237|5|32.930|84.365|000000008C9C|25
27.8685314685|4|25.959|26.192|000000008CBF|25
33.4461538462|4|27.456|36.793|000000008CFD|25
39.0705882353|2|39.071|0.000|00000000BAF1|25
26.3454545455|6|30.683|116.322|00000000D4E2|25
22.8842105263|2|22.884|0.000|00000000EF74|25
35.9009174312|2|35.901|0.000|00000000EF93|25
23.4323353293|2|23.432|0.000|00000000EFB6|25
29.8161290323|2|29.816|0.000|00000000EFCC|25
34.6769230769|5|29.309|41.590|000000010BC0|25
23.7214285714|3|26.280|13.091|000000010BF3|25
31.3795275591|5|31.066|29.769|000000010C03|25
41.8268041237|4|38.670|31.057|000000010C1E|25
37.2448598131|5|29.042|68.838|000000010C20|25
41.8268041237|3|35.032|92.344|000000010C31|25
43.3173913043|4|35.586|60.451|000000010C4B|25
26.2184210526|3|26.974|1.141|000000010C53|25
20.2294416244|3|25.200|49.414|000000010C70|25
25.0641509434|4|22.617|6.899|000000012894|25
25.7109677419|5|30.701|49.777|00000001289E|25
21.0857142857|9|22.470|67.810|0000000128A1|25
27.2295302013|4|26.576|28.108|000000012925|25
30.8125984252|5|29.291|25.856|00000001292E|25
30.8930232558|5|28.761|68.737|00000001293A|25
30.3348837209|4|29.460|31.856|00000001296B|25
40.0978723404|5|34.142|67.365|000000012987|25
29.585915493|4|25.927|57.866|000000012988|25
34.0615384615|4|31.086|23.923|00000001298D|25
39.0705882353|4|31.392|66.303|00000001299B|25
41.8268041237|7|26.036|124.513|0000000146CF|25
30.8125984252|8|30.019|121.263|00000001470C|25
36.5614678899|4|30.442|47.859|00000001472A|25
28.0090909091|5|24.344|10.014|000000014748|25
40.3422680412|5|30.826|94.881|00000001474B|25
39.0705882353|6|28.182|79.849|000000015FDB|25
24.0072289157|5|23.487|4.796|000000019A48|25
32.8840336134|5|31.439|37.317|000000019AEB|25
32.6655737705|5|30.478|43.787|000000019AFD|25
26.6204081633|15|27.784|64.014|00000001AEFA|25
45.8068965517|4|35.499|114.319|00000001AF7C|25
22.9034482759|5|22.523|18.311|00000001C4F8|25
38.3192307692|9|29.470|91.552|00000001C515|25
39.5272727273|10|28.075|89.755|00000001DC65|25
31.6285714286|7|27.391|115.069|00000001DC8E|25
40.2545454545|11|27.697|113.011|00000001F196|25
12.0763636364|2|12.076|0.000|0000000209B3|25
13.6147651007|2|13.615|0.000|000000026EB3|25
18.3718309859|3|17.405|1.870|000000026EB7|25
17.7170305677|3|18.140|0.357|000000026EBC|25
10.5477088949|2|10.548|0.000|000000026EC8|25
11.6264150943|2|11.626|0.000|000000026ECC|25
17.4789473684|2|17.479|0.000|000000026ECD|25
17.4789473684|4|14.882|7.947|0000000274C0|25
15.6527472527|3|14.544|2.458|000000027500|25
15.2689655172|2|15.269|0.000|000000027502|25
13.302295082|4|13.654|0.151|000000027508|25
10.2708661417|3|12.165|7.175|00000002750E|25
12.8392405063|3|13.124|0.162|00000002751C|25
14.8790874525|3|16.197|3.476|000000027B28|25
14.4398523985|8|14.832|7.525|0000000289A9|25
17.7947368421|3|16.831|1.856|0000000289E9|25
18.0325791855|3|15.543|12.401|000000029545|25
11.9675675676|4|12.463|1.066|000000029556|25
19.1596153846|3|17.615|4.774|00000002955B|25
10.8885245902|3|12.113|2.997|00000002955F|25
11.4464396285|5|15.479|20.150|00000002A177|25
11.8121405751|6|14.175|6.543|00000002B238|25
