32.8840336134|3|30.361|12.734|0000000057F3|25
39.7764705882|6|36.951|86.398|000000005800|25
31.3795275591|4|38.783|62.578|00000000582A|25
34.6769230769|3|36.456|6.333|000000005851|25
35.9009174312|2|35.901|0.000|000000005856|25
31.3795275591|5|39.180|140.700|000000005861|25
26.2184210526|4|32.613|48.728|000000005867|25
29.7402985075|2|29.740|0.000|000000005868|25
36.6059405941|3|33.503|19.252|000000005869|25
31.4511627907|2|31.451|0.000|00000000586D|25
29.1884892086|6|31.543|16.988|00000000586F|25
36.2470588235|3|36.527|0.157|000000005871|25
29.7402985075|4|34.102|21.248|000000005878|25
28.0647887324|7|32.297|89.011|00000000587B|25
29.9142857143|2|29.914|0.000|00000000587C|25
24.1555555556|4|32.580|118.917|00000000587D|25
25.0444444444|3|23.219|6.666|00000000587F|25
26.3920529801|2|26.392|0.000|000000005882|25
51.3569620253|2|51.357|0.000|000000005885|25
35.5821428571|2|35.582|0.000|000000005886|25
30.7363636364|4|33.763|56.848|000000005888|25
25.7447368421|3|24.704|2.168|00000000588C|25
36.5719626168|4|30.651|39.060|000000005892|25
22.1084745763|2|22.108|0.000|000000005893|25
32.6655737705|2|32.666|0.000|000000005895|25
29.0890510949|2|29.089|0.000|00000000589C|25
34.0941176471|3|30.661|23.566|00000000589F|25
25.8420382166|3|28.168|10.816|0000000058A1|25
40.2545454545|4|38.228|4.958|0000000058A9|25
37.9177570093|2|37.918|0.000|0000000058AA|25
32.6655737705|3|35.609|17.323|0000000058AB|25
30.5052631579|4|33.969|53.610|0000000058AE|25
44.7775280899|3|44.154|0.778|0000000058AF|25
34.0615384615|4|36.601|59.597|0000000058BB|25
31.0571428571|2|31.057|0.000|0000000058BD|25
39.0705882353|3|34.390|43.817|0000000058C3|25
24.3236842105|3|25.717|3.884|0000000058CC|25
23.4520231214|4|34.028|119.095|0000000058CD|25
29.1884892086|2|29.188|0.000|0000000058CE|25
28.2638297872|2|28.264|0.000|0000000058DA|25
30.1909090909|2|30.191|0.000|0000000058E2|25
32.6655737705|3|38.520|68.557|0000000058E3|25
28.2229007634|2|28.223|0.000|0000000058EB|25
38.3192307692|3|39.847|4.669|0000000058EC|25
37.6269230769|2|37.627|0.000|0000000058F0|25
48.3|2|48.300|0.000|0000000058F3|25
38.3192307692|2|38.319|0.000|0000000058F8|25
36.5230769231|2|36.523|0.000|0000000058FA|25
32.6655737705|2|32.666|0.000|0000000058FD|25
31.3795275591|2|31.380|0.000|000000005900|25
37.9177570093|2|37.918|0.000|000000005909|25
40.2545454545|2|40.255|0.000|00000000590B|25
24.6|4|21.891|4.073|000000007805|25
18.1166666667|5|18.597|0.844|0000000078DB|25
28.6791946309|4|31.356|46.505|00000000792A|25
42.3957446809|4|34.809|125.719|000000007946|25
34.9578947368|5|34.542|65.633|000000007963|25
34.0615384615|4|27.560|43.959|000000007985|25
26.2184210526|3|22.892|22.129|0000000079AF|25
30.1909090909|5|26.267|27.422|0000000098DA|25
42.5347826087|4|32.540|107.834|0000000098F1|25
34.3263157895|7|29.922|69.053|000000009900|25
41.8941176471|6|29.487|107.798|000000009905|25
29.6454545455|5|25.039|33.948|000000009910|25
23.0835164835|7|30.912|81.208|00000000DE8D|25
34.0615384615|3|32.460|5.129|00000000DEFA|25
38.6912621359|4|36.330|8.428|00000000FAA0|25
32.6655737705|2|32.666|0.000|00000000FB0E|25
30.8930232558|5|25.998|44.880|000000011754|25
31.5580645161|3|31.504|0.006|000000011761|25
19.8639593909|3|25.525|64.095|000000011771|25
38.3192307692|3|31.687|87.964|000000011788|25
35.5821428571|5|35.401|84.702|00000001179A|25
41.0845360825|3|34.405|89.230|00000001179C|25
37.2448598131|4|32.556|83.223|0000000117C5|25
21.3112299465|3|20.755|0.618|0000000117CE|25
22.9034482759|3|23.539|0.807|0000000117D9|25
44.1|3|39.409|173.537|0000000117E1|25
35.9027027027|5|29.497|39.914|000000013458|25
32.7193548387|3|27.807|48.255|000000013466|25
24.7390243902|5|27.308|27.103|000000013475|25
31.3795275591|6|27.629|39.344|000000013477|25
36.225|4|26.546|50.668|000000013499|25
37.5107142857|4|28.902|79.716|0000000134A6|25
33.2557377049|4|26.621|44.025|0000000134B0|25
35.5821428571|4|28.454|50.917|0000000134E5|25
38.1154639175|8|28.541|104.476|00000001645F|25
33.4890756303|11|26.545|87.073|000000018E31|25
29.0890510949|4|24.848|18.520|000000018E61|25
24.0071005917|3|24.034|0.001|000000018E74|25
23.8634730539|5|26.173|15.668|00000001A1FD|25
34.9578947368|4|33.601|131.166|00000001A24F|25
39.7764705882|8|23.193|98.297|00000001B75A|25
37.9177570093|7|33.562|107.572|00000001B807|25
35.5821428571|7|25.188|66.561|00000001B83B|25
27.295890411|5|23.553|19.062|00000001CE31|25
28.6705035971|8|25.676|130.039|00000001CE8A|25
32.6655737705|6|25.496|41.548|00000001CE8C|25
24.3236842105|6|23.032|35.843|00000001CE95|25
37.8486486486|5|26.524|88.538|00000001CEAB|25
12.6184300341|3|13.497|1.542|000000027151|25
19.1623318386|2|19.162|0.000|000000027156|25
11.8607142857|2|11.861|0.000|00000002715D|25
19.9862068966|2|19.986|0.000|000000027163|25
12.0398791541|2|12.040|0.000|000000027165|25
12.81414791|3|12.077|1.087|0000000277AF|25
19.9862068966|3|18.532|4.227|000000028BE4|25
18.1166666667|3|18.979|1.488|0000000291C7|25
11.1318435754|3|12.277|2.623|0000000297D2|25
14.8701492537|3|14.293|0.666|0000000297D5|25
17.6336283186|3|15.808|6.665|0000000297E9|25
12.3695121951|4|13.766|8.817|000000029D6B|25
23.0358381503|5|16.832|27.906|00000002A786|25
17.9522123894|4|15.570|6.747|00000002B3AD|25
13.3731543624|10|15.100|12.574|00000002B7BB|25
14.1822064057|4|14.874|5.303|00000002B818|25
13.2588235294|4|12.946|1.422|00000002C115|25
