28.6705035971|2|28.671|0.000|000000005455|25
21.5010989011|3|26.292|45.905|000000005468|25
37.3454545455|3|34.264|18.986|00000000546A|25
28.175|4|31.218|69.266|000000005473|25
43.3173913043|3|39.376|31.068|000000005478|25
35.9027027027|2|35.903|0.000|000000005479|25
39.9364485981|3|39.214|1.045|00000000547D|25
16.8151898734|4|25.457|75.056|00000000547E|25
36.5614678899|3|34.325|10.006|00000000548C|25
28.372027972|4|33.532|30.356|00000000548D|25
32.1387096774|3|31.953|0.069|000000005490|25
17.0307692308|3|20.190|19.955|000000005496|25
35.3042016807|3|33.136|9.401|00000000549A|25
37.2448598131|2|37.245|0.000|0000000054A9|25
27.7480519481|2|27.748|0.000|0000000054AB|25
29.6145985401|2|29.615|0.000|0000000054B0|25
34.0941176471|2|34.094|0.000|0000000054B6|25
27.295890411|3|26.672|0.778|000000007559|25
37.2685714286|4|34.806|74.992|000000007568|25
25.3834394904|3|24.456|1.722|00000000756A|25
26.2184210526|4|29.479|11.306|00000000756E|25
40.3422680412|5|36.368|31.638|000000007571|25
37.2220183486|3|36.258|1.858|00000000759F|25
47.7219512195|5|36.601|83.658|00000000951B|25
30.1909090909|4|32.266|6.487|000000009527|25
32.6655737705|6|27.364|79.040|00000000A92B|25
31.9464566929|4|35.123|17.545|00000000DC72|25
40.2545454545|6|34.980|155.571|0000000113D6|25
47.4428571429|4|38.267|91.771|0000000113EB|25
37.3454545455|4|31.117|38.798|0000000113F9|25
33.4890756303|5|37.480|29.571|0000000113FC|25
25.0641509434|4|29.617|22.667|000000011410|25
21.6198895028|4|29.508|80.222|000000011417|25
37.2448598131|3|35.320|7.408|000000011425|25
36.5513513514|3|35.553|1.992|000000011427|25
39.0705882353|4|37.221|81.745|000000013181|25
40.2545454545|10|31.252|94.433|000000019FD7|25
35.5894736842|10|33.701|103.574|00000001B528|25
35.9092436975|6|36.975|29.898|00000001B540|25
30.8125984252|5|30.747|19.809|00000001B547|25
35.5821428571|4|34.365|11.182|00000001B559|25
26.1887323944|5|30.936|60.738|00000001CB81|25
11.07|1|11.070|0.000|000000020B8B|25
20.3326530612|2|20.333|0.000|000000027084|25
18.9631578947|3|17.576|3.850|000000027085|25
16.5360995851|2|16.536|0.000|000000027087|25
11.2178571429|2|11.218|0.000|00000002708F|25
14.8615384615|2|14.862|0.000|0000000276EE|25
10.3243523316|5|13.246|5.975|000000027D2E|25
19.1596153846|2|19.160|0.000|000000029108|25
16.5360995851|7|16.086|5.841|00000002A315|25
18.9961165049|6|18.148|53.413|00000002A747|25
17.1038626609|5|15.624|1.915|00000002C0B1|25
