30.7363636364|2|30.736|0.000|000000005453|25
27.6394736842|6|27.584|34.663|00000000547E|25
31.068907563|2|31.069|0.000|0000000054BB|25
26.802739726|2|26.803|0.000|0000000054BC|25
34.0615384615|3|32.117|7.566|0000000054C1|25
27.675|2|35.289|57.974|0000000054C4|25
27.5577464789|3|27.543|0.000|0000000054C9|25
29.7402985075|2|29.740|0.000|0000000054CB|25
27.7531914894|2|27.753|0.000|0000000054CD|25
26.802739726|4|32.276|29.990|0000000054D0|25
24.0077922078|2|24.008|0.000|0000000054D2|25
21.4258064516|3|26.163|44.886|0000000054DA|25
21.3112299465|2|21.311|0.000|0000000054DB|25
43.9685393258|2|43.969|0.000|0000000054DE|25
28.0647887324|3|28.288|0.100|0000000054E0|25
30.2244604317|2|30.224|0.000|0000000054E4|25
16.8151898734|3|23.573|91.334|0000000054E6|25
31.3795275591|2|31.380|0.000|0000000054E8|25
31.9464566929|6|38.395|248.450|0000000054EB|25
34.6769230769|2|34.677|0.000|0000000054EC|25
35.9027027027|2|35.903|0.000|0000000054F1|25
40.2545454545|2|40.255|0.000|0000000054F3|25
29.6454545455|2|29.645|0.000|0000000054F7|25
22.5152542373|2|22.515|0.000|0000000054FC|25
41.629787234|2|41.630|0.000|000000005511|25
36.5719626168|2|36.572|0.000|000000005519|25
47.4428571429|4|38.740|83.205|0000000075A1|25
28.1525179856|3|28.655|0.506|0000000075AD|25
22.5152542373|5|32.485|73.345|0000000075AF|25
12.2670846395|6|27.362|179.934|0000000075B4|25
27.2295302013|6|33.434|54.356|0000000075C5|25
21.13125|3|27.457|60.660|0000000075C7|25
31.4511627907|6|30.828|81.039|0000000075CA|25
21.6586956522|6|27.815|142.226|0000000075CE|25
40.3422680412|3|38.863|4.375|0000000075EA|25
38.3027027027|6|35.492|16.225|000000009567|25
34.6769230769|4|27.966|82.393|00000000958D|25
34.6769230769|4|31.112|25.887|00000000F796|25
29.6145985401|2|29.615|0.000|00000000F7CE|25
41.8268041237|3|42.560|1.076|000000011443|25
34.553271028|6|35.925|26.578|00000001144F|25
43.1617021277|3|40.027|19.654|000000011454|25
34.3263157895|5|30.102|17.452|000000011467|25
34.6300884956|5|35.408|47.794|00000001146A|25
45.3512195122|3|41.948|23.165|000000011471|25
32.7193548387|3|35.691|17.663|000000011481|25
36.225|3|34.999|35.775|000000011484|25
44.7775280899|6|39.071|96.320|000000013194|25
21.8967032967|4|30.350|75.463|0000000131B9|25
35.5821428571|4|30.231|28.641|0000000131D8|25
25.3834394904|5|29.405|20.660|000000014F61|25
35.5821428571|5|31.357|38.257|000000014FBE|25
33.0107142857|6|34.447|57.610|000000016344|25
35.5821428571|3|36.283|0.983|00000001A040|25
34.9392857143|4|34.151|57.493|00000001B577|25
28.5718309859|5|31.692|29.491|00000001B57C|25
35.9092436975|11|32.850|70.853|00000001E34F|25
11.6186588921|3|11.698|0.013|000000027094|25
17.4026200873|3|17.474|0.010|000000027097|25
22.2340909091|2|22.234|0.000|0000000270A4|25
20.814893617|4|16.176|22.077|0000000276DA|25
13.9084870849|4|14.844|3.385|0000000276F7|25
13.7896193772|2|13.790|0.000|00000002970D|25
14.1782608696|4|14.228|0.618|000000029D17|25
