0000000184BE,20.0175824176,1477871905
00000002ADF7,16.2426540284,1477871718
0000000184E5,17.6854368932,1477872184
0000000184E9,14.1714285714,1477872281
0000000184DA,21.9469879518,1477872119
0000000197FE,16.049339207,1477872204
00000001982C,18.7793814433,1477872471
00000001AC45,17.5058823529,1477871941
00000001AC44,18.587755102,1477871891
0000000184EC,21.3052631579,1477872277
0000000184EA,18.4934010152,1477872255
0000000184D9,22.0444444444,1477872116
0000000184D8,19.2761904762,1477872116
0000000184EE,16.4108108108,1477872324
00000002ADE3,10.3213872832,1477871715
0000000197F5,15.0545454545,1477872094
0000000184C8,18.7793814433,1477871970
0000000197E4,19.6571428571,1477871903
0000000184C0,15.4372881356,1477871942
0000000184C3,18.975,1477871936
0000000184C4,19.0743455497,1477871940
0000000184C7,23.6636942675,1477871949
000000019809,13.1050359712,1477872250
0000000197DD,18.1333333333,1477871890
0000000184BB,17.1849056604,1477871893
000000019804,21.5573964497,1477872185
0000000184BD,17.9467980296,1477871907
0000000184A9,18.1279187817,1477871743
0000000197D7,21.8155688623,1477871845
00000001980B,16.4108108108,1477872239
0000000184B1,18.0356435644,1477871812
0000000184B7,23.2050955414,1477871837
0000000197EE,20.1762711864,1477872028
0000000184E4,19.621978022,1477872169
0000000184CD,17.5153846154,1477872026
00000001AC3A,20.3530726257,1477871796
00000002AE06,18.587755102,1477872449
00000002AE01,11.1233532934,1477872193
0000000184A6,19.8,1477871711
0000000184A7,20.3530726257,1477871876
0000000184A4,16.3068493151,1477871711
0000000184A2,13.9053435115,1477871730
0000000184A0,10.7066282421,1477871741
00000001AC96,21.1813953488,1477872468
00000001AC8B,22.4888888889,1477872367
0000000197C8,21.8155688623,1477871703
00000001AC7E,22.2101694915,1477872272
0000000184AC,16.6356164384,1477871777
00000001850A,21.5573964497,1477872483
00000001850B,21.8033898305,1477872496
00000001850D,20.8842105263,1477872505
0000000184CC,17.252173913,1477872019
00000002AE05,18.9957446809,1477872428
0000000184FF,19.2761904762,1477872409
00000002B5AA,10.4389684814,1477872015
0000000184F7,20.9379310345,1477872359
0000000184F6,15.2615384615,1477872375
0000000184F4,14.3433070866,1477872366
00000001AC6A,16.4108108108,1477872173
0000000184F9,15.872,1477872395
0000000184F8,18.4934010152,1477872382
0000000184BC,19.2761904762,1477871888
000000019737,15.0545454545,1477872057
00000001C21E,17.9434554974,1477872407
