0000000191A3,18.2347826087,1477914877
00000002BD5F,17.3844559585,1477915240
00000001BB83,16.049339207,1477914818
00000002B09F,19.9081967213,1477914725
00000002B0AB,15.8629482072,1477915349
0000000191CD,14.8608,1477915346
0000000191C8,21.022459893,1477915274
000000019198,18.2117647059,1477914756
000000019199,19.2,1477914776
0000000191AB,22.3363636364,1477914938
00000001A5EE,19.2761904762,1477915071
00000001918B,16.7889400922,1477914643
00000001918A,20.5830508475,1477914613
00000001BB9A,19.3787234043,1477915273
00000001A5BC,20.2909090909,1477914681
00000001918F,15.9428571429,1477914695
0000000191B7,10.8106824926,1477915154
0000000191B6,17.2663507109,1477915090
00000001A60B,20.7,1477915225
00000001A60C,21.1813953488,1477915219
00000001D1FA,17.0153846154,1477914697
0000000191D2,43.3714285714,1477915400
00000001A5EB,18.3920792079,1477915040
00000001918C,22.0444444444,1477914616
00000001919F,20.1281767956,1477914859
000000019192,18.9551020408,1477914697
00000001A5FA,20.4674157303,1477915108
0000000191B0,19.9508379888,1477915021
0000000191BC,21.1813953488,1477915134
0000000191BE,16.6356164384,1477915184
000000019189,14.1758754864,1477914654
00000001BB99,19.8,1477915235
00000001A601,23.1896103896,1477915191
00000001A602,17.9467980296,1477915224
00000002B0A3,13.8626865672,1477915070
0000000191C7,22.9894736842,1477915237
00000002B0A1,14.4,1477914820
0000000191C2,20.4131868132,1477915206
00000002B0A6,15.4597402597,1477915113
00000002B0A4,13.1050359712,1477915081
00000001A61B,39.6,1477915335
0000000191A6,18.4,1477914907
00000001919C,15.7521126761,1477914809
00000001A5C1,11.4904109589,1477914631
00000001A608,18.975,1477915205
00000001BBB4,12.0242424242,1477915260
