00000001B1D8,35.7176470588,1477886647
00000002AEE8,11.8671009772,1477886408
0000000189AC,33.6,1477886790
00000002AEED,24.4602739726,1477886672
00000002AEEB,23.4,1477886665
00000001899A,34.0485981308,1477886348
000000018997,26.6507462687,1477886297
00000001C7D5,38.3010309278,1477886783
00000002B2B8,15.3931034483,1477886738
000000018995,29.9571428571,1477886253
000000018991,29.2721311475,1477886176
00000002AEF1,15.6100840336,1477886844
0000000189A7,28.6866141732,1477886738
000000019D2D,20.5830508475,1477886465
000000019D37,24.9342281879,1477886742
000000019D34,28.3603053435,1477886539
000000019D21,28.2418604651,1477886254
000000019D20,13.5434944238,1477886299
000000019D22,41.875862069,1477886332
000000019D42,29.862295082,1477886928
00000002AEEC,10.3206798867,1477886780
000000019D1F,29.4857142857,1477886212
00000001899E,16.7351351351,1477886494
00000001899C,11.6025477707,1477886498
00000001899B,44.1707865169,1477886382
000000019D3E,33.4702702703,1477886818
000000018971,30.1090909091,1477886463
0000000189A6,35.7176470588,1477886714
0000000189A2,41.0482758621,1477886523
