00000001897B,12.1469387755,1477885873
00000001897E,23.9684210526,1477885855
00000001897D,37.5587628866,1477885800
00000001895D,36.0712871287,1477885285
000000019D11,37.5587628866,1477886005
00000002B2B1,20.5840490798,1477885611
00000002B2B3,12.65,1477885698
000000018973,12.144,1477885769
00000001898A,36.8,1477885993
00000001898C,26.5927007299,1477886026
000000018966,34.7214953271,1477885480
000000018967,22.2146341463,1477885510
00000001B195,34.0485981308,1477885618
00000001B194,23.2050955414,1477885388
000000018968,40.3826086957,1477885474
000000018974,24.8,1477885695
00000001896D,29.5140495868,1477885562
00000001896E,18.6,1477885626
00000001896B,14.7570247934,1477885570
00000001896A,37.5272727273,1477885492
00000001894C,21.3844311377,1477885281
000000019CEE,30.1636363636,1477885269
000000019D06,39.0352941176,1477885735
000000018987,35.3708737864,1477885937
00000002AEE3,15.2888888889,1477885331
000000019CF3,31.1384615385,1477885351
000000018971,26.4188976378,1477885624
000000018970,25.8,1477885618
000000018975,36.8,1477885671
000000018955,33.6,1477885290
