00000002ADE4,13.2213523132,1477871315
00000002ADF2,11.0222222222,1477871680
00000002ADF7,16.2426540284,1477871718
00000002ADEF,15.0457399103,1477871603
00000001849D,18.4082474227,1477871653
00000002ADEE,12.9191489362,1477871609
00000001849B,14.0598425197,1477871678
00000001849C,17.3607476636,1477871659
00000001AC44,18.587755102,1477871891
00000002ADE3,10.3213872832,1477871715
000000018494,12.5195876289,1477871619
000000018495,11.4206896552,1477871633
00000002ADE2,12.8734982332,1477871182
000000018493,14.931147541,1477871582
000000018491,10.7152941176,1477871579
0000000184A4,16.3068493151,1477871711
0000000197B2,20.5830508475,1477871613
000000018488,21.1090909091,1477871410
0000000197E4,19.6571428571,1477871903
00000001847F,18.216,1477871336
0000000197DD,18.1333333333,1477871890
0000000184BC,19.2761904762,1477871888
0000000184BB,17.1849056604,1477871893
0000000184BE,20.0175824176,1477871905
000000018474,21.3844311377,1477871235
000000018477,21.8155688623,1477871256
000000018470,25.2,1477871184
000000018472,18.975,1477871239
0000000184B1,18.0356435644,1477871812
0000000184B7,23.2050955414,1477871837
00000001AC3A,20.3530726257,1477871796
00000001D8E0,20.5830508475,1477871116
0000000197D7,21.8155688623,1477871845
0000000184A6,19.8,1477871711
0000000184A7,20.3530726257,1477871876
000000018465,19.2761904762,1477871111
0000000184A2,13.9053435115,1477871730
0000000184A0,10.7066282421,1477871741
0000000184A1,14.6903225806,1477871704
0000000184A9,18.1279187817,1477871743
0000000197C8,21.8155688623,1477871703
000000019776,16.4571428571,1477871359
00000001978D,20.0421052632,1477871374
00000001846E,20.5830508475,1477871335
00000001846B,18.1253731343,1477871169
0000000197B0,19.4823529412,1477871586
00000001AC1F,11.7569620253,1477871686
000000018484,22.9132075472,1477871366
0000000184AC,16.6356164384,1477871777
000000018435,18.9551020408,1477871265
0000000197AB,18.3075376884,1477871530
00000002B1A9,16.0143497758,1477871561
