00000001858F,18.4934010152,1477873566
0000000185C3,20.4131868132,1477873869
000000019919,20.7,1477874248
0000000198E8,19.35,1477873899
000000019905,15.3721518987,1477874143
0000000198E2,20.7553072626,1477873853
0000000198E6,21.6,1477874055
00000001990A,16.8452830189,1477874156
00000001990F,19.621978022,1477874145
0000000185D4,12.9651245552,1477874174
0000000185CC,22.4888888889,1477874093
0000000185D0,17.1207373272,1477874095
0000000185D3,20.5830508475,1477874122
0000000185D9,19.4823529412,1477874176
00000001AD2D,22.2146341463,1477873541
000000019921,17.5875,1477874298
00000001DA29,19.2761904762,1477874254
0000000185E7,18.975,1477874255
0000000185E4,21.5573964497,1477874227
0000000185E3,20.1762711864,1477874224
0000000185E9,20.0175824176,1477874263
00000001C30A,22.4888888889,1477873809
0000000198C5,19.104950495,1477873624
000000024871,14.2892307692,1477874049
0000000185ED,18.8952380952,1477874300
0000000185EC,20.7627906977,1477874284
0000000185EA,22.0444444444,1477874253
0000000185EB,20.4674157303,1477874261
0000000198FF,23.5401197605,1477874071
00000001C2E2,21.9469879518,1477873607
000000018582,10.4389684814,1477873515
000000018589,11.3142857143,1477873550
0000000198AE,10.1743589744,1477873543
000000018594,10.1454545455,1477873651
000000018599,19.8,1477873588
00000001AD67,17.6075829384,1477874239
0000000198F1,19.8,1477873958
00000001991C,17.6792079208,1477874239
0000000198F4,16.4108108108,1477874008
0000000185AB,20.0175824176,1477873738
00000002AE22,13.364028777,1477873980
0000000185AF,18.1279187817,1477873761
0000000185A8,15.9091703057,1477873744
0000000185A3,19.6571428571,1477873681
0000000198DB,19.0523076923,1477873779
0000000185A6,19.2761904762,1477873717
0000000185A5,21.3844311377,1477873701
0000000185A4,20.7627906977,1477873703
0000000185BF,16.3372197309,1477873865
0000000185B8,21.8155688623,1477873796
0000000185DF,16.0137931034,1477874242
0000000185AC,10.3206798867,1477873822
0000000198D5,16.8666666667,1477873786
0000000198D2,16.4571428571,1477873770
0000000198D3,18.697382199,1477873764
0000000185AE,19.0973262032,1477873750
