000000019406,41.7438202247,1477925449
000000019403,45.1862068966,1477925476
000000019400,49.6,1477925245
00000002B4EF,14.4,1477925390
0000000193E5,10.7117166213,1477925322
00000001A83F,41.875862069,1477925437
00000002B115,12.9651245552,1477925366
00000001941A,48.2493506494,1477925880
00000001941B,40.9348314607,1477925910
0000000193FE,38.5078651685,1477925189
0000000193FB,34.0844036697,1477925176
0000000193F8,33.3757009346,1477925158
0000000193F7,37.5587628866,1477925292
00000001A855,38.3010309278,1477925875
00000002B11A,10.3206798867,1477925788
00000001A835,40.5278350515,1477925226
00000001A84E,13.3941176471,1477925860
00000001940F,43.5512195122,1477925680
00000001940A,42.4087912088,1477925564
00000001D50C,59.9225806452,1477925333
