0000000185C3,20.4131868132,1477873869
0000000198E8,19.35,1477873899
0000000198E2,20.7553072626,1477873853
0000000198B9,21.8155688623,1477873469
00000001AD2D,22.2146341463,1477873541
00000001C30A,22.4888888889,1477873809
00000001857D,11.4095846645,1477873426
0000000198C5,19.104950495,1477873624
00000001989F,20.4131868132,1477873333
00000001857B,19.8,1477873357
000000018576,19.4823529412,1477873314
000000018573,18.3075376884,1477873301
00000001856B,20.1913043478,1477873480
00000001856A,10.2337078652,1477873310
00000001856F,20.5830508475,1477873246
000000018586,18.8952380952,1477873454
00000001C2E2,21.9469879518,1477873607
00000001AD14,18.7793814433,1477873336
000000018581,16.9643835616,1477873449
000000018582,10.4389684814,1477873515
00000002B1D3,14.6903225806,1477873270
000000018589,11.3142857143,1477873550
00000002B5D2,13.1050359712,1477873318
0000000198A0,17.6075829384,1477873355
0000000198A3,22.7464968153,1477873348
0000000198AE,10.1743589744,1477873543
00000002AE1D,13.3450549451,1477873498
00000002AE1B,13.8626865672,1477873365
00000001858F,18.4934010152,1477873566
000000018594,10.1454545455,1477873651
000000018599,19.8,1477873588
0000000198F1,19.8,1477873958
0000000185AB,20.0175824176,1477873738
00000002AE21,16.0137931034,1477873920
0000000198D3,18.697382199,1477873764
0000000185A8,15.9091703057,1477873744
0000000185A3,19.6571428571,1477873681
0000000198DB,19.0523076923,1477873779
0000000185A6,19.2761904762,1477873717
0000000185A5,21.3844311377,1477873701
0000000185A4,20.7627906977,1477873703
0000000185BF,16.3372197309,1477873865
00000001C288,18.0356435644,1477873432
0000000185B4,19.8673796791,1477873797
0000000185B8,21.8155688623,1477873796
0000000198D9,18.6,1477873829
0000000185AC,10.3206798867,1477873822
0000000198D7,18.4934010152,1477873759
0000000198D5,16.8666666667,1477873786
0000000198D2,16.4571428571,1477873770
0000000185AF,18.1279187817,1477873761
0000000185AE,19.0973262032,1477873750
