0000000199FD,29.4857142857,1477875742
00000001AE10,21.6,1477875214
00000001DB37,17.2663507109,1477875400
000000018652,20.8182857143,1477875188
00000001AE0B,23.8153846154,1477875218
00000001864A,23.6636942675,1477875107
00000001AE07,21.3517241379,1477875257
000000018649,15.3270386266,1477875129
000000018648,16.2835443038,1477875108
000000018681,19.35,1477875654
000000019933,15.3721518987,1477875036
000000018680,21.3652173913,1477875636
00000001865D,23.2050955414,1477875715
00000001ADED,17.6792079208,1477875029
00000002AE3D,20.3689119171,1477875168
000000019A07,28.8,1477875830
000000018679,16.3665198238,1477875606
000000018655,22.8558139535,1477875244
000000018672,21.5573964497,1477875521
000000018673,21.1313609467,1477875529
000000018671,20.2052356021,1477875518
000000018676,20.5830508475,1477875570
000000018677,24.8,1477875726
00000001866F,22.2146341463,1477875492
00000001866C,24.1246753247,1477875462
0000000199A0,20.9379310345,1477875061
00000001868C,28.1196850394,1477875708
0000000199A3,16.0864864865,1477875135
0000000199A7,22.0444444444,1477875120
000000018665,21.1813953488,1477875398
000000018667,22.0444444444,1477875404
000000018668,19.4086956522,1477875602
00000002B1E6,10.0087912088,1477875088
00000001867E,19.0973262032,1477875627
00000001C411,22.7464968153,1477875730
00000001869A,35.0307692308,1477875807
0000000199C3,14.5147410359,1477875348
0000000199C1,20.7627906977,1477875299
000000019990,17.5153846154,1477875044
0000000199CD,19.4086956522,1477875333
000000018658,18.3920792079,1477875272
000000018693,30.6151260504,1477875787
000000018694,31.7538461538,1477875790
00000001867F,20.0175824176,1477875630
000000018687,28.1196850394,1477875679
0000000199E2,20.7553072626,1477875561
00000002AE3E,17.4315789474,1477875172
00000002AE3F,19.0743455497,1477875668
0000000199ED,30.8756756757,1477875827
00000001868B,29.3806451613,1477875683
000000019994,18.6693467337,1477875046
0000000199EB,18.3920792079,1477875687
00000001868D,22.9333333333,1477875732
00000002AE42,16.8666666667,1477875393
00000001863D,12.4012618297,1477875015
