00000001A5AA,14.3433070866,1477914373
00000001915A,17.4315789474,1477914213
000000019139,20.0175824176,1477914473
000000019154,17.8588235294,1477914178
00000001912A,14.1154150198,1477914424
000000019157,15.8017699115,1477914195
000000019150,20.4131868132,1477914117
000000019152,20.3530726257,1477914124
000000019153,20.1913043478,1477914142
000000019158,18.4934010152,1477914187
000000019159,20.5830508475,1477914175
000000019142,14.5763265306,1477914040
00000001914F,19.2761904762,1477914116
00000001914D,20.6427745665,1477914082
00000001A593,17.9457286432,1477914389
000000019147,21.2571428571,1477914060
00000001A5C2,17.6792079208,1477914597
00000001915E,21.5547169811,1477914233
00000001915F,20.7,1477914240
00000001A5C1,11.4904109589,1477914631
000000019173,23.2050955414,1477914384
000000019170,23.2050955414,1477914365
000000019177,11.2444444444,1477914522
000000019175,14.1758754864,1477914482
000000019179,21.1313609467,1477914457
00000001A594,18.0356435644,1477914128
000000019151,11.8671009772,1477914180
00000001A5B5,18.697382199,1477914463
00000001A58E,19.4823529412,1477914089
00000001A58B,10.9405405405,1477914119
00000001A58A,20.3016393443,1477914019
00000002BD40,21.3844311377,1477914395
00000001A588,10.9504178273,1477914431
00000002B084,14.3433070866,1477914037
00000001A5BC,20.2909090909,1477914681
00000001A59D,19.8,1477914180
00000001A59A,20.4131868132,1477914174
000000019192,18.9551020408,1477914697
00000002B098,13.2213523132,1477914412
000000019198,18.2117647059,1477914756
000000019199,19.2,1477914776
00000002B091,12.7831578947,1477914122
00000002B096,12.6798634812,1477914291
00000001918C,22.0444444444,1477914616
00000001918B,16.7889400922,1477914643
00000001918A,20.5830508475,1477914613
00000001918F,15.9428571429,1477914695
000000019168,15.4372881356,1477914332
000000019164,17.1849056604,1477914294
000000019162,21.6,1477914259
00000001916E,10.8547112462,1477914441
00000001916D,22.6536585366,1477914333
000000019182,17.1849056604,1477914533
000000019189,14.1758754864,1477914654
00000001BB37,15.7034482759,1477914232
00000002B09F,19.9081967213,1477914725
00000001D1FA,17.0153846154,1477914697
