00000002B7D8,15.6360515021,1477907125
000000018E0A,22.3509202454,1477907374
000000018E0B,36.4695652174,1477907351
000000018E0C,22.9132075472,1477907393
00000001B782,27.1880597015,1477907124
00000001A1CF,26.5927007299,1477906902
00000001A1CB,20.1913043478,1477906900
00000002B3A1,15.1322033898,1477906833
00000001A1C4,26.0671532847,1477906870
000000018E09,17.9467980296,1477907370
000000018E00,10.0314606742,1477907367
000000018E02,28.2418604651,1477907273
000000018E04,12.1883959044,1477907358
000000018E06,30.6151260504,1477907306
000000018DFD,34.0844036697,1477907218
000000018E2A,29.3806451613,1477907618
000000024A02,10.56,1477906997
00000001A1EE,26.2588235294,1477907307
00000001A208,26.5927007299,1477907587
00000001A209,29.862295082,1477907461
00000001A200,23.6636942675,1477907397
00000001A201,25.6563380282,1477907409
00000001A203,11.1252336449,1477907486
00000001A204,26.1633802817,1477907417
000000018E16,26.7882352941,1477907478
000000018E15,28.8,1477907464
000000018E14,29.9571428571,1477907455
00000002AFE0,15.9789473684,1477907227
000000018E1B,28.6866141732,1477907495
000000018E1A,26.2100719424,1477907498
000000018E1F,30.4524590164,1477907540
00000002AFE6,11.7569620253,1477907465
000000018E1D,25.6563380282,1477907542
00000001A1E4,10.621574344,1477907278
00000001E586,26.0671532847,1477907148
000000018DF6,24.4510067114,1477907183
000000018DF3,24.1271523179,1477907129
000000018DF2,31.7538461538,1477907090
000000018E21,27.6,1477907558
00000002B3B2,10.6838709677,1477907461
00000002AFD6,11.2301886792,1477906835
00000001A1D4,24.1246753247,1477906949
000000018DDA,10.0363636364,1477906907
00000001A1D1,33.6,1477906915
00000002B390,18.587755102,1477907532
00000002AFE1,19.3787234043,1477907249
000000018DE9,11.6025477707,1477907030
000000018DEB,32.5285714286,1477906936
00000001B755,15.7714285714,1477906872
000000018DEA,29.862295082,1477906938
000000018DEF,24.7836734694,1477907047
000000018E1E,23.3538461538,1477907554
00000002AFDF,12.0237623762,1477907189
00000002AFDE,11.984516129,1477907167
