11.0243323442|4|19.507|90.102|0000000188AE|51
18.5433962264|2|18.543|0.000|0000000188BA|51
25.65|3|33.527|31.233|0000000188C0|51
29.862295082|8|32.806|54.015|0000000188C2|51
41.875862069|2|41.876|0.000|0000000188C4|51
26.5927007299|2|26.593|0.000|0000000188C6|51
38.7574468085|7|34.388|174.521|0000000188C7|51
44.4292682927|6|37.131|61.184|0000000188CA|51
11.5657142857|6|26.125|113.115|0000000188CB|51
14.9806451613|2|14.981|0.000|0000000188D1|51
26.0671532847|3|26.325|0.133|0000000188D2|51
31.1384615385|3|35.266|34.080|0000000188D6|51
36.8|2|36.800|0.000|0000000188D7|51
11.055483871|3|19.067|128.354|0000000188D8|51
13.8418604651|2|13.842|0.000|0000000188D9|51
36.7841584158|3|31.496|55.933|0000000188DA|51
41.875862069|3|40.267|5.177|0000000188DB|51
37.5272727273|2|37.527|0.000|0000000188E2|51
26.4|2|26.400|0.000|0000000188E6|51
29.862295082|2|29.862|0.000|0000000188EA|51
10.5246458924|6|24.571|107.515|000000019C45|51
34.4|6|26.577|84.902|000000019C49|51
20.7627906977|7|28.861|117.216|000000019C5A|51
30.6151260504|3|32.176|4.870|000000019C6B|51
44.4292682927|5|40.631|55.101|00000001B0E4|51
28.1196850394|6|35.977|37.332|00000001B0E7|51
31.6327868852|7|28.229|28.949|00000001C6BC|51
11.6945454545|2|11.695|0.000|000000024C87|51
13.8524714829|2|13.852|0.000|00000002AEC1|51
21.4819672131|6|17.781|23.072|00000002BB13|51
