44.4292682927|2|44.429|0.000|00000001943B|51
40.3826086957|2|40.383|0.000|00000001943E|51
51.6|1|51.600|0.000|000000019442|51
42.7034482759|3|40.090|13.660|000000019445|51
34.0485981308|5|38.299|62.689|000000019446|51
38.3010309278|3|39.419|2.499|000000019447|51
13.4933333333|2|13.493|0.000|000000019448|51
44.4292682927|3|44.662|0.108|00000001944C|51
43.3617977528|2|43.362|0.000|00000001944F|51
37.5272727273|2|37.527|0.000|000000019450|51
40.3826086957|4|38.967|14.996|00000001BE15|51
58.7612903226|11|39.573|178.568|00000001D515|51
41.875862069|10|35.291|129.436|00000001FAA3|51
10.8218181818|2|10.822|0.000|000000024B44|51
16.1592760181|3|16.891|1.070|00000002B4FF|51
