30.1090909091|7|37.932|80.832|000000018971|51
29.2721311475|4|33.379|24.308|000000018991|51
29.9571428571|2|29.957|0.000|000000018995|51
26.6507462687|7|29.690|67.882|000000018997|51
34.0485981308|6|36.168|10.774|00000001899A|51
44.1707865169|2|44.171|0.000|00000001899B|51
11.6025477707|5|22.613|91.958|00000001899C|51
16.7351351351|2|16.735|0.000|00000001899E|51
41.0482758621|4|37.332|21.443|0000000189A2|51
35.7176470588|3|37.038|3.486|0000000189A6|51
28.6866141732|3|27.504|2.798|0000000189A7|51
33.6|2|35.459|3.454|0000000189AC|51
29.4857142857|3|33.540|32.882|000000019D1F|51
13.5434944238|8|29.274|99.201|000000019D20|51
28.2418604651|3|29.380|2.593|000000019D21|51
41.875862069|3|39.549|10.828|000000019D22|51
20.5830508475|5|29.666|59.900|000000019D2D|51
28.3603053435|3|38.130|190.892|000000019D34|51
24.9342281879|5|32.463|42.927|000000019D37|51
33.4702702703|3|35.270|6.481|000000019D3E|51
29.862295082|3|30.773|1.660|000000019D42|51
35.7176470588|7|33.484|116.220|00000001B1D8|51
38.3010309278|8|34.248|27.189|00000001C7D5|51
11.8671009772|3|12.584|1.029|00000002AEE8|51
23.4|2|23.400|0.000|00000002AEEB|51
10.3206798867|2|10.321|0.000|00000002AEEC|51
24.4602739726|3|20.719|27.995|00000002AEED|51
15.6100840336|2|15.610|0.000|00000002AEF1|51
15.3931034483|3|14.154|3.070|00000002B2B8|51
