18.7793814433|7|27.729|126.487|0000000184D3|51
16.4108108108|3|23.751|107.755|0000000184EE|51
14.3433070866|2|14.343|0.000|0000000184F4|51
15.2615384615|3|24.891|185.435|0000000184F6|51
20.9379310345|2|20.938|0.000|0000000184F7|51
18.4934010152|2|18.493|0.000|0000000184F8|51
15.872|4|19.702|28.253|0000000184F9|51
19.2761904762|4|22.820|18.346|0000000184FF|51
10.3794871795|4|17.321|55.939|000000018501|51
15.9157894737|2|15.916|0.000|000000018502|51
21.5573964497|2|21.557|0.000|00000001850A|51
21.8033898305|4|24.878|19.502|00000001850B|51
17.8588235294|3|22.502|43.111|00000001850C|51
20.8842105263|3|23.500|13.682|00000001850D|51
11.61|5|23.473|131.285|00000001850F|51
14.5147410359|4|18.941|26.559|000000018511|51
19.1505154639|3|25.577|82.610|000000018515|51
17.8588235294|3|19.659|6.478|000000018516|51
23.6571428571|2|23.657|0.000|000000018518|51
19.9508379888|3|21.228|3.260|000000018522|51
20.7553072626|3|22.316|4.873|000000018524|51
18.2117647059|4|20.157|3.910|000000018526|51
23.9684210526|2|23.968|0.000|000000018529|51
20.9898305085|2|20.990|0.000|00000001852F|51
18.3075376884|3|20.290|7.862|000000018539|51
10.6148571429|3|14.347|27.852|00000001853A|51
15.9428571429|2|15.943|0.000|00000001853D|51
16.4108108108|2|16.411|0.000|00000001853F|51
16.3665198238|2|16.367|0.000|000000018542|51
20.0175824176|3|22.922|16.871|000000018543|51
20.5259668508|3|24.024|24.478|000000018547|51
19.5870967742|2|19.587|0.000|000000018548|51
18.2204081633|2|18.220|0.000|00000001854B|51
20.9379310345|2|20.938|0.000|00000001854C|51
14.5147410359|2|14.515|0.000|00000001854E|51
21.3844311377|2|21.384|0.000|00000001854F|51
18.2204081633|2|18.220|0.000|000000018550|51
23.9684210526|2|23.968|0.000|000000018551|51
22.9132075472|2|22.913|0.000|000000018552|51
23.2050955414|2|23.205|0.000|000000018556|51
18.7793814433|3|23.814|50.703|00000001982C|51
20.5830508475|3|23.564|17.776|00000001984F|51
19.4823529412|6|30.125|63.454|000000019852|51
20.9379310345|4|27.368|59.844|000000019854|51
18.9957446809|3|23.003|32.120|000000019857|51
15.2262295082|3|19.993|45.447|00000001985B|51
19.4823529412|3|23.401|30.707|000000019863|51
20.5830508475|4|25.363|28.264|000000019866|51
24.2716981132|4|25.861|2.753|000000019867|51
22.4888888889|5|29.988|172.650|00000001AC8B|51
21.1813953488|4|24.286|20.126|00000001AC96|51
18.1161290323|3|23.670|61.688|00000001ACBC|51
15.1135135135|4|20.237|50.631|00000001ACD5|51
17.6|3|25.914|36.967|00000001ACEB|51
17.9434554974|5|22.068|17.946|00000001C21E|51
22.2146341463|6|32.005|53.356|00000001D9BA|51
18.9957446809|2|18.996|0.000|00000002AE05|51
18.587755102|4|15.786|8.117|00000002AE06|51
13.6962406015|3|15.317|5.255|00000002AE0B|51
17.4315789474|4|16.171|3.219|00000002B1D8|51
10.675862069|3|11.707|2.128|00000002B1DA|51
14.6903225806|4|16.591|5.314|00000002B5C7|51
17.9467980296|8|15.232|11.216|00000002B9F6|51
23.0757763975|6|18.447|11.608|00000002BE8A|51
10.8|4|14.787|5.984|00000002BEB6|51
