34.3384615385|3|36.352|8.107|0000000182C8|51
23.7957446809|2|23.796|0.000|0000000182CA|51
41.7438202247|4|35.738|100.697|0000000182CD|51
38.5411764706|3|37.453|2.368|0000000182CE|51
37.9914893617|4|32.246|33.425|0000000182D0|51
33.1714285714|2|33.171|0.000|0000000182D5|51
37.9914893617|4|35.392|13.643|0000000182DA|51
33.423853211|5|31.425|109.408|0000000182DF|51
33.3757009346|4|32.735|1.670|0000000182E3|51
44.1707865169|2|44.171|0.000|0000000182E7|51
34.0485981308|2|34.049|0.000|0000000182EB|51
28.4625|2|28.462|0.000|0000000182EC|51
28.1196850394|2|28.120|0.000|0000000182EE|51
32.2615384615|2|32.262|0.000|0000000182F2|51
34.7214953271|5|35.711|13.186|0000000195E1|51
36.8|3|38.750|7.605|0000000195E5|51
25.8|2|29.747|15.580|0000000195E6|51
32.7633027523|4|31.722|10.920|0000000195F4|51
26.2100719424|4|30.268|41.267|00000001AA41|51
30.7816513761|2|30.782|0.000|00000001AA56|51
12.7384615385|2|12.738|0.000|00000002AD82|51
11.3614678899|3|14.021|14.150|00000002AD86|51
13.364028777|2|13.364|0.000|00000002AD88|51
12.65|1|12.650|0.000|00000002AD89|51
13.4435424354|2|13.444|0.000|00000002AD8A|51
17.3359223301|2|17.336|0.000|00000002AD8B|51
