35.0307692308|4|37.153|43.295|000000019420|51
42.7034482759|3|41.520|2.800|000000019427|51
39.6|1|39.600|0.000|00000001942B|51
36.8|4|34.640|14.487|00000001942E|51
44.4292682927|2|44.429|0.000|000000019431|51
47.3142857143|2|47.314|0.000|000000019433|51
41.875862069|3|43.525|5.438|000000019434|51
35.7176470588|3|38.797|18.966|000000019436|51
28.6866141732|3|28.894|0.086|000000019437|51
41.0482758621|4|39.799|2.785|000000019439|51
44.4292682927|2|44.429|0.000|00000001943B|51
40.3826086957|2|40.383|0.000|00000001943E|51
51.6|1|51.600|0.000|000000019442|51
38.8173913043|4|40.911|4.572|00000001A87A|51
40.3826086957|4|38.967|14.996|00000001BE15|51
58.7612903226|8|38.742|229.852|00000001D515|51
36.8|9|30.506|189.681|00000001D52F|51
32.8216216216|8|34.106|97.467|00000001D538|51
12.3570934256|2|12.357|0.000|00000002B11F|51
