30.4524590164|2|30.452|0.000|000000018D22|51
30.6151260504|3|31.236|0.771|000000018D23|51
23.2050955414|2|23.205|0.000|000000018D24|51
38.3010309278|2|38.301|0.000|000000018D26|51
32.5285714286|5|36.412|27.922|000000018D2C|51
10.756626506|2|10.757|0.000|000000018D2E|51
35.0307692308|3|31.439|25.800|000000018D35|51
20.9379310345|2|20.938|0.000|000000018D36|51
34.4842105263|2|34.484|0.000|000000018D38|51
15.5947598253|5|19.882|20.693|000000018D39|51
33.6905660377|6|28.173|30.053|000000018D3B|51
26.1633802817|4|26.632|1.135|000000018D3C|51
27.1182481752|5|30.048|23.802|000000018D3D|51
10.0087912088|3|12.761|15.154|000000018D3F|51
31.7032258065|2|31.703|0.000|000000018D47|51
20.0175824176|5|28.994|91.427|000000018D4A|51
21.6|1|21.600|0.000|000000018D57|51
27.1182481752|2|27.118|0.000|000000018D59|51
18.587755102|4|21.999|22.456|000000018D5B|51
22.3509202454|2|22.351|0.000|000000018D5D|51
25.0160583942|3|26.348|3.548|000000018D5E|51
22.2467065868|3|23.881|5.340|000000018D5F|51
30.6151260504|4|31.106|30.731|000000018D65|51
18.576|1|18.576|0.000|000000018D68|51
26.2100719424|4|28.756|6.660|000000018D69|51
27.8106870229|2|27.811|0.000|000000018D6C|51
28.8|1|28.800|0.000|000000018D6E|51
26.2100719424|2|26.210|0.000|000000018D70|51
28.2418604651|2|28.242|0.000|000000018D71|51
27.6|1|27.600|0.000|000000018D72|51
25.8382978723|2|25.838|0.000|000000018D73|51
27.3|1|27.300|0.000|000000018D78|51
31.1384615385|2|31.138|0.000|000000018D79|51
27.1880597015|2|27.188|0.000|000000018D7A|51
35.0307692308|2|35.031|0.000|000000018D7B|51
23.9677852349|3|29.272|56.270|00000001A0BF|51
10.7704109589|8|23.537|54.877|00000001A0D1|51
25.5818181818|4|29.285|31.016|00000001A0D9|51
19.4086956522|4|27.016|57.882|00000001A0DF|51
21.9469879518|5|29.956|63.509|00000001A0F5|51
11.1412844037|3|18.455|106.984|00000001A10E|51
21.787012987|3|24.560|15.379|00000001A13A|51
35.7176470588|3|38.028|10.679|00000001A145|51
24.9342281879|8|32.087|72.030|00000001E472|51
11.1567567568|3|12.741|5.020|00000002AFAD|51
11.7405405405|2|11.741|0.000|00000002AFB5|51
23.3538461538|2|23.354|0.000|00000002AFB7|51
14.5170731707|2|14.517|0.000|00000002AFB9|51
14.5125|4|15.972|8.835|00000002B37C|51
13.5940298507|3|13.494|0.020|00000002B383|51
14.6313253012|3|16.226|5.085|00000002B384|51
16.8666666667|3|16.838|0.002|00000002B38C|51
18.0387096774|5|17.088|11.160|00000002B7BF|51
