13.0580645161|6|23.809|109.453|000000018C2A|51
38.8173913043|3|39.021|0.083|000000018C2C|51
38.8173913043|3|38.061|1.146|000000018C2D|51
38.5411764706|2|38.541|0.000|000000018C39|51
50.6|4|31.766|164.707|000000018C3B|51
19.8673796791|4|23.713|20.795|000000018C3C|51
45.3073170732|3|44.038|3.221|000000018C3E|51
45.2050632911|3|39.251|70.894|000000018C41|51
39.6|3|29.149|61.884|000000018C42|51
34.0485981308|2|34.049|0.000|000000018C44|51
13.4762264151|5|26.800|130.139|000000018C45|51
46.8|4|39.636|92.188|000000018C47|51
38.3010309278|2|38.301|0.000|000000018C53|51
45.1862068966|2|45.186|0.000|000000018C56|51
29.862295082|2|29.862|0.000|000000018C5A|51
34.3384615385|2|34.338|0.000|000000018C5B|51
36.0712871287|5|35.383|32.377|000000019FDE|51
35.5153846154|6|35.363|17.824|000000019FE8|51
25.2734693878|4|28.439|44.291|000000019FEE|51
36.8|3|36.575|0.102|000000019FF6|51
39.6|2|35.206|19.308|00000001A000|51
17.6854368932|3|17.156|0.560|00000002AF70|51
13.0335766423|3|12.822|0.090|00000002AF73|51
10.4689655172|3|12.140|5.584|00000002AF74|51
19.4086956522|3|16.876|12.830|00000002AF75|51
10.9077844311|6|13.529|12.017|00000002B33C|51
14.6515283843|4|15.795|1.356|00000002B345|51
