10.6922155689|4|18.951|96.841|000000018620|51
19.9508379888|3|25.771|67.746|000000018621|51
20.0910179641|2|20.091|0.000|000000018622|51
20.1|3|28.353|37.576|000000018623|51
18.0356435644|2|18.036|0.000|000000018624|51
22.1813664596|3|26.530|37.829|000000018625|51
19.9553299492|2|19.955|0.000|000000018628|51
20.4131868132|2|20.413|0.000|00000001862B|51
28.6948905109|3|32.144|23.790|00000001862E|51
16.5857142857|4|19.307|15.917|000000018633|51
17.6792079208|3|21.955|36.568|000000018635|51
18.3920792079|4|22.845|20.494|000000018639|51
12.4012618297|2|12.401|0.000|00000001863D|51
16.2086956522|3|20.383|34.845|00000001863E|51
20.9898305085|3|23.664|14.300|000000018640|51
16.2835443038|3|22.464|76.406|000000018648|51
15.3270386266|3|19.526|35.270|000000018649|51
23.6636942675|4|27.198|34.888|00000001864A|51
20.8182857143|3|23.322|12.536|000000018652|51
22.8558139535|2|22.856|0.000|000000018655|51
18.3920792079|2|18.392|0.000|000000018658|51
21.5573964497|3|23.463|7.259|000000018660|51
21.1813953488|2|21.181|0.000|000000018665|51
22.0444444444|2|22.044|0.000|000000018667|51
24.1246753247|2|24.125|0.000|00000001866C|51
22.2146341463|2|22.215|0.000|00000001866F|51
19.0973262032|8|28.297|64.686|000000019971|51
17.5153846154|4|23.081|49.384|000000019990|51
18.6693467337|3|20.990|10.769|000000019994|51
20.9379310345|5|26.782|144.365|0000000199A0|51
16.0864864865|4|20.184|23.801|0000000199A3|51
22.0444444444|4|26.332|18.467|0000000199A7|51
20.7627906977|4|26.082|28.955|0000000199C1|51
14.5147410359|4|25.013|112.087|0000000199C3|51
19.4086956522|3|26.200|92.241|0000000199CD|51
19.4823529412|5|28.730|68.199|00000001ADEA|51
17.6792079208|5|26.109|57.601|00000001ADED|51
21.3517241379|4|20.409|2.405|00000001AE07|51
23.8153846154|5|26.945|67.671|00000001AE0B|51
21.6|4|31.987|50.224|00000001AE10|51
17.2663507109|6|28.079|65.945|00000001DB37|51
20.4674157303|3|18.539|7.439|00000002AE2F|51
20.3689119171|2|20.369|0.000|00000002AE3D|51
17.4315789474|2|17.432|0.000|00000002AE3E|51
16.8666666667|2|16.867|0.000|00000002AE42|51
10.0087912088|7|14.542|9.469|00000002B1E6|51
11.7144694534|2|11.714|0.000|00000002B1F8|51
