32.172972973|3|31.170|2.012|000000018CCA|51
18.9348066298|5|27.864|83.571|000000018CCD|51
48.2493506494|2|48.249|0.000|000000018CD0|51
14.3421686747|3|20.752|82.184|000000018CD2|51
23.1896103896|2|23.190|0.000|000000018CD4|51
46.1164556962|3|41.119|49.943|000000018CD7|51
35.0307692308|4|33.637|10.744|000000018CDB|51
11.4566037736|7|24.865|118.008|000000018CDD|51
34.0844036697|3|30.195|30.254|000000018CE2|51
26.0671532847|2|26.067|0.000|000000018CE3|51
26.728057554|3|29.562|16.057|000000018CED|51
20.0175824176|2|20.018|0.000|000000018CEE|51
30.6151260504|2|30.615|0.000|000000018CF4|51
30.5230769231|2|30.523|0.000|000000018CFC|51
11.3495327103|5|25.229|138.049|00000001A07A|51
22.7464968153|5|27.288|54.073|00000001A07D|51
12.6062283737|4|21.573|101.414|00000001A084|51
28.8|3|29.700|28.897|00000001A089|51
34.0844036697|6|30.608|68.054|00000001A08C|51
44.4292682927|3|41.385|18.535|00000001A09E|51
29.3806451613|3|29.622|0.117|00000001A0A4|51
27.1880597015|3|30.779|25.783|00000001A0A5|51
32.5285714286|7|33.156|21.745|00000001CC32|51
28.1454545455|3|30.775|13.825|00000001CC48|51
19.8|1|19.800|0.000|00000002AF97|51
15.1170124481|3|14.485|0.799|00000002AF9A|51
24.2823529412|2|24.282|0.000|00000002AF9C|51
19.9081967213|2|19.908|0.000|00000002AF9F|51
16.3068493151|2|16.307|0.000|00000002AFA1|51
