33.1714285714|2|33.171|0.000|0000000182D5|51
37.9914893617|4|35.392|13.643|0000000182DA|51
33.423853211|6|31.122|91.631|0000000182DF|51
44.1707865169|2|44.171|0.000|0000000182E7|51
34.0485981308|2|34.049|0.000|0000000182EB|51
28.4625|5|33.018|67.391|0000000182EC|51
28.1196850394|3|29.817|5.760|0000000182EE|51
32.2615384615|4|31.797|1.444|0000000182F2|51
41.875862069|2|41.876|0.000|0000000182F5|51
26.5927007299|3|32.355|66.420|0000000182F6|51
38.8173913043|2|38.817|0.000|0000000182FC|51
34.0485981308|2|34.049|0.000|000000018301|51
41.875862069|2|41.876|0.000|000000018304|51
36.8|3|38.750|7.605|0000000195E5|51
32.7633027523|5|32.079|9.245|0000000195F4|51
31.1384615385|3|29.303|6.741|000000019603|51
37.9914893617|3|36.076|7.338|000000019605|51
26.2100719424|4|30.268|41.267|00000001AA41|51
30.7816513761|3|30.776|0.000|00000001AA56|51
11.9058823529|7|25.989|88.323|00000001AA61|51
11.3614678899|3|14.021|14.150|00000002AD86|51
13.364028777|2|13.364|0.000|00000002AD88|51
12.65|3|15.870|5.668|00000002AD89|51
13.4435424354|2|13.444|0.000|00000002AD8A|51
17.3359223301|2|17.336|0.000|00000002AD8B|51
17.1042253521|2|17.104|0.000|00000002AD8F|51
