15.3721518987|8|33.675|161.730|000000018282|51
40.5278350515|2|40.528|0.000|00000001828B|51
29.862295082|5|28.030|23.418|00000001828E|51
31.1384615385|3|29.272|6.969|000000018291|51
23.9684210526|5|28.312|34.850|000000018294|51
23.3142857143|3|23.431|0.027|000000018295|51
41.0482758621|3|35.320|65.618|000000018297|51
32.0275862069|4|31.787|1.429|000000018299|51
20.8842105263|3|24.488|25.975|00000001829C|51
35.0117647059|2|35.012|0.000|00000001829F|51
35.0307692308|2|35.031|0.000|0000000182A2|51
32.5894736842|2|32.589|0.000|0000000182A3|51
31.9578947368|2|31.958|0.000|0000000182A4|51
40.3826086957|3|34.437|70.693|0000000182AD|51
24.8|3|29.322|17.389|0000000182B1|51
39.6|2|38.513|1.182|0000000182B4|51
35.6936170213|3|35.134|0.627|0000000182B6|51
30.6151260504|3|28.495|8.987|0000000182B9|51
36.8164948454|2|36.816|0.000|0000000182BC|51
31.2201680672|3|28.873|11.016|0000000195A3|51
31.8857142857|6|27.730|60.523|0000000195A6|51
21.2497297297|5|23.895|72.798|0000000195BA|51
13.2192|5|33.174|112.366|0000000195C5|51
12.1846153846|8|28.168|102.029|00000001AA14|51
32.0299065421|7|32.164|20.897|00000001AA18|51
19.3787234043|3|18.491|1.574|00000002B15C|51
