10.0363636364|6|24.517|120.740|000000018DDA|51
11.6025477707|5|23.007|88.856|000000018DE9|51
29.862295082|4|32.802|34.735|000000018DEA|51
32.5285714286|4|31.026|73.985|000000018DEB|51
24.7836734694|4|25.784|18.044|000000018DEF|51
31.7538461538|2|31.754|0.000|000000018DF2|51
24.1271523179|5|29.701|62.956|000000018DF3|51
24.4510067114|4|29.992|45.100|000000018DF6|51
34.0844036697|5|30.535|10.684|000000018DFD|51
10.0314606742|3|15.200|53.437|000000018E00|51
28.2418604651|2|28.242|0.000|000000018E02|51
12.1883959044|3|17.703|60.811|000000018E04|51
30.6151260504|3|28.415|9.678|000000018E06|51
17.9467980296|2|17.947|0.000|000000018E09|51
22.3509202454|3|27.047|44.105|000000018E0A|51
36.4695652174|3|32.992|24.192|000000018E0B|51
22.9132075472|2|22.913|0.000|000000018E0C|51
29.9571428571|2|29.957|0.000|000000018E14|51
28.8|2|29.047|0.061|000000018E15|51
26.7882352941|3|26.853|0.008|000000018E16|51
26.2100719424|2|26.210|0.000|000000018E1A|51
28.6866141732|2|28.687|0.000|000000018E1B|51
25.6563380282|2|25.656|0.000|000000018E1D|51
23.3538461538|2|23.354|0.000|000000018E1E|51
30.4524590164|3|33.761|21.894|000000018E1F|51
27.6|1|27.600|0.000|000000018E21|51
29.3806451613|2|29.381|0.000|000000018E2A|51
26.0671532847|4|27.074|9.900|00000001A1C4|51
20.1913043478|3|25.932|65.918|00000001A1CB|51
26.5927007299|3|30.211|26.190|00000001A1CF|51
33.6|2|32.206|1.944|00000001A1D1|51
24.1246753247|5|29.643|33.089|00000001A1D4|51
10.621574344|4|18.482|73.281|00000001A1E4|51
26.2588235294|3|27.845|5.034|00000001A1EE|51
23.6636942675|5|25.460|104.587|00000001A200|51
25.6563380282|3|29.290|26.406|00000001A201|51
11.1252336449|5|25.851|190.458|00000001A203|51
26.1633802817|3|29.066|16.845|00000001A204|51
26.5927007299|3|29.494|16.835|00000001A208|51
29.862295082|3|29.520|0.235|00000001A209|51
15.7714285714|4|22.394|62.452|00000001B755|51
27.1880597015|5|30.494|28.461|00000001B782|51
26.0671532847|8|28.223|65.855|00000001E586|51
10.56|1|10.560|0.000|000000024A02|51
11.2301886792|2|11.230|0.000|00000002AFD6|51
11.984516129|3|11.500|0.470|00000002AFDE|51
12.0237623762|2|12.024|0.000|00000002AFDF|51
15.9789473684|3|14.979|2.000|00000002AFE0|51
19.3787234043|2|19.379|0.000|00000002AFE1|51
11.7569620253|2|11.757|0.000|00000002AFE6|51
18.587755102|6|16.964|8.902|00000002B390|51
15.1322033898|4|14.743|0.173|00000002B3A1|51
10.6838709677|3|12.686|8.014|00000002B3B2|51
15.6360515021|4|15.830|12.583|00000002B7D8|51
