10.2625352113|6|22.802|94.499|00000001910F|51
11.1754601227|7|25.617|116.988|000000019118|51
18.975|3|26.121|27.725|00000001911B|51
11.04|6|21.084|104.744|00000001911D|51
18.7793814433|3|22.990|35.462|00000001911F|51
19.621978022|3|24.026|38.797|000000019121|51
21.1813953488|4|25.570|29.291|000000019123|51
20.0175824176|2|20.018|0.000|000000019124|51
11.5291139241|8|23.755|121.751|000000019128|51
14.1154150198|6|26.855|104.456|00000001912A|51
19.7303867403|6|23.053|35.806|00000001912D|51
18.4934010152|3|18.762|0.145|000000019131|51
16.8524017467|3|21.750|47.977|000000019133|51
23.9684210526|5|32.281|58.505|000000019136|51
20.8842105263|5|33.623|135.751|000000019137|51
20.0175824176|5|29.249|107.882|000000019139|51
20.1762711864|4|29.761|92.147|00000001913B|51
18.3075376884|4|30.822|169.763|00000001913C|51
14.5763265306|2|14.576|0.000|000000019142|51
21.2571428571|4|28.495|53.408|000000019147|51
20.6427745665|4|23.481|40.565|00000001914D|51
19.2761904762|3|24.189|48.266|00000001914F|51
20.4131868132|3|27.068|88.580|000000019150|51
11.8671009772|7|23.841|98.464|000000019151|51
20.3530726257|4|27.068|148.920|000000019152|51
20.1913043478|2|20.191|0.000|000000019153|51
17.8588235294|2|17.859|0.000|000000019154|51
15.8017699115|2|15.802|0.000|000000019157|51
18.4934010152|4|26.624|114.545|000000019158|51
20.5830508475|3|26.701|74.858|000000019159|51
17.4315789474|3|16.067|3.722|00000001915A|51
21.5547169811|2|21.555|0.000|00000001915E|51
20.7|3|24.768|33.093|00000001915F|51
21.6|2|28.189|43.411|000000019162|51
17.1849056604|2|17.185|0.000|000000019164|51
15.4372881356|2|15.437|0.000|000000019168|51
22.6536585366|2|22.654|0.000|00000001916D|51
23.2050955414|3|24.063|1.472|000000019170|51
23.2050955414|2|23.205|0.000|000000019173|51
21.1313609467|2|21.131|0.000|000000019179|51
19.35|2|35.353|256.100|00000001A571|51
22.9333333333|5|23.829|10.602|00000001A572|51
10.5294797688|6|22.416|137.881|00000001A574|51
19.2|4|25.134|55.570|00000001A589|51
20.3016393443|3|25.305|50.071|00000001A58A|51
10.9405405405|7|25.542|133.095|00000001A58B|51
19.4823529412|6|25.265|48.577|00000001A58E|51
17.9457286432|3|23.090|52.925|00000001A593|51
18.0356435644|5|29.694|93.341|00000001A594|51
20.4131868132|4|20.479|53.785|00000001A59A|51
19.8|5|37.677|123.517|00000001A59D|51
14.3433070866|3|19.635|56.010|00000001A5AA|51
18.697382199|3|26.682|127.495|00000001A5B5|51
20.0175824176|4|28.321|99.994|00000001BB0E|51
15.947107438|5|27.094|102.762|00000001BB15|51
15.7034482759|4|24.737|120.381|00000001BB37|51
14.3433070866|2|14.343|0.000|00000002B084|51
17.5058823529|4|17.171|5.351|00000002B08D|51
18.1253731343|3|18.321|0.077|00000002B08E|51
12.7831578947|2|12.783|0.000|00000002B091|51
12.6798634812|2|12.680|0.000|00000002B096|51
13.2213523132|2|13.221|0.000|00000002B098|51
14.4|3|15.067|0.868|00000002B44F|51
21.3844311377|4|17.197|18.607|00000002BD40|51
